1e+08	0	3e+07
1.00472e+08	0	2.99846e+07
1.00717e+08	0	2.99586e+07
1.00819e+08	0	2.99279e+07
1.00813e+08	0	2.98948e+07
1.00725e+08	0	2.98598e+07
1.00568e+08	0	2.98226e+07
1.00356e+08	0	2.97845e+07
1.00091e+08	0	2.97446e+07
9.97844e+07	0	2.97039e+07
9.94435e+07	0	2.96625e+07
9.90678e+07	0	2.96201e+07
9.86603e+07	0	2.95767e+07
9.8229e+07	0	2.95329e+07
9.77711e+07	0	2.94881e+07
9.72944e+07	0	2.9443e+07
9.6801e+07	0	2.93976e+07
9.62871e+07	0	2.93513e+07
9.57536e+07	0	2.93043e+07
9.52081e+07	0	2.9257e+07
9.46523e+07	0	2.92095e+07
9.40872e+07	0	2.91619e+07
9.35074e+07	0	2.91135e+07
9.29202e+07	0	2.9065e+07
9.23201e+07	0	2.90158e+07
9.17143e+07	0	2.89664e+07
9.11037e+07	0	2.8917e+07
9.0489e+07	0	2.88675e+07
8.9864e+07	0	2.88174e+07
8.9236e+07	0	2.87671e+07
8.86058e+07	0	2.87169e+07
8.79668e+07	0	2.8666e+07
8.73264e+07	0	2.86151e+07
8.66851e+07	0	2.85642e+07
8.60434e+07	0	2.85132e+07
8.54016e+07	0	2.84622e+07
8.47531e+07	0	2.84107e+07
8.41051e+07	0	2.83592e+07
8.34581e+07	0	2.83076e+07
8.28121e+07	0	2.82561e+07
8.21608e+07	0	2.82041e+07
8.15112e+07	0	2.81521e+07
8.08635e+07	0	2.81001e+07
8.0218e+07	0	2.80481e+07
7.95749e+07	0	2.79962e+07
7.89275e+07	0	2.79438e+07
7.82898e+07	0	2.7892e+07
7.76481e+07	0	2.78397e+07
7.70096e+07	0	2.77874e+07
7.63744e+07	0	2.77352e+07
7.57424e+07	0	2.76831e+07
7.51074e+07	0	2.76305e+07
7.44827e+07	0	2.75785e+07
7.38552e+07	0	2.7526e+07
7.32315e+07	0	2.74737e+07
7.26118e+07	0	2.74214e+07
7.19961e+07	0	2.73691e+07
7.13847e+07	0	2.7317e+07
7.07773e+07	0	2.7265e+07
7.01741e+07	0	2.7213e+07
6.95692e+07	0	2.71606e+07
6.89685e+07	0	2.71083e+07
6.83785e+07	0	2.70567e+07
6.77869e+07	0	2.70046e+07
6.71998e+07	0	2.69526e+07
6.66173e+07	0	2.69007e+07
6.60393e+07	0	2.68489e+07
6.54601e+07	0	2.67967e+07
6.48917e+07	0	2.67451e+07
6.43278e+07	0	2.66936e+07
6.37628e+07	0	2.66417e+07
6.32083e+07	0	2.65905e+07
6.2653e+07	0	2.65388e+07
6.21023e+07	0	2.64873e+07
6.15564e+07	0	2.64359e+07
6.10209e+07	0	2.63851e+07
6.04847e+07	0	2.63339e+07
5.99532e+07	0	2.62828e+07
5.94265e+07	0	2.62319e+07
5.88993e+07	0	2.61806e+07
5.83823e+07	0	2.61299e+07
5.787e+07	0	2.60793e+07
5.73622e+07	0	2.60288e+07
5.68543e+07	0	2.5978e+07
5.63561e+07	0	2.59278e+07
5.58576e+07	0	2.58772e+07
5.53688e+07	0	2.58272e+07
5.48798e+07	0	2.57769e+07
5.43953e+07	0	2.57267e+07
5.39205e+07	0	2.56771e+07
5.34456e+07	0	2.56271e+07
5.29751e+07	0	2.55773e+07
5.25092e+07	0	2.55276e+07
5.20479e+07	0	2.5478e+07
5.15911e+07	0	2.54286e+07
5.11389e+07	0	2.53793e+07
5.06912e+07	0	2.53301e+07
5.02479e+07	0	2.52811e+07
4.98092e+07	0	2.52322e+07
4.93749e+07	0	2.51834e+07
4.89449e+07	0	2.51347e+07
4.85191e+07	0	2.50862e+07
4.80975e+07	0	2.50378e+07
4.7676e+07	0	2.4989e+07
4.72633e+07	0	2.49409e+07
4.68546e+07	0	2.48929e+07
4.64455e+07	0	2.48445e+07
4.60455e+07	0	2.47968e+07
4.56491e+07	0	2.47492e+07
4.52528e+07	0	2.47012e+07
4.48647e+07	0	2.46539e+07
4.44762e+07	0	2.46061e+07
4.40964e+07	0	2.45591e+07
4.37158e+07	0	2.45116e+07
4.33438e+07	0	2.44648e+07
4.29712e+07	0	2.44176e+07
4.26066e+07	0	2.4371e+07
4.2242e+07	0	2.43241e+07
4.18843e+07	0	2.42778e+07
4.15278e+07	0	2.42311e+07
4.11742e+07	0	2.41846e+07
4.08278e+07	0	2.41386e+07
4.04822e+07	0	2.40924e+07
4.01396e+07	0	2.40462e+07
3.98036e+07	0	2.40006e+07
3.9469e+07	0	2.39548e+07
3.91373e+07	0	2.3909e+07
3.88085e+07	0	2.38634e+07
3.84865e+07	0	2.38183e+07
3.81657e+07	0	2.37729e+07
3.78478e+07	0	2.37277e+07
3.75328e+07	0	2.36826e+07
3.72208e+07	0	2.36375e+07
3.69153e+07	0	2.35931e+07
3.66111e+07	0	2.35484e+07
3.63097e+07	0	2.35037e+07
3.60112e+07	0	2.34592e+07
3.57155e+07	0	2.34148e+07
3.54226e+07	0	2.33706e+07
3.51326e+07	0	2.33264e+07
3.48485e+07	0	2.32828e+07
3.45661e+07	0	2.32389e+07
3.42864e+07	0	2.31952e+07
3.40095e+07	0	2.31516e+07
3.37353e+07	0	2.31081e+07
3.34638e+07	0	2.30646e+07
3.3195e+07	0	2.30214e+07
3.29289e+07	0	2.29782e+07
3.26655e+07	0	2.29351e+07
3.24047e+07	0	2.28922e+07
3.21466e+07	0	2.28494e+07
3.1891e+07	0	2.28066e+07
3.16381e+07	0	2.2764e+07
3.13878e+07	0	2.27216e+07
3.114e+07	0	2.26792e+07
3.08947e+07	0	2.26369e+07
3.0652e+07	0	2.25948e+07
3.04118e+07	0	2.25528e+07
3.0174e+07	0	2.25109e+07
2.99387e+07	0	2.24691e+07
2.97058e+07	0	2.24274e+07
2.94754e+07	0	2.23858e+07
2.92473e+07	0	2.23443e+07
2.90216e+07	0	2.2303e+07
2.87982e+07	0	2.22618e+07
2.85772e+07	0	2.22207e+07
2.83585e+07	0	2.21797e+07
2.81421e+07	0	2.21388e+07
2.79279e+07	0	2.2098e+07
2.77159e+07	0	2.20573e+07
2.75062e+07	0	2.20168e+07
2.72987e+07	0	2.19763e+07
2.70934e+07	0	2.1936e+07
2.68902e+07	0	2.18958e+07
2.66891e+07	0	2.18557e+07
2.64902e+07	0	2.18157e+07
2.62933e+07	0	2.17758e+07
2.60985e+07	0	2.1736e+07
2.59057e+07	0	2.16963e+07
2.5715e+07	0	2.16568e+07
2.55263e+07	0	2.16173e+07
2.53395e+07	0	2.1578e+07
2.51547e+07	0	2.15387e+07
2.49719e+07	0	2.14996e+07
2.47909e+07	0	2.14606e+07
2.46119e+07	0	2.14217e+07
2.44347e+07	0	2.13829e+07
2.42594e+07	0	2.13442e+07
2.4086e+07	0	2.13056e+07
2.39143e+07	0	2.12671e+07
2.37445e+07	0	2.12287e+07
2.35764e+07	0	2.11904e+07
2.34101e+07	0	2.11523e+07
2.32455e+07	0	2.11142e+07
2.30826e+07	0	2.10762e+07
2.29214e+07	0	2.10384e+07
2.27619e+07	0	2.10006e+07
2.26041e+07	0	2.0963e+07
2.24479e+07	0	2.09254e+07
2.22934e+07	0	2.0888e+07
2.21404e+07	0	2.08506e+07
2.1989e+07	0	2.08134e+07
2.18392e+07	0	2.07762e+07
2.1691e+07	0	2.07392e+07
2.15442e+07	0	2.07022e+07
2.1399e+07	0	2.06654e+07
2.12553e+07	0	2.06287e+07
2.11131e+07	0	2.0592e+07
2.09724e+07	0	2.05555e+07
2.0833e+07	0	2.0519e+07
2.06952e+07	0	2.04827e+07
2.05587e+07	0	2.04464e+07
2.04236e+07	0	2.04102e+07
2.029e+07	0	2.03742e+07
2.01577e+07	0	2.03382e+07
2.00267e+07	0	2.03023e+07
1.98971e+07	0	2.02666e+07
1.97688e+07	0	2.02309e+07
1.96418e+07	0	2.01953e+07
1.95161e+07	0	2.01598e+07
1.93917e+07	0	2.01244e+07
1.92685e+07	0	2.00891e+07
1.91466e+07	0	2.00539e+07
1.90259e+07	0	2.00188e+07
1.89064e+07	0	1.99838e+07
1.87882e+07	0	1.99488e+07
1.86711e+07	0	1.9914e+07
1.85552e+07	0	1.98792e+07
1.84405e+07	0	1.98446e+07
1.83269e+07	0	1.981e+07
1.82145e+07	0	1.97755e+07
1.81032e+07	0	1.97412e+07
1.7993e+07	0	1.97069e+07
1.78839e+07	0	1.96727e+07
1.77759e+07	0	1.96385e+07
1.76689e+07	0	1.96045e+07
1.75631e+07	0	1.95706e+07
1.74583e+07	0	1.95367e+07
1.73545e+07	0	1.95029e+07
1.72517e+07	0	1.94693e+07
1.715e+07	0	1.94357e+07
1.70493e+07	0	1.94022e+07
1.69495e+07	0	1.93687e+07
1.68508e+07	0	1.93354e+07
1.6753e+07	0	1.93021e+07
1.66562e+07	0	1.9269e+07
1.65603e+07	0	1.92359e+07
1.64653e+07	0	1.92029e+07
1.63713e+07	0	1.917e+07
1.62782e+07	0	1.91372e+07
1.61861e+07	0	1.91044e+07
1.60948e+07	0	1.90718e+07
1.60044e+07	0	1.90392e+07
1.59149e+07	0	1.90067e+07
1.58262e+07	0	1.89743e+07
1.57384e+07	0	1.89419e+07
1.56515e+07	0	1.89097e+07
1.55654e+07	0	1.88775e+07
1.54801e+07	0	1.88454e+07
1.53956e+07	0	1.88134e+07
1.5312e+07	0	1.87815e+07
1.52291e+07	0	1.87496e+07
1.51471e+07	0	1.87179e+07
1.50658e+07	0	1.86862e+07
1.49854e+07	0	1.86546e+07
1.49056e+07	0	1.8623e+07
1.48267e+07	0	1.85916e+07
1.47485e+07	0	1.85602e+07
1.4671e+07	0	1.85289e+07
1.45943e+07	0	1.84977e+07
1.45183e+07	0	1.84665e+07
1.44431e+07	0	1.84354e+07
1.43685e+07	0	1.84045e+07
1.42946e+07	0	1.83735e+07
1.42215e+07	0	1.83427e+07
1.4149e+07	0	1.83119e+07
1.40772e+07	0	1.82812e+07
1.40061e+07	0	1.82506e+07
1.39357e+07	0	1.82201e+07
1.38659e+07	0	1.81896e+07
1.37967e+07	0	1.81592e+07
1.37283e+07	0	1.81289e+07
1.36604e+07	0	1.80987e+07
1.35932e+07	0	1.80685e+07
1.35266e+07	0	1.80384e+07
1.34607e+07	0	1.80084e+07
1.33953e+07	0	1.79784e+07
1.33306e+07	0	1.79485e+07
1.32664e+07	0	1.79187e+07
1.32029e+07	0	1.7889e+07
1.31399e+07	0	1.78593e+07
1.30775e+07	0	1.78297e+07
1.30157e+07	0	1.78002e+07
1.29545e+07	0	1.77707e+07
1.28938e+07	0	1.77414e+07
1.28337e+07	0	1.7712e+07
1.27741e+07	0	1.76828e+07
1.27151e+07	0	1.76536e+07
1.26566e+07	0	1.76245e+07
1.25987e+07	0	1.75955e+07
1.25413e+07	0	1.75665e+07
1.24844e+07	0	1.75376e+07
1.2428e+07	0	1.75088e+07
1.23722e+07	0	1.748e+07
1.23168e+07	0	1.74513e+07
1.2262e+07	0	1.74227e+07
1.22076e+07	0	1.73941e+07
1.21538e+07	0	1.73656e+07
1.21004e+07	0	1.73372e+07
1.20475e+07	0	1.73088e+07
1.19951e+07	0	1.72806e+07
1.19432e+07	0	1.72523e+07
1.18917e+07	0	1.72242e+07
1.18407e+07	0	1.71961e+07
1.17902e+07	0	1.7168e+07
1.17401e+07	0	1.71401e+07
1.16905e+07	0	1.71122e+07
1.16413e+07	0	1.70843e+07
1.15925e+07	0	1.70565e+07
1.15442e+07	0	1.70288e+07
1.14964e+07	0	1.70012e+07
1.14489e+07	0	1.69736e+07
1.14019e+07	0	1.69461e+07
1.13553e+07	0	1.69186e+07
1.13091e+07	0	1.68912e+07
1.12633e+07	0	1.68639e+07
1.12179e+07	0	1.68366e+07
1.1173e+07	0	1.68094e+07
1.11284e+07	0	1.67823e+07
1.10842e+07	0	1.67552e+07
1.10405e+07	0	1.67282e+07
1.09971e+07	0	1.67012e+07
1.09541e+07	0	1.66743e+07
1.09114e+07	0	1.66475e+07
1.08692e+07	0	1.66207e+07
1.08273e+07	0	1.6594e+07
1.07858e+07	0	1.65673e+07
1.07447e+07	0	1.65407e+07
1.07039e+07	0	1.65142e+07
1.06635e+07	0	1.64877e+07
1.06234e+07	0	1.64613e+07
1.05837e+07	0	1.64349e+07
1.05444e+07	0	1.64086e+07
1.05054e+07	0	1.63824e+07
1.04667e+07	0	1.63562e+07
1.04284e+07	0	1.63301e+07
1.03904e+07	0	1.6304e+07
1.03527e+07	0	1.6278e+07
1.03154e+07	0	1.62521e+07
1.02784e+07	0	1.62262e+07
1.02417e+07	0	1.62004e+07
1.02053e+07	0	1.61746e+07
1.01693e+07	0	1.61489e+07
1.01336e+07	0	1.61232e+07
1.00982e+07	0	1.60976e+07
1.00631e+07	0	1.6072e+07
1.00283e+07	0	1.60465e+07
9.99378e+06	0	1.60211e+07
9.95959e+06	0	1.59957e+07
9.92569e+06	0	1.59704e+07
9.8921e+06	0	1.59451e+07
9.85879e+06	0	1.59199e+07
9.82578e+06	0	1.58947e+07
9.79305e+06	0	1.58696e+07
9.76061e+06	0	1.58446e+07
9.72845e+06	0	1.58196e+07
9.69657e+06	0	1.57946e+07
9.66496e+06	0	1.57698e+07
9.63363e+06	0	1.57449e+07
9.60258e+06	0	1.57201e+07
9.57179e+06	0	1.56954e+07
9.54127e+06	0	1.56707e+07
9.51102e+06	0	1.56461e+07
9.48103e+06	0	1.56215e+07
9.4513e+06	0	1.5597e+07
9.42182e+06	0	1.55726e+07
9.39261e+06	0	1.55482e+07
9.36364e+06	0	1.55238e+07
9.33493e+06	0	1.54995e+07
9.30647e+06	0	1.54752e+07
9.27825e+06	0	1.5451e+07
9.25028e+06	0	1.54269e+07
9.22256e+06	0	1.54028e+07
9.19507e+06	0	1.53787e+07
9.16782e+06	0	1.53548e+07
9.14081e+06	0	1.53308e+07
9.11403e+06	0	1.53069e+07
9.08749e+06	0	1.52831e+07
9.06117e+06	0	1.52593e+07
9.03509e+06	0	1.52355e+07
9.00923e+06	0	1.52118e+07
8.98359e+06	0	1.51882e+07
8.95818e+06	0	1.51646e+07
8.93299e+06	0	1.51411e+07
8.90802e+06	0	1.51176e+07
8.88326e+06	0	1.50941e+07
8.85872e+06	0	1.50707e+07
8.8344e+06	0	1.50474e+07
8.81028e+06	0	1.50241e+07
8.78638e+06	0	1.50008e+07
8.76268e+06	0	1.49776e+07
8.7392e+06	0	1.49545e+07
8.71591e+06	0	1.49314e+07
8.69283e+06	0	1.49083e+07
8.66995e+06	0	1.48853e+07
8.64727e+06	0	1.48624e+07
8.62479e+06	0	1.48394e+07
8.6025e+06	0	1.48166e+07
8.58041e+06	0	1.47938e+07
8.55852e+06	0	1.4771e+07
8.53681e+06	0	1.47483e+07
8.5153e+06	0	1.47256e+07
8.49397e+06	0	1.4703e+07
8.47283e+06	0	1.46804e+07
8.45188e+06	0	1.46578e+07
8.43111e+06	0	1.46354e+07
8.41053e+06	0	1.46129e+07
8.39012e+06	0	1.45905e+07
8.3699e+06	0	1.45682e+07
8.34985e+06	0	1.45458e+07
8.32998e+06	0	1.45236e+07
8.31029e+06	0	1.45014e+07
8.29077e+06	0	1.44792e+07
8.27142e+06	0	1.44571e+07
8.25224e+06	0	1.4435e+07
8.23324e+06	0	1.4413e+07
8.2144e+06	0	1.4391e+07
8.19573e+06	0	1.4369e+07
8.17723e+06	0	1.43471e+07
8.15889e+06	0	1.43253e+07
8.14072e+06	0	1.43034e+07
8.12271e+06	0	1.42817e+07
8.10486e+06	0	1.42599e+07
8.08717e+06	0	1.42383e+07
8.06964e+06	0	1.42166e+07
8.05226e+06	0	1.4195e+07
8.03505e+06	0	1.41735e+07
8.01798e+06	0	1.4152e+07
8.00107e+06	0	1.41305e+07
7.98432e+06	0	1.41091e+07
7.96771e+06	0	1.40877e+07
7.95126e+06	0	1.40664e+07
7.93496e+06	0	1.40451e+07
7.9188e+06	0	1.40238e+07
7.90279e+06	0	1.40026e+07
7.88693e+06	0	1.39814e+07
7.87121e+06	0	1.39603e+07
7.85564e+06	0	1.39392e+07
7.84021e+06	0	1.39182e+07
7.82492e+06	0	1.38972e+07
7.80977e+06	0	1.38762e+07
7.79476e+06	0	1.38553e+07
7.77989e+06	0	1.38344e+07
7.76516e+06	0	1.38136e+07
7.75056e+06	0	1.37928e+07
7.73611e+06	0	1.3772e+07
7.72178e+06	0	1.37513e+07
7.70759e+06	0	1.37307e+07
7.69353e+06	0	1.371e+07
7.67961e+06	0	1.36894e+07
7.66581e+06	0	1.36689e+07
7.65215e+06	0	1.36484e+07
7.63861e+06	0	1.36279e+07
7.6252e+06	0	1.36075e+07
7.61192e+06	0	1.35871e+07
7.59877e+06	0	1.35667e+07
7.58574e+06	0	1.35464e+07
7.57284e+06	0	1.35261e+07
7.56006e+06	0	1.35059e+07
7.5474e+06	0	1.34857e+07
7.53487e+06	0	1.34656e+07
7.52246e+06	0	1.34454e+07
7.51016e+06	0	1.34254e+07
7.49799e+06	0	1.34053e+07
7.48594e+06	0	1.33853e+07
7.474e+06	0	1.33654e+07
7.46218e+06	0	1.33454e+07
7.45048e+06	0	1.33256e+07
7.43889e+06	0	1.33057e+07
7.42742e+06	0	1.32859e+07
7.41606e+06	0	1.32661e+07
7.40481e+06	0	1.32464e+07
7.39368e+06	0	1.32267e+07
7.38266e+06	0	1.32071e+07
7.37175e+06	0	1.31874e+07
7.36095e+06	0	1.31679e+07
7.35026e+06	0	1.31483e+07
7.33968e+06	0	1.31288e+07
7.32921e+06	0	1.31093e+07
7.31885e+06	0	1.30899e+07
7.30859e+06	0	1.30705e+07
7.29843e+06	0	1.30511e+07
7.28839e+06	0	1.30318e+07
7.27845e+06	0	1.30125e+07
7.26861e+06	0	1.29933e+07
7.25887e+06	0	1.29741e+07
7.24924e+06	0	1.29549e+07
7.23971e+06	0	1.29357e+07
7.23028e+06	0	1.29166e+07
7.22095e+06	0	1.28976e+07
7.21173e+06	0	1.28785e+07
7.2026e+06	0	1.28595e+07
7.19357e+06	0	1.28406e+07
7.18464e+06	0	1.28216e+07
7.1758e+06	0	1.28028e+07
7.16707e+06	0	1.27839e+07
7.15843e+06	0	1.27651e+07
7.14988e+06	0	1.27463e+07
7.14143e+06	0	1.27275e+07
7.13308e+06	0	1.27088e+07
7.12482e+06	0	1.26901e+07
7.11665e+06	0	1.26715e+07
7.10858e+06	0	1.26529e+07
7.1006e+06	0	1.26343e+07
7.09271e+06	0	1.26158e+07
7.08491e+06	0	1.25973e+07
7.0772e+06	0	1.25788e+07
7.06959e+06	0	1.25603e+07
7.06206e+06	0	1.25419e+07
7.05462e+06	0	1.25236e+07
7.04727e+06	0	1.25052e+07
7.04001e+06	0	1.24869e+07
7.03283e+06	0	1.24687e+07
7.02574e+06	0	1.24504e+07
7.01874e+06	0	1.24322e+07
7.01183e+06	0	1.2414e+07
7.005e+06	0	1.23959e+07
6.99825e+06	0	1.23778e+07
6.99159e+06	0	1.23597e+07
6.98502e+06	0	1.23417e+07
6.97853e+06	0	1.23237e+07
6.97212e+06	0	1.23057e+07
6.96579e+06	0	1.22878e+07
6.95954e+06	0	1.22699e+07
6.95338e+06	0	1.2252e+07
6.9473e+06	0	1.22342e+07
6.9413e+06	0	1.22164e+07
6.93538e+06	0	1.21986e+07
6.92954e+06	0	1.21808e+07
6.92378e+06	0	1.21631e+07
6.91809e+06	0	1.21454e+07
6.91249e+06	0	1.21278e+07
6.90696e+06	0	1.21102e+07
6.90152e+06	0	1.20926e+07
6.89614e+06	0	1.2075e+07
6.89085e+06	0	1.20575e+07
6.88563e+06	0	1.204e+07
6.88049e+06	0	1.20226e+07
6.87542e+06	0	1.20051e+07
6.87043e+06	0	1.19878e+07
6.86552e+06	0	1.19704e+07
6.86067e+06	0	1.19531e+07
6.85591e+06	0	1.19358e+07
6.85121e+06	0	1.19185e+07
6.84659e+06	0	1.19012e+07
6.84204e+06	0	1.1884e+07
6.83757e+06	0	1.18669e+07
6.83316e+06	0	1.18497e+07
6.82883e+06	0	1.18326e+07
6.82457e+06	0	1.18155e+07
6.82038e+06	0	1.17984e+07
6.81626e+06	0	1.17814e+07
6.81221e+06	0	1.17644e+07
6.80823e+06	0	1.17475e+07
6.80432e+06	0	1.17305e+07
6.80048e+06	0	1.17136e+07
6.79671e+06	0	1.16967e+07
6.793e+06	0	1.16799e+07
6.78937e+06	0	1.16631e+07
6.7858e+06	0	1.16463e+07
6.7823e+06	0	1.16295e+07
6.77887e+06	0	1.16128e+07
6.7755e+06	0	1.15961e+07
6.7722e+06	0	1.15794e+07
6.76896e+06	0	1.15628e+07
6.76579e+06	0	1.15462e+07
6.76269e+06	0	1.15296e+07
6.75965e+06	0	1.1513e+07
6.75668e+06	0	1.14965e+07
6.75377e+06	0	1.148e+07
6.75093e+06	0	1.14636e+07
6.74814e+06	0	1.14471e+07
6.74543e+06	0	1.14307e+07
6.74277e+06	0	1.14143e+07
6.74018e+06	0	1.1398e+07
6.73765e+06	0	1.13817e+07
6.73519e+06	0	1.13654e+07
6.73278e+06	0	1.13491e+07
6.73044e+06	0	1.13329e+07
6.72816e+06	0	1.13166e+07
6.72594e+06	0	1.13005e+07
6.72378e+06	0	1.12843e+07
6.72168e+06	0	1.12682e+07
6.71964e+06	0	1.12521e+07
6.71766e+06	0	1.1236e+07
6.71574e+06	0	1.122e+07
6.71388e+06	0	1.1204e+07
6.71208e+06	0	1.1188e+07
6.71034e+06	0	1.1172e+07
6.70866e+06	0	1.11561e+07
6.70704e+06	0	1.11402e+07
6.70547e+06	0	1.11243e+07
6.70396e+06	0	1.11084e+07
6.70251e+06	0	1.10926e+07
6.70112e+06	0	1.10768e+07
6.69978e+06	0	1.1061e+07
6.6985e+06	0	1.10453e+07
6.69728e+06	0	1.10296e+07
6.69611e+06	0	1.10139e+07
6.695e+06	0	1.09982e+07
6.69395e+06	0	1.09826e+07
6.69295e+06	0	1.0967e+07
6.69201e+06	0	1.09514e+07
6.69112e+06	0	1.09358e+07
6.69029e+06	0	1.09203e+07
6.68951e+06	0	1.09048e+07
6.68878e+06	0	1.08893e+07
6.68811e+06	0	1.08739e+07
6.6875e+06	0	1.08585e+07
6.68693e+06	0	1.08431e+07
6.68643e+06	0	1.08277e+07
6.68597e+06	0	1.08123e+07
6.68557e+06	0	1.0797e+07
6.68522e+06	0	1.07817e+07
6.68492e+06	0	1.07664e+07
6.68467e+06	0	1.07512e+07
6.68448e+06	0	1.0736e+07
6.68434e+06	0	1.07208e+07
6.68425e+06	0	1.07056e+07
6.68421e+06	0	1.06905e+07
6.68423e+06	0	1.06754e+07
6.68429e+06	0	1.06603e+07
6.68441e+06	0	1.06452e+07
6.68457e+06	0	1.06302e+07
6.68479e+06	0	1.06151e+07
6.68506e+06	0	1.06002e+07
6.68537e+06	0	1.05852e+07
6.68574e+06	0	1.05702e+07
6.68616e+06	0	1.05553e+07
6.68662e+06	0	1.05404e+07
6.68714e+06	0	1.05256e+07
6.6877e+06	0	1.05107e+07
6.68832e+06	0	1.04959e+07
6.68898e+06	0	1.04811e+07
6.68969e+06	0	1.04663e+07
6.69045e+06	0	1.04516e+07
6.69125e+06	0	1.04369e+07
6.69211e+06	0	1.04222e+07
6.69301e+06	0	1.04075e+07
6.69396e+06	0	1.03929e+07
6.69496e+06	0	1.03782e+07
6.696e+06	0	1.03636e+07
6.69709e+06	0	1.03491e+07
6.69823e+06	0	1.03345e+07
6.69941e+06	0	1.032e+07
6.70064e+06	0	1.03055e+07
6.70192e+06	0	1.0291e+07
6.70325e+06	0	1.02766e+07
6.70462e+06	0	1.02621e+07
6.70603e+06	0	1.02477e+07
6.70749e+06	0	1.02333e+07
6.709e+06	0	1.0219e+07
6.71055e+06	0	1.02046e+07
6.71214e+06	0	1.01903e+07
6.71379e+06	0	1.0176e+07
6.71547e+06	0	1.01618e+07
6.7172e+06	0	1.01475e+07
6.71898e+06	0	1.01333e+07
6.7208e+06	0	1.01191e+07
6.72266e+06	0	1.01049e+07
6.72457e+06	0	1.00908e+07
6.72652e+06	0	1.00766e+07
6.72851e+06	0	1.00625e+07
6.73055e+06	0	1.00484e+07
6.73263e+06	0	1.00344e+07
6.73475e+06	0	1.00203e+07
6.73692e+06	0	1.00063e+07
6.73913e+06	0	9.99233e+06
6.74138e+06	0	9.97836e+06
6.74368e+06	0	9.96441e+06
6.74602e+06	0	9.95048e+06
6.7484e+06	0	9.93658e+06
6.75082e+06	0	9.9227e+06
6.75328e+06	0	9.90884e+06
6.75578e+06	0	9.895e+06
6.75833e+06	0	9.88119e+06
6.76092e+06	0	9.86739e+06
6.76355e+06	0	9.85362e+06
6.76622e+06	0	9.83988e+06
6.76893e+06	0	9.82615e+06
6.77168e+06	0	9.81244e+06
6.77448e+06	0	9.79876e+06
6.77731e+06	0	9.7851e+06
6.78018e+06	0	9.77146e+06
6.7831e+06	0	9.75784e+06
6.78605e+06	0	9.74425e+06
6.78905e+06	0	9.73067e+06
6.79208e+06	0	9.71712e+06
6.79515e+06	0	9.70359e+06
6.79827e+06	0	9.69008e+06
6.80142e+06	0	9.67659e+06
6.80461e+06	0	9.66313e+06
6.80784e+06	0	9.64968e+06
6.81112e+06	0	9.63626e+06
6.81442e+06	0	9.62285e+06
6.81777e+06	0	9.60947e+06
6.82116e+06	0	9.59611e+06
6.82458e+06	0	9.58277e+06
6.82805e+06	0	9.56945e+06
6.83155e+06	0	9.55616e+06
6.83509e+06	0	9.54288e+06
6.83867e+06	0	9.52962e+06
6.84228e+06	0	9.51639e+06
6.84594e+06	0	9.50317e+06
6.84963e+06	0	9.48998e+06
6.85336e+06	0	9.47681e+06
6.85712e+06	0	9.46366e+06
6.86092e+06	0	9.45052e+06
6.86476e+06	0	9.43741e+06
6.86864e+06	0	9.42432e+06
6.87256e+06	0	9.41125e+06
6.87651e+06	0	9.3982e+06
6.88049e+06	0	9.38517e+06
6.88452e+06	0	9.37216e+06
6.88858e+06	0	9.35918e+06
6.89267e+06	0	9.34621e+06
6.8968e+06	0	9.33326e+06
6.90097e+06	0	9.32033e+06
6.90518e+06	0	9.30742e+06
6.90942e+06	0	9.29453e+06
6.91369e+06	0	9.28167e+06
6.918e+06	0	9.26882e+06
6.92235e+06	0	9.25599e+06
6.92673e+06	0	9.24318e+06
6.93115e+06	0	9.23039e+06
6.9356e+06	0	9.21762e+06
6.94008e+06	0	9.20487e+06
6.94461e+06	0	9.19215e+06
6.94916e+06	0	9.17944e+06
6.95375e+06	0	9.16675e+06
6.95838e+06	0	9.15407e+06
6.96304e+06	0	9.14142e+06
6.96773e+06	0	9.12879e+06
6.97246e+06	0	9.11618e+06
6.97722e+06	0	9.10359e+06
6.98201e+06	0	9.09101e+06
6.98684e+06	0	9.07846e+06
6.99171e+06	0	9.06592e+06
6.9966e+06	0	9.05341e+06
7.00153e+06	0	9.04091e+06
7.00649e+06	0	9.02843e+06
7.01149e+06	0	9.01598e+06
7.01652e+06	0	9.00354e+06
7.02158e+06	0	8.99112e+06
7.02668e+06	0	8.97871e+06
7.03181e+06	0	8.96633e+06
7.03697e+06	0	8.95397e+06
7.04216e+06	0	8.94162e+06
7.04738e+06	0	8.9293e+06
7.05264e+06	0	8.91699e+06
7.05793e+06	0	8.9047e+06
7.06325e+06	0	8.89243e+06
7.06861e+06	0	8.88018e+06
7.07399e+06	0	8.86795e+06
7.07941e+06	0	8.85573e+06
7.08486e+06	0	8.84354e+06
7.09034e+06	0	8.83136e+06
7.09585e+06	0	8.8192e+06
7.1014e+06	0	8.80706e+06
7.10697e+06	0	8.79494e+06
7.11258e+06	0	8.78284e+06
7.11822e+06	0	8.77075e+06
7.12388e+06	0	8.75868e+06
7.12958e+06	0	8.74663e+06
7.13531e+06	0	8.7346e+06
7.14107e+06	0	8.72259e+06
7.14686e+06	0	8.71059e+06
7.15269e+06	0	8.69862e+06
7.15854e+06	0	8.68666e+06
7.16442e+06	0	8.67472e+06
7.17033e+06	0	8.6628e+06
7.17627e+06	0	8.65089e+06
7.18224e+06	0	8.639e+06
7.18825e+06	0	8.62713e+06
7.19428e+06	0	8.61528e+06
7.20034e+06	0	8.60345e+06
7.20643e+06	0	8.59163e+06
7.21255e+06	0	8.57983e+06
7.2187e+06	0	8.56805e+06
7.22488e+06	0	8.55629e+06
7.23108e+06	0	8.54454e+06
7.23732e+06	0	8.53281e+06
7.24359e+06	0	8.5211e+06
7.24988e+06	0	8.50941e+06
7.2562e+06	0	8.49773e+06
7.26255e+06	0	8.48608e+06
7.26893e+06	0	8.47443e+06
7.27534e+06	0	8.46281e+06
7.28178e+06	0	8.4512e+06
7.28824e+06	0	8.43961e+06
7.29474e+06	0	8.42804e+06
7.30126e+06	0	8.41649e+06
7.30781e+06	0	8.40495e+06
7.31438e+06	0	8.39343e+06
7.32099e+06	0	8.38192e+06
7.32762e+06	0	8.37044e+06
7.33428e+06	0	8.35897e+06
7.34097e+06	0	8.34751e+06
7.34768e+06	0	8.33608e+06
7.35442e+06	0	8.32466e+06
7.36119e+06	0	8.31325e+06
7.36799e+06	0	8.30187e+06
7.37481e+06	0	8.2905e+06
7.38166e+06	0	8.27915e+06
7.38853e+06	0	8.26781e+06
7.39544e+06	0	8.25649e+06
7.40237e+06	0	8.24519e+06
7.40932e+06	0	8.2339e+06
7.4163e+06	0	8.22263e+06
7.42331e+06	0	8.21138e+06
7.43035e+06	0	8.20014e+06
7.43741e+06	0	8.18892e+06
7.44449e+06	0	8.17772e+06
7.45161e+06	0	8.16653e+06
7.45875e+06	0	8.15536e+06
7.46591e+06	0	8.14421e+06
7.4731e+06	0	8.13307e+06
7.48031e+06	0	8.12195e+06
7.48755e+06	0	8.11084e+06
7.49482e+06	0	8.09975e+06
7.50211e+06	0	8.08868e+06
7.50943e+06	0	8.07762e+06
7.51677e+06	0	8.06658e+06
7.52414e+06	0	8.05555e+06
7.53153e+06	0	8.04455e+06
7.53894e+06	0	8.03355e+06
7.54638e+06	0	8.02258e+06
7.55385e+06	0	8.01161e+06
7.56134e+06	0	8.00067e+06
7.56885e+06	0	7.98974e+06
7.57639e+06	0	7.97883e+06
7.58395e+06	0	7.96793e+06
7.59154e+06	0	7.95705e+06
7.59915e+06	0	7.94618e+06
7.60678e+06	0	7.93533e+06
7.61444e+06	0	7.92449e+06
7.62212e+06	0	7.91367e+06
7.62983e+06	0	7.90287e+06
7.63756e+06	0	7.89208e+06
7.64531e+06	0	7.88131e+06
7.65308e+06	0	7.87055e+06
7.66088e+06	0	7.85981e+06
7.66871e+06	0	7.84908e+06
7.67655e+06	0	7.83837e+06
7.68442e+06	0	7.82768e+06
7.69231e+06	0	7.817e+06
7.70022e+06	0	7.80633e+06
7.70816e+06	0	7.79568e+06
7.71612e+06	0	7.78505e+06
7.7241e+06	0	7.77443e+06
7.73211e+06	0	7.76383e+06
7.74013e+06	0	7.75324e+06
7.74818e+06	0	7.74266e+06
7.75625e+06	0	7.73211e+06
7.76434e+06	0	7.72156e+06
7.77246e+06	0	7.71104e+06
7.7806e+06	0	7.70052e+06
7.78875e+06	0	7.69002e+06
7.79693e+06	0	7.67954e+06
7.80514e+06	0	7.66907e+06
7.81336e+06	0	7.65862e+06
7.8216e+06	0	7.64818e+06
7.82987e+06	0	7.63776e+06
7.83816e+06	0	7.62735e+06
7.84647e+06	0	7.61696e+06
7.85479e+06	0	7.60658e+06
7.86315e+06	0	7.59621e+06
7.87152e+06	0	7.58586e+06
7.87991e+06	0	7.57553e+06
7.88832e+06	0	7.56521e+06
7.89675e+06	0	7.5549e+06
7.90521e+06	0	7.54461e+06
7.91368e+06	0	7.53434e+06
7.92218e+06	0	7.52407e+06
7.93069e+06	0	7.51383e+06
7.93923e+06	0	7.50359e+06
7.94778e+06	0	7.49338e+06
7.95636e+06	0	7.48317e+06
7.96495e+06	0	7.47298e+06
7.97356e+06	0	7.46281e+06
7.9822e+06	0	7.45265e+06
7.99085e+06	0	7.4425e+06
7.99952e+06	0	7.43237e+06
8.00822e+06	0	7.42225e+06
8.01693e+06	0	7.41215e+06
8.02566e+06	0	7.40206e+06
8.03441e+06	0	7.39198e+06
8.04318e+06	0	7.38192e+06
8.05197e+06	0	7.37188e+06
8.06077e+06	0	7.36184e+06
8.0696e+06	0	7.35183e+06
8.07844e+06	0	7.34182e+06
8.08731e+06	0	7.33183e+06
8.09619e+06	0	7.32185e+06
8.10509e+06	0	7.31189e+06
8.11401e+06	0	7.30194e+06
8.12294e+06	0	7.29201e+06
8.1319e+06	0	7.28209e+06
8.14087e+06	0	7.27218e+06
8.14986e+06	0	7.26229e+06
8.15887e+06	0	7.25241e+06
8.16789e+06	0	7.24255e+06
8.17694e+06	0	7.2327e+06
8.186e+06	0	7.22286e+06
8.19508e+06	0	7.21303e+06
8.20417e+06	0	7.20322e+06
8.21329e+06	0	7.19343e+06
8.22242e+06	0	7.18365e+06
8.23157e+06	0	7.17388e+06
8.24073e+06	0	7.16412e+06
8.24991e+06	0	7.15438e+06
8.25911e+06	0	7.14465e+06
8.26833e+06	0	7.13494e+06
8.27756e+06	0	7.12524e+06
8.28681e+06	0	7.11555e+06
8.29607e+06	0	7.10587e+06
8.30536e+06	0	7.09621e+06
8.31465e+06	0	7.08657e+06
8.32397e+06	0	7.07693e+06
8.3333e+06	0	7.06731e+06
8.34264e+06	0	7.05771e+06
8.35201e+06	0	7.04811e+06
8.36138e+06	0	7.03853e+06
8.37078e+06	0	7.02896e+06
8.38019e+06	0	7.01941e+06
8.38961e+06	0	7.00987e+06
8.39905e+06	0	7.00034e+06
8.40851e+06	0	6.99083e+06
8.41798e+06	0	6.98133e+06
8.42747e+06	0	6.97184e+06
8.43697e+06	0	6.96236e+06
8.44649e+06	0	6.9529e+06
8.45602e+06	0	6.94345e+06
8.46557e+06	0	6.93402e+06
8.47513e+06	0	6.9246e+06
8.48471e+06	0	6.91519e+06
8.4943e+06	0	6.90579e+06
8.5039e+06	0	6.89641e+06
8.51352e+06	0	6.88703e+06
8.52316e+06	0	6.87768e+06
8.5328e+06	0	6.86833e+06
8.54247e+06	0	6.859e+06
8.55214e+06	0	6.84968e+06
8.56184e+06	0	6.84037e+06
8.57154e+06	0	6.83108e+06
8.58126e+06	0	6.8218e+06
8.59099e+06	0	6.81253e+06
8.60074e+06	0	6.80328e+06
8.6105e+06	0	6.79403e+06
8.62027e+06	0	6.7848e+06
8.63006e+06	0	6.77559e+06
8.63985e+06	0	6.76638e+06
8.64967e+06	0	6.75719e+06
8.65949e+06	0	6.74801e+06
8.66933e+06	0	6.73884e+06
8.67918e+06	0	6.72969e+06
8.68905e+06	0	6.72055e+06
8.69893e+06	0	6.71142e+06
8.70882e+06	0	6.7023e+06
8.71872e+06	0	6.6932e+06
8.72863e+06	0	6.68411e+06
8.73856e+06	0	6.67503e+06
8.7485e+06	0	6.66596e+06
8.75845e+06	0	6.65691e+06
8.76842e+06	0	6.64787e+06
8.77839e+06	0	6.63884e+06
8.78838e+06	0	6.62982e+06
8.79838e+06	0	6.62081e+06
8.80839e+06	0	6.61182e+06
8.81842e+06	0	6.60284e+06
8.82845e+06	0	6.59387e+06
8.8385e+06	0	6.58492e+06
8.84856e+06	0	6.57597e+06
8.85863e+06	0	6.56704e+06
8.86871e+06	0	6.55812e+06
8.8788e+06	0	6.54921e+06
8.8889e+06	0	6.54032e+06
8.89902e+06	0	6.53144e+06
8.90914e+06	0	6.52256e+06
8.91928e+06	0	6.51371e+06
8.92942e+06	0	6.50486e+06
8.93958e+06	0	6.49602e+06
8.94975e+06	0	6.4872e+06
8.95993e+06	0	6.47839e+06
8.97012e+06	0	6.46959e+06
8.98031e+06	0	6.4608e+06
8.99052e+06	0	6.45203e+06
9.00074e+06	0	6.44327e+06
9.01097e+06	0	6.43451e+06
9.02121e+06	0	6.42578e+06
9.03146e+06	0	6.41705e+06
9.04172e+06	0	6.40833e+06
9.05199e+06	0	6.39963e+06
9.06227e+06	0	6.39094e+06
9.07255e+06	0	6.38226e+06
9.08285e+06	0	6.37359e+06
9.09316e+06	0	6.36493e+06
9.10347e+06	0	6.35629e+06
9.1138e+06	0	6.34765e+06
9.12413e+06	0	6.33903e+06
9.13448e+06	0	6.33042e+06
9.14483e+06	0	6.32182e+06
9.15519e+06	0	6.31324e+06
9.16556e+06	0	6.30466e+06
9.17594e+06	0	6.2961e+06
9.18632e+06	0	6.28754e+06
9.19672e+06	0	6.279e+06
9.20712e+06	0	6.27048e+06
9.21753e+06	0	6.26196e+06
9.22796e+06	0	6.25345e+06
9.23838e+06	0	6.24496e+06
9.24882e+06	0	6.23647e+06
9.25927e+06	0	6.228e+06
9.26972e+06	0	6.21954e+06
9.28018e+06	0	6.21109e+06
9.29065e+06	0	6.20266e+06
9.30112e+06	0	6.19423e+06
9.31161e+06	0	6.18582e+06
9.3221e+06	0	6.17741e+06
9.3326e+06	0	6.16902e+06
9.3431e+06	0	6.16064e+06
9.35361e+06	0	6.15227e+06
9.36413e+06	0	6.14391e+06
9.37466e+06	0	6.13557e+06
9.3852e+06	0	6.12723e+06
9.39574e+06	0	6.11891e+06
9.40628e+06	0	6.11059e+06
9.41684e+06	0	6.10229e+06
9.4274e+06	0	6.094e+06
9.43797e+06	0	6.08572e+06
9.44854e+06	0	6.07745e+06
9.45912e+06	0	6.06919e+06
9.46971e+06	0	6.06095e+06
9.48031e+06	0	6.05271e+06
9.49091e+06	0	6.04449e+06
9.50151e+06	0	6.03627e+06
9.51212e+06	0	6.02807e+06
9.52274e+06	0	6.01988e+06
9.53336e+06	0	6.0117e+06
9.54399e+06	0	6.00353e+06
9.55463e+06	0	5.99537e+06
9.56527e+06	0	5.98723e+06
9.57592e+06	0	5.97909e+06
9.58657e+06	0	5.97096e+06
9.59723e+06	0	5.96285e+06
9.60789e+06	0	5.95474e+06
9.61856e+06	0	5.94665e+06
9.62923e+06	0	5.93857e+06
9.63991e+06	0	5.9305e+06
9.65059e+06	0	5.92244e+06
9.66128e+06	0	5.91439e+06
9.67197e+06	0	5.90635e+06
9.68267e+06	0	5.89832e+06
9.69337e+06	0	5.8903e+06
9.70408e+06	0	5.8823e+06
9.71479e+06	0	5.8743e+06
9.7255e+06	0	5.86631e+06
9.73622e+06	0	5.85834e+06
9.74695e+06	0	5.85038e+06
9.75767e+06	0	5.84242e+06
9.76841e+06	0	5.83448e+06
9.77914e+06	0	5.82655e+06
9.78988e+06	0	5.81862e+06
9.80063e+06	0	5.81071e+06
9.81138e+06	0	5.80281e+06
9.82213e+06	0	5.79492e+06
9.83288e+06	0	5.78704e+06
9.84364e+06	0	5.77917e+06
9.85441e+06	0	5.77132e+06
9.86517e+06	0	5.76347e+06
9.87594e+06	0	5.75563e+06
9.88671e+06	0	5.7478e+06
9.89749e+06	0	5.73999e+06
9.90827e+06	0	5.73218e+06
9.91905e+06	0	5.72439e+06
9.92983e+06	0	5.7166e+06
9.94062e+06	0	5.70882e+06
9.95141e+06	0	5.70106e+06
9.96221e+06	0	5.69331e+06
9.973e+06	0	5.68556e+06
9.9838e+06	0	5.67783e+06
9.9946e+06	0	5.6701e+06
1.00054e+07	0	5.66239e+06
1.00162e+07	0	5.65469e+06
1.0027e+07	0	5.647e+06
1.00378e+07	0	5.63931e+06
1.00486e+07	0	5.63164e+06
1.00595e+07	0	5.62398e+06
1.00703e+07	0	5.61633e+06
1.00811e+07	0	5.60869e+06
1.00919e+07	0	5.60106e+06
1.01027e+07	0	5.59343e+06
1.01136e+07	0	5.58582e+06
1.01244e+07	0	5.57822e+06
1.01352e+07	0	5.57063e+06
1.0146e+07	0	5.56305e+06
1.01569e+07	0	5.55548e+06
1.01677e+07	0	5.54792e+06
1.01785e+07	0	5.54037e+06
1.01894e+07	0	5.53283e+06
1.02002e+07	0	5.5253e+06
1.0211e+07	0	5.51778e+06
1.02219e+07	0	5.51027e+06
1.02327e+07	0	5.50277e+06
1.02436e+07	0	5.49527e+06
1.02544e+07	0	5.48779e+06
1.02652e+07	0	5.48032e+06
1.02761e+07	0	5.47286e+06
1.02869e+07	0	5.46541e+06
1.02978e+07	0	5.45797e+06
1.03086e+07	0	5.45054e+06
1.03195e+07	0	5.44312e+06
1.03303e+07	0	5.43571e+06
1.03411e+07	0	5.42831e+06
1.0352e+07	0	5.42091e+06
1.03628e+07	0	5.41353e+06
1.03737e+07	0	5.40616e+06
1.03845e+07	0	5.3988e+06
1.03954e+07	0	5.39144e+06
1.04062e+07	0	5.3841e+06
1.0417e+07	0	5.37677e+06
1.04279e+07	0	5.36944e+06
1.04387e+07	0	5.36213e+06
1.04496e+07	0	5.35483e+06
1.04604e+07	0	5.34753e+06
1.04713e+07	0	5.34025e+06
1.04821e+07	0	5.33297e+06
1.04929e+07	0	5.32571e+06
1.05038e+07	0	5.31845e+06
1.05146e+07	0	5.31121e+06
1.05255e+07	0	5.30397e+06
1.05363e+07	0	5.29674e+06
1.05471e+07	0	5.28952e+06
1.0558e+07	0	5.28232e+06
1.05688e+07	0	5.27512e+06
1.05796e+07	0	5.26793e+06
1.05905e+07	0	5.26075e+06
1.06013e+07	0	5.25358e+06
1.06121e+07	0	5.24642e+06
1.06229e+07	0	5.23927e+06
1.06338e+07	0	5.23213e+06
1.06446e+07	0	5.225e+06
1.06554e+07	0	5.21787e+06
1.06662e+07	0	5.21076e+06
1.06771e+07	0	5.20366e+06
1.06879e+07	0	5.19656e+06
1.06987e+07	0	5.18948e+06
1.07095e+07	0	5.1824e+06
1.07203e+07	0	5.17534e+06
1.07311e+07	0	5.16828e+06
1.07419e+07	0	5.16123e+06
1.07527e+07	0	5.1542e+06
1.07635e+07	0	5.14717e+06
1.07743e+07	0	5.14015e+06
1.07851e+07	0	5.13314e+06
1.07959e+07	0	5.12614e+06
1.08067e+07	0	5.11914e+06
1.08175e+07	0	5.11216e+06
1.08283e+07	0	5.10519e+06
1.08391e+07	0	5.09823e+06
1.08499e+07	0	5.09127e+06
1.08606e+07	0	5.08433e+06
1.08714e+07	0	5.07739e+06
1.08822e+07	0	5.07046e+06
1.0893e+07	0	5.06354e+06
1.09037e+07	0	5.05664e+06
1.09145e+07	0	5.04974e+06
1.09252e+07	0	5.04285e+06
1.0936e+07	0	5.03596e+06
1.09468e+07	0	5.02909e+06
1.09575e+07	0	5.02223e+06
1.09683e+07	0	5.01537e+06
1.0979e+07	0	5.00853e+06
1.09897e+07	0	5.00169e+06
1.10005e+07	0	4.99487e+06
1.10112e+07	0	4.98805e+06
1.10219e+07	0	4.98124e+06
1.10327e+07	0	4.97444e+06
1.10434e+07	0	4.96765e+06
1.10541e+07	0	4.96087e+06
1.10648e+07	0	4.95409e+06
1.10755e+07	0	4.94733e+06
1.10862e+07	0	4.94057e+06
1.10969e+07	0	4.93383e+06
1.11076e+07	0	4.92709e+06
1.11183e+07	0	4.92036e+06
1.1129e+07	0	4.91364e+06
1.11397e+07	0	4.90693e+06
1.11504e+07	0	4.90023e+06
1.11611e+07	0	4.89354e+06
1.11718e+07	0	4.88685e+06
1.11824e+07	0	4.88018e+06
1.11931e+07	0	4.87351e+06
1.12037e+07	0	4.86686e+06
1.12144e+07	0	4.86021e+06
1.12251e+07	0	4.85357e+06
1.12357e+07	0	4.84694e+06
1.12463e+07	0	4.84031e+06
1.1257e+07	0	4.8337e+06
1.12676e+07	0	4.82709e+06
1.12782e+07	0	4.8205e+06
1.12889e+07	0	4.81391e+06
1.12995e+07	0	4.80733e+06
1.13101e+07	0	4.80076e+06
1.13207e+07	0	4.7942e+06
1.13313e+07	0	4.78765e+06
1.13419e+07	0	4.7811e+06
1.13525e+07	0	4.77457e+06
1.13631e+07	0	4.76804e+06
1.13736e+07	0	4.76152e+06
1.13842e+07	0	4.75501e+06
1.13948e+07	0	4.74851e+06
1.14054e+07	0	4.74202e+06
1.14159e+07	0	4.73554e+06
1.14265e+07	0	4.72906e+06
1.1437e+07	0	4.7226e+06
1.14476e+07	0	4.71614e+06
1.14581e+07	0	4.70969e+06
1.14686e+07	0	4.70325e+06
1.14791e+07	0	4.69681e+06
1.14897e+07	0	4.69039e+06
1.15002e+07	0	4.68397e+06
1.15107e+07	0	4.67757e+06
1.15212e+07	0	4.67117e+06
1.15317e+07	0	4.66478e+06
1.15422e+07	0	4.6584e+06
1.15527e+07	0	4.65202e+06
1.15631e+07	0	4.64566e+06
1.15736e+07	0	4.6393e+06
1.15841e+07	0	4.63296e+06
1.15945e+07	0	4.62662e+06
1.1605e+07	0	4.62028e+06
1.16154e+07	0	4.61396e+06
1.16259e+07	0	4.60765e+06
1.16363e+07	0	4.60134e+06
1.16467e+07	0	4.59504e+06
1.16571e+07	0	4.58875e+06
1.16676e+07	0	4.58247e+06
1.1678e+07	0	4.5762e+06
1.16884e+07	0	4.56994e+06
1.16988e+07	0	4.56368e+06
1.17091e+07	0	4.55743e+06
1.17195e+07	0	4.55119e+06
1.17299e+07	0	4.54496e+06
1.17403e+07	0	4.53874e+06
1.17506e+07	0	4.53252e+06
1.1761e+07	0	4.52632e+06
1.17713e+07	0	4.52012e+06
1.17817e+07	0	4.51393e+06
1.1792e+07	0	4.50774e+06
1.18023e+07	0	4.50157e+06
1.18126e+07	0	4.4954e+06
1.18229e+07	0	4.48925e+06
1.18332e+07	0	4.4831e+06
1.18435e+07	0	4.47696e+06
1.18538e+07	0	4.47082e+06
1.18641e+07	0	4.4647e+06
1.18744e+07	0	4.45858e+06
1.18847e+07	0	4.45247e+06
1.18949e+07	0	4.44637e+06
1.19052e+07	0	4.44028e+06
1.19154e+07	0	4.43419e+06
1.19256e+07	0	4.42812e+06
1.19359e+07	0	4.42205e+06
1.19461e+07	0	4.41599e+06
1.19563e+07	0	4.40993e+06
1.19665e+07	0	4.40389e+06
1.19767e+07	0	4.39785e+06
1.19869e+07	0	4.39182e+06
1.19971e+07	0	4.3858e+06
1.20073e+07	0	4.37979e+06
1.20174e+07	0	4.37379e+06
1.20276e+07	0	4.36779e+06
1.20377e+07	0	4.3618e+06
1.20479e+07	0	4.35582e+06
1.2058e+07	0	4.34985e+06
1.20682e+07	0	4.34388e+06
1.20783e+07	0	4.33793e+06
1.20884e+07	0	4.33198e+06
1.20985e+07	0	4.32603e+06
1.21086e+07	0	4.3201e+06
1.21187e+07	0	4.31418e+06
1.21288e+07	0	4.30826e+06
1.21388e+07	0	4.30235e+06
1.21489e+07	0	4.29645e+06
1.21589e+07	0	4.29055e+06
1.2169e+07	0	4.28467e+06
1.2179e+07	0	4.27879e+06
1.21891e+07	0	4.27292e+06
1.21991e+07	0	4.26705e+06
1.22091e+07	0	4.2612e+06
1.22191e+07	0	4.25535e+06
1.22291e+07	0	4.24951e+06
1.22391e+07	0	4.24368e+06
1.22491e+07	0	4.23785e+06
1.2259e+07	0	4.23204e+06
1.2269e+07	0	4.22623e+06
1.22789e+07	0	4.22043e+06
1.22889e+07	0	4.21463e+06
1.22988e+07	0	4.20885e+06
1.23088e+07	0	4.20307e+06
1.23187e+07	0	4.1973e+06
1.23286e+07	0	4.19154e+06
1.23385e+07	0	4.18578e+06
1.23484e+07	0	4.18003e+06
1.23583e+07	0	4.17429e+06
1.23681e+07	0	4.16856e+06
1.2378e+07	0	4.16284e+06
1.23879e+07	0	4.15712e+06
1.23977e+07	0	4.15141e+06
1.24076e+07	0	4.14571e+06
1.24174e+07	0	4.14001e+06
1.24272e+07	0	4.13433e+06
1.2437e+07	0	4.12865e+06
1.24468e+07	0	4.12297e+06
1.24566e+07	0	4.11731e+06
1.24664e+07	0	4.11165e+06
1.24762e+07	0	4.106e+06
1.24859e+07	0	4.10036e+06
1.24957e+07	0	4.09473e+06
1.25055e+07	0	4.0891e+06
1.25152e+07	0	4.08348e+06
1.25249e+07	0	4.07787e+06
1.25346e+07	0	4.07227e+06
1.25444e+07	0	4.06667e+06
1.25541e+07	0	4.06108e+06
1.25638e+07	0	4.0555e+06
1.25734e+07	0	4.04992e+06
1.25831e+07	0	4.04435e+06
1.25928e+07	0	4.03879e+06
1.26024e+07	0	4.03324e+06
1.26121e+07	0	4.0277e+06
1.26217e+07	0	4.02216e+06
1.26313e+07	0	4.01663e+06
1.2641e+07	0	4.01111e+06
1.26506e+07	0	4.00559e+06
1.26602e+07	0	4.00008e+06
1.26698e+07	0	3.99458e+06
1.26793e+07	0	3.98909e+06
1.26889e+07	0	3.9836e+06
1.26985e+07	0	3.97812e+06
1.2708e+07	0	3.97265e+06
1.27176e+07	0	3.96718e+06
1.27271e+07	0	3.96173e+06
1.27366e+07	0	3.95628e+06
1.27461e+07	0	3.95083e+06
1.27556e+07	0	3.9454e+06
1.27651e+07	0	3.93997e+06
1.27746e+07	0	3.93455e+06
1.27841e+07	0	3.92913e+06
1.27935e+07	0	3.92373e+06
1.2803e+07	0	3.91833e+06
1.28124e+07	0	3.91294e+06
1.28219e+07	0	3.90755e+06
1.28313e+07	0	3.90217e+06
1.28407e+07	0	3.8968e+06
1.28501e+07	0	3.89144e+06
1.28595e+07	0	3.88608e+06
1.28689e+07	0	3.88073e+06
1.28783e+07	0	3.87539e+06
1.28876e+07	0	3.87005e+06
1.2897e+07	0	3.86473e+06
1.29063e+07	0	3.85941e+06
1.29157e+07	0	3.85409e+06
1.2925e+07	0	3.84878e+06
1.29343e+07	0	3.84348e+06
1.29436e+07	0	3.83819e+06
1.29529e+07	0	3.83291e+06
1.29622e+07	0	3.82763e+06
1.29715e+07	0	3.82236e+06
1.29807e+07	0	3.81709e+06
1.299e+07	0	3.81183e+06
1.29992e+07	0	3.80658e+06
1.30085e+07	0	3.80134e+06
1.30177e+07	0	3.7961e+06
1.30269e+07	0	3.79087e+06
1.30361e+07	0	3.78565e+06
1.30453e+07	0	3.78043e+06
1.30545e+07	0	3.77523e+06
1.30637e+07	0	3.77002e+06
1.30728e+07	0	3.76483e+06
1.3082e+07	0	3.75964e+06
1.30911e+07	0	3.75446e+06
1.31003e+07	0	3.74929e+06
1.31094e+07	0	3.74412e+06
1.31185e+07	0	3.73896e+06
1.31276e+07	0	3.7338e+06
1.31367e+07	0	3.72866e+06
1.31458e+07	0	3.72352e+06
1.31548e+07	0	3.71839e+06
1.31639e+07	0	3.71326e+06
1.3173e+07	0	3.70814e+06
1.3182e+07	0	3.70303e+06
1.3191e+07	0	3.69792e+06
1.32e+07	0	3.69282e+06
1.3209e+07	0	3.68773e+06
1.3218e+07	0	3.68265e+06
1.3227e+07	0	3.67757e+06
1.3236e+07	0	3.6725e+06
1.3245e+07	0	3.66743e+06
1.32539e+07	0	3.66237e+06
1.32629e+07	0	3.65732e+06
1.32718e+07	0	3.65228e+06
1.32807e+07	0	3.64724e+06
1.32897e+07	0	3.64221e+06
1.32986e+07	0	3.63719e+06
1.33075e+07	0	3.63217e+06
1.33163e+07	0	3.62716e+06
1.33252e+07	0	3.62215e+06
1.33341e+07	0	3.61716e+06
1.33429e+07	0	3.61216e+06
1.33518e+07	0	3.60718e+06
1.33606e+07	0	3.6022e+06
1.33694e+07	0	3.59723e+06
1.33782e+07	0	3.59227e+06
1.3387e+07	0	3.58731e+06
1.33958e+07	0	3.58236e+06
1.34046e+07	0	3.57742e+06
1.34134e+07	0	3.57248e+06
1.34221e+07	0	3.56755e+06
1.34309e+07	0	3.56262e+06
1.34396e+07	0	3.5577e+06
1.34483e+07	0	3.55279e+06
1.3457e+07	0	3.54789e+06
1.34657e+07	0	3.54299e+06
1.34744e+07	0	3.5381e+06
1.34831e+07	0	3.53321e+06
1.34918e+07	0	3.52833e+06
1.35005e+07	0	3.52346e+06
1.35091e+07	0	3.5186e+06
1.35177e+07	0	3.51374e+06
1.35264e+07	0	3.50889e+06
1.3535e+07	0	3.50404e+06
1.35436e+07	0	3.4992e+06
1.35522e+07	0	3.49437e+06
1.35608e+07	0	3.48954e+06
1.35694e+07	0	3.48472e+06
1.35779e+07	0	3.47991e+06
1.35865e+07	0	3.4751e+06
1.3595e+07	0	3.4703e+06
1.36036e+07	0	3.4655e+06
1.36121e+07	0	3.46072e+06
1.36206e+07	0	3.45593e+06
1.36291e+07	0	3.45116e+06
1.36376e+07	0	3.44639e+06
1.36461e+07	0	3.44163e+06
1.36545e+07	0	3.43687e+06
1.3663e+07	0	3.43212e+06
1.36714e+07	0	3.42738e+06
1.36799e+07	0	3.42264e+06
1.36883e+07	0	3.41791e+06
1.36967e+07	0	3.41319e+06
1.37051e+07	0	3.40847e+06
1.37135e+07	0	3.40376e+06
1.37219e+07	0	3.39905e+06
1.37303e+07	0	3.39436e+06
1.37387e+07	0	3.38966e+06
1.3747e+07	0	3.38498e+06
1.37553e+07	0	3.3803e+06
1.37637e+07	0	3.37562e+06
1.3772e+07	0	3.37096e+06
1.37803e+07	0	3.3663e+06
1.37886e+07	0	3.36164e+06
1.37969e+07	0	3.35699e+06
1.38052e+07	0	3.35235e+06
1.38134e+07	0	3.34771e+06
1.38217e+07	0	3.34308e+06
1.38299e+07	0	3.33846e+06
1.38382e+07	0	3.33384e+06
1.38464e+07	0	3.32923e+06
1.38546e+07	0	3.32463e+06
1.38628e+07	0	3.32003e+06
1.3871e+07	0	3.31543e+06
1.38792e+07	0	3.31085e+06
1.38873e+07	0	3.30627e+06
1.38955e+07	0	3.30169e+06
1.39036e+07	0	3.29713e+06
1.39118e+07	0	3.29256e+06
1.39199e+07	0	3.28801e+06
1.3928e+07	0	3.28346e+06
1.39361e+07	0	3.27891e+06
1.39442e+07	0	3.27438e+06
1.39523e+07	0	3.26985e+06
1.39604e+07	0	3.26532e+06
1.39684e+07	0	3.2608e+06
1.39765e+07	0	3.25629e+06
1.39845e+07	0	3.25178e+06
1.39926e+07	0	3.24728e+06
1.40006e+07	0	3.24279e+06
1.40086e+07	0	3.2383e+06
1.40166e+07	0	3.23381e+06
1.40246e+07	0	3.22934e+06
1.40326e+07	0	3.22487e+06
1.40405e+07	0	3.2204e+06
1.40485e+07	0	3.21594e+06
1.40564e+07	0	3.21149e+06
1.40644e+07	0	3.20704e+06
1.40723e+07	0	3.2026e+06
1.40802e+07	0	3.19817e+06
1.40881e+07	0	3.19374e+06
1.4096e+07	0	3.18932e+06
1.41039e+07	0	3.1849e+06
1.41117e+07	0	3.18049e+06
1.41196e+07	0	3.17608e+06
1.41274e+07	0	3.17168e+06
1.41353e+07	0	3.16729e+06
1.41431e+07	0	3.1629e+06
1.41509e+07	0	3.15852e+06
1.41587e+07	0	3.15415e+06
1.41665e+07	0	3.14978e+06
1.41743e+07	0	3.14541e+06
1.41821e+07	0	3.14106e+06
1.41898e+07	0	3.13671e+06
1.41976e+07	0	3.13236e+06
1.42053e+07	0	3.12802e+06
1.42131e+07	0	3.12368e+06
1.42208e+07	0	3.11936e+06
1.42285e+07	0	3.11503e+06
1.42362e+07	0	3.11072e+06
1.42439e+07	0	3.10641e+06
1.42516e+07	0	3.1021e+06
1.42592e+07	0	3.0978e+06
1.42669e+07	0	3.09351e+06
1.42745e+07	0	3.08922e+06
1.42822e+07	0	3.08494e+06
1.42898e+07	0	3.08066e+06
1.42974e+07	0	3.07639e+06
1.4305e+07	0	3.07213e+06
1.43126e+07	0	3.06787e+06
1.43202e+07	0	3.06362e+06
1.43278e+07	0	3.05937e+06
1.43353e+07	0	3.05513e+06
1.43429e+07	0	3.05089e+06
1.43504e+07	0	3.04666e+06
1.43579e+07	0	3.04244e+06
1.43655e+07	0	3.03822e+06
1.4373e+07	0	3.034e+06
1.43805e+07	0	3.0298e+06
1.4388e+07	0	3.0256e+06
1.43954e+07	0	3.0214e+06
1.44029e+07	0	3.01721e+06
1.44103e+07	0	3.01302e+06
1.44178e+07	0	3.00885e+06
1.44252e+07	0	3.00467e+06
1.44327e+07	0	3.0005e+06
1.44401e+07	0	2.99634e+06
1.44475e+07	0	2.99219e+06
1.44549e+07	0	2.98804e+06
1.44622e+07	0	2.98389e+06
1.44696e+07	0	2.97975e+06
1.4477e+07	0	2.97562e+06
1.44843e+07	0	2.97149e+06
1.44917e+07	0	2.96736e+06
1.4499e+07	0	2.96325e+06
1.45063e+07	0	2.95914e+06
1.45136e+07	0	2.95503e+06
1.45209e+07	0	2.95093e+06
1.45282e+07	0	2.94683e+06
1.45355e+07	0	2.94274e+06
1.45428e+07	0	2.93866e+06
1.455e+07	0	2.93458e+06
1.45573e+07	0	2.93051e+06
1.45645e+07	0	2.92644e+06
1.45717e+07	0	2.92238e+06
1.45789e+07	0	2.91832e+06
1.45862e+07	0	2.91427e+06
1.45933e+07	0	2.91023e+06
1.46005e+07	0	2.90619e+06
1.46077e+07	0	2.90215e+06
1.46149e+07	0	2.89812e+06
1.4622e+07	0	2.8941e+06
1.46292e+07	0	2.89008e+06
1.46363e+07	0	2.88607e+06
1.46434e+07	0	2.88206e+06
1.46505e+07	0	2.87806e+06
1.46576e+07	0	2.87406e+06
1.46647e+07	0	2.87007e+06
1.46718e+07	0	2.86609e+06
1.46789e+07	0	2.86211e+06
1.4686e+07	0	2.85813e+06
1.4693e+07	0	2.85416e+06
1.47e+07	0	2.8502e+06
1.47071e+07	0	2.84624e+06
1.47141e+07	0	2.84229e+06
1.47211e+07	0	2.83834e+06
1.47281e+07	0	2.8344e+06
1.47351e+07	0	2.83046e+06
1.47421e+07	0	2.82653e+06
1.4749e+07	0	2.8226e+06
1.4756e+07	0	2.81868e+06
1.4763e+07	0	2.81477e+06
1.47699e+07	0	2.81085e+06
1.47768e+07	0	2.80695e+06
1.47837e+07	0	2.80305e+06
1.47906e+07	0	2.79915e+06
1.47975e+07	0	2.79527e+06
1.48044e+07	0	2.79138e+06
1.48113e+07	0	2.7875e+06
1.48182e+07	0	2.78363e+06
1.4825e+07	0	2.77976e+06
1.48319e+07	0	2.7759e+06
1.48387e+07	0	2.77204e+06
1.48456e+07	0	2.76819e+06
1.48524e+07	0	2.76434e+06
1.48592e+07	0	2.7605e+06
1.4866e+07	0	2.75666e+06
1.48728e+07	0	2.75283e+06
1.48795e+07	0	2.749e+06
1.48863e+07	0	2.74518e+06
1.48931e+07	0	2.74137e+06
1.48998e+07	0	2.73755e+06
1.49066e+07	0	2.73375e+06
1.49133e+07	0	2.72995e+06
1.492e+07	0	2.72615e+06
1.49267e+07	0	2.72236e+06
1.49334e+07	0	2.71858e+06
1.49401e+07	0	2.7148e+06
1.49468e+07	0	2.71102e+06
1.49534e+07	0	2.70725e+06
1.49601e+07	0	2.70349e+06
1.49668e+07	0	2.69973e+06
1.49734e+07	0	2.69598e+06
1.498e+07	0	2.69223e+06
1.49866e+07	0	2.68848e+06
1.49933e+07	0	2.68474e+06
1.49999e+07	0	2.68101e+06
1.50064e+07	0	2.67728e+06
1.5013e+07	0	2.67356e+06
1.50196e+07	0	2.66984e+06
1.50262e+07	0	2.66612e+06
1.50327e+07	0	2.66242e+06
1.50392e+07	0	2.65871e+06
1.50458e+07	0	2.65501e+06
1.50523e+07	0	2.65132e+06
1.50588e+07	0	2.64763e+06
1.50653e+07	0	2.64395e+06
1.50718e+07	0	2.64027e+06
1.50783e+07	0	2.6366e+06
1.50848e+07	0	2.63293e+06
1.50912e+07	0	2.62927e+06
1.50977e+07	0	2.62561e+06
1.51041e+07	0	2.62195e+06
1.51106e+07	0	2.61831e+06
1.5117e+07	0	2.61466e+06
1.51234e+07	0	2.61102e+06
1.51298e+07	0	2.60739e+06
1.51362e+07	0	2.60376e+06
1.51426e+07	0	2.60014e+06
1.5149e+07	0	2.59652e+06
1.51553e+07	0	2.59291e+06
1.51617e+07	0	2.5893e+06
1.5168e+07	0	2.58569e+06
1.51744e+07	0	2.58209e+06
1.51807e+07	0	2.5785e+06
1.5187e+07	0	2.57491e+06
1.51933e+07	0	2.57133e+06
1.51996e+07	0	2.56775e+06
1.52059e+07	0	2.56417e+06
1.52122e+07	0	2.5606e+06
1.52185e+07	0	2.55704e+06
1.52247e+07	0	2.55348e+06
1.5231e+07	0	2.54992e+06
1.52372e+07	0	2.54637e+06
1.52435e+07	0	2.54283e+06
1.52497e+07	0	2.53929e+06
1.52559e+07	0	2.53575e+06
1.52621e+07	0	2.53222e+06
1.52683e+07	0	2.52869e+06
1.52745e+07	0	2.52517e+06
1.52807e+07	0	2.52166e+06
1.52868e+07	0	2.51814e+06
1.5293e+07	0	2.51464e+06
1.52992e+07	0	2.51114e+06
1.53053e+07	0	2.50764e+06
1.53114e+07	0	2.50415e+06
1.53175e+07	0	2.50066e+06
1.53237e+07	0	2.49717e+06
1.53298e+07	0	2.4937e+06
1.53359e+07	0	2.49022e+06
1.53419e+07	0	2.48675e+06
1.5348e+07	0	2.48329e+06
1.53541e+07	0	2.47983e+06
1.53601e+07	0	2.47638e+06
1.53662e+07	0	2.47293e+06
1.53722e+07	0	2.46948e+06
1.53783e+07	0	2.46604e+06
1.53843e+07	0	2.46261e+06
1.53903e+07	0	2.45917e+06
1.53963e+07	0	2.45575e+06
1.54023e+07	0	2.45233e+06
1.54083e+07	0	2.44891e+06
1.54142e+07	0	2.4455e+06
1.54202e+07	0	2.44209e+06
1.54262e+07	0	2.43869e+06
1.54321e+07	0	2.43529e+06
1.5438e+07	0	2.43189e+06
1.5444e+07	0	2.42851e+06
1.54499e+07	0	2.42512e+06
1.54558e+07	0	2.42174e+06
1.54617e+07	0	2.41837e+06
1.54676e+07	0	2.415e+06
1.54735e+07	0	2.41163e+06
1.54794e+07	0	2.40827e+06
1.54852e+07	0	2.40491e+06
1.54911e+07	0	2.40156e+06
1.54969e+07	0	2.39821e+06
1.55028e+07	0	2.39487e+06
1.55086e+07	0	2.39153e+06
1.55144e+07	0	2.3882e+06
1.55202e+07	0	2.38487e+06
1.5526e+07	0	2.38154e+06
1.55318e+07	0	2.37822e+06
1.55376e+07	0	2.37491e+06
1.55434e+07	0	2.3716e+06
1.55492e+07	0	2.36829e+06
1.55549e+07	0	2.36499e+06
1.55607e+07	0	2.36169e+06
1.55664e+07	0	2.3584e+06
1.55721e+07	0	2.35511e+06
1.55779e+07	0	2.35182e+06
1.55836e+07	0	2.34854e+06
1.55893e+07	0	2.34527e+06
1.5595e+07	0	2.342e+06
1.56007e+07	0	2.33873e+06
1.56064e+07	0	2.33547e+06
1.5612e+07	0	2.33221e+06
1.56177e+07	0	2.32896e+06
1.56233e+07	0	2.32571e+06
1.5629e+07	0	2.32247e+06
1.56346e+07	0	2.31923e+06
1.56403e+07	0	2.316e+06
1.56459e+07	0	2.31277e+06
1.56515e+07	0	2.30954e+06
1.56571e+07	0	2.30632e+06
1.56627e+07	0	2.3031e+06
1.56683e+07	0	2.29989e+06
1.56738e+07	0	2.29668e+06
1.56794e+07	0	2.29348e+06
1.5685e+07	0	2.29028e+06
1.56905e+07	0	2.28708e+06
1.56961e+07	0	2.28389e+06
1.57016e+07	0	2.2807e+06
1.57071e+07	0	2.27752e+06
1.57126e+07	0	2.27434e+06
1.57181e+07	0	2.27117e+06
1.57236e+07	0	2.268e+06
1.57291e+07	0	2.26484e+06
1.57346e+07	0	2.26168e+06
1.57401e+07	0	2.25852e+06
1.57456e+07	0	2.25537e+06
1.5751e+07	0	2.25222e+06
1.57565e+07	0	2.24908e+06
1.57619e+07	0	2.24594e+06
1.57673e+07	0	2.24281e+06
1.57728e+07	0	2.23968e+06
1.57782e+07	0	2.23655e+06
1.57836e+07	0	2.23343e+06
1.5789e+07	0	2.23031e+06
1.57944e+07	0	2.2272e+06
1.57997e+07	0	2.22409e+06
1.58051e+07	0	2.22099e+06
1.58105e+07	0	2.21789e+06
1.58158e+07	0	2.21479e+06
1.58212e+07	0	2.2117e+06
1.58265e+07	0	2.20861e+06
1.58319e+07	0	2.20553e+06
1.58372e+07	0	2.20245e+06
1.58425e+07	0	2.19937e+06
1.58478e+07	0	2.1963e+06
1.58531e+07	0	2.19324e+06
1.58584e+07	0	2.19018e+06
1.58637e+07	0	2.18712e+06
1.5869e+07	0	2.18406e+06
1.58742e+07	0	2.18101e+06
1.58795e+07	0	2.17797e+06
1.58847e+07	0	2.17493e+06
1.589e+07	0	2.17189e+06
1.58952e+07	0	2.16886e+06
1.59004e+07	0	2.16583e+06
1.59056e+07	0	2.16281e+06
1.59109e+07	0	2.15979e+06
1.59161e+07	0	2.15677e+06
1.59212e+07	0	2.15376e+06
1.59264e+07	0	2.15075e+06
1.59316e+07	0	2.14775e+06
1.59368e+07	0	2.14475e+06
1.59419e+07	0	2.14175e+06
1.59471e+07	0	2.13876e+06
1.59522e+07	0	2.13577e+06
1.59574e+07	0	2.13279e+06
1.59625e+07	0	2.12981e+06
1.59676e+07	0	2.12684e+06
1.59727e+07	0	2.12387e+06
1.59778e+07	0	2.1209e+06
1.59829e+07	0	2.11794e+06
1.5988e+07	0	2.11498e+06
1.59931e+07	0	2.11202e+06
1.59982e+07	0	2.10907e+06
1.60033e+07	0	2.10613e+06
1.60083e+07	0	2.10318e+06
1.60134e+07	0	2.10025e+06
1.60184e+07	0	2.09731e+06
1.60234e+07	0	2.09438e+06
1.60285e+07	0	2.09146e+06
1.60335e+07	0	2.08853e+06
1.60385e+07	0	2.08562e+06
1.60435e+07	0	2.0827e+06
1.60485e+07	0	2.07979e+06
1.60535e+07	0	2.07689e+06
1.60585e+07	0	2.07398e+06
1.60634e+07	0	2.07109e+06
1.60684e+07	0	2.06819e+06
1.60734e+07	0	2.0653e+06
1.60783e+07	0	2.06241e+06
1.60832e+07	0	2.05953e+06
1.60882e+07	0	2.05665e+06
1.60931e+07	0	2.05378e+06
1.6098e+07	0	2.05091e+06
1.61029e+07	0	2.04804e+06
1.61078e+07	0	2.04518e+06
1.61127e+07	0	2.04232e+06
1.61176e+07	0	2.03947e+06
1.61225e+07	0	2.03662e+06
1.61274e+07	0	2.03377e+06
1.61322e+07	0	2.03093e+06
1.61371e+07	0	2.02809e+06
1.6142e+07	0	2.02526e+06
1.61468e+07	0	2.02242e+06
1.61516e+07	0	2.0196e+06
1.61565e+07	0	2.01677e+06
1.61613e+07	0	2.01396e+06
1.61661e+07	0	2.01114e+06
1.61709e+07	0	2.00833e+06
1.61757e+07	0	2.00552e+06
1.61805e+07	0	2.00272e+06
1.61853e+07	0	1.99992e+06
1.619e+07	0	1.99712e+06
1.61948e+07	0	1.99433e+06
1.61996e+07	0	1.99154e+06
1.62043e+07	0	1.98876e+06
1.62091e+07	0	1.98598e+06
1.62138e+07	0	1.9832e+06
1.62185e+07	0	1.98043e+06
1.62233e+07	0	1.97766e+06
1.6228e+07	0	1.97489e+06
1.62327e+07	0	1.97213e+06
1.62374e+07	0	1.96937e+06
1.62421e+07	0	1.96662e+06
1.62468e+07	0	1.96387e+06
1.62514e+07	0	1.96112e+06
1.62561e+07	0	1.95838e+06
1.62608e+07	0	1.95564e+06
1.62654e+07	0	1.95291e+06
1.62701e+07	0	1.95017e+06
1.62747e+07	0	1.94745e+06
1.62794e+07	0	1.94472e+06
1.6284e+07	0	1.942e+06
1.62886e+07	0	1.93929e+06
1.62932e+07	0	1.93657e+06
1.62978e+07	0	1.93387e+06
1.63024e+07	0	1.93116e+06
1.6307e+07	0	1.92846e+06
1.63116e+07	0	1.92576e+06
1.63162e+07	0	1.92307e+06
1.63208e+07	0	1.92038e+06
1.63253e+07	0	1.91769e+06
1.63299e+07	0	1.91501e+06
1.63344e+07	0	1.91233e+06
1.6339e+07	0	1.90966e+06
1.63435e+07	0	1.90698e+06
1.63481e+07	0	1.90432e+06
1.63526e+07	0	1.90165e+06
1.63571e+07	0	1.89899e+06
1.63616e+07	0	1.89634e+06
1.63661e+07	0	1.89368e+06
1.63706e+07	0	1.89103e+06
1.63751e+07	0	1.88839e+06
1.63796e+07	0	1.88574e+06
1.6384e+07	0	1.88311e+06
1.63885e+07	0	1.88047e+06
1.6393e+07	0	1.87784e+06
1.63974e+07	0	1.87521e+06
1.64019e+07	0	1.87259e+06
1.64063e+07	0	1.86997e+06
1.64107e+07	0	1.86735e+06
1.64152e+07	0	1.86474e+06
1.64196e+07	0	1.86213e+06
1.6424e+07	0	1.85952e+06
1.64284e+07	0	1.85692e+06
1.64328e+07	0	1.85432e+06
1.64372e+07	0	1.85173e+06
1.64416e+07	0	1.84914e+06
1.64459e+07	0	1.84655e+06
1.64503e+07	0	1.84396e+06
1.64547e+07	0	1.84138e+06
1.6459e+07	0	1.83881e+06
1.64634e+07	0	1.83623e+06
1.64677e+07	0	1.83366e+06
1.64721e+07	0	1.83109e+06
1.64764e+07	0	1.82853e+06
1.64807e+07	0	1.82597e+06
1.6485e+07	0	1.82342e+06
1.64893e+07	0	1.82086e+06
1.64936e+07	0	1.81832e+06
1.64979e+07	0	1.81577e+06
1.65022e+07	0	1.81323e+06
1.65065e+07	0	1.81069e+06
1.65108e+07	0	1.80816e+06
1.65151e+07	0	1.80562e+06
1.65193e+07	0	1.8031e+06
1.65236e+07	0	1.80057e+06
1.65278e+07	0	1.79805e+06
1.65321e+07	0	1.79553e+06
1.65363e+07	0	1.79302e+06
1.65405e+07	0	1.79051e+06
1.65448e+07	0	1.788e+06
1.6549e+07	0	1.7855e+06
1.65532e+07	0	1.783e+06
1.65574e+07	0	1.7805e+06
1.65616e+07	0	1.77801e+06
1.65658e+07	0	1.77552e+06
1.657e+07	0	1.77303e+06
1.65741e+07	0	1.77055e+06
1.65783e+07	0	1.76807e+06
1.65825e+07	0	1.7656e+06
1.65866e+07	0	1.76312e+06
1.65908e+07	0	1.76066e+06
1.65949e+07	0	1.75819e+06
1.65991e+07	0	1.75573e+06
1.66032e+07	0	1.75327e+06
1.66073e+07	0	1.75081e+06
1.66114e+07	0	1.74836e+06
1.66155e+07	0	1.74591e+06
1.66197e+07	0	1.74347e+06
1.66238e+07	0	1.74103e+06
1.66279e+07	0	1.73859e+06
1.66319e+07	0	1.73615e+06
1.6636e+07	0	1.73372e+06
1.66401e+07	0	1.73129e+06
1.66442e+07	0	1.72887e+06
1.66482e+07	0	1.72645e+06
1.66523e+07	0	1.72403e+06
1.66563e+07	0	1.72161e+06
1.66604e+07	0	1.7192e+06
1.66644e+07	0	1.71679e+06
1.66684e+07	0	1.71439e+06
1.66725e+07	0	1.71199e+06
1.66765e+07	0	1.70959e+06
1.66805e+07	0	1.70719e+06
1.66845e+07	0	1.7048e+06
1.66885e+07	0	1.70241e+06
1.66925e+07	0	1.70003e+06
1.66965e+07	0	1.69765e+06
1.67005e+07	0	1.69527e+06
1.67044e+07	0	1.6929e+06
1.67084e+07	0	1.69052e+06
1.67124e+07	0	1.68815e+06
1.67163e+07	0	1.68579e+06
1.67203e+07	0	1.68343e+06
1.67242e+07	0	1.68107e+06
1.67282e+07	0	1.67871e+06
1.67321e+07	0	1.67636e+06
1.6736e+07	0	1.67401e+06
1.67399e+07	0	1.67167e+06
1.67439e+07	0	1.66933e+06
1.67478e+07	0	1.66699e+06
1.67517e+07	0	1.66465e+06
1.67556e+07	0	1.66232e+06
1.67594e+07	0	1.65999e+06
1.67633e+07	0	1.65766e+06
1.67672e+07	0	1.65534e+06
1.67711e+07	0	1.65302e+06
1.67749e+07	0	1.6507e+06
1.67788e+07	0	1.64839e+06
1.67827e+07	0	1.64608e+06
1.67865e+07	0	1.64377e+06
1.67903e+07	0	1.64147e+06
1.67942e+07	0	1.63917e+06
1.6798e+07	0	1.63687e+06
1.68018e+07	0	1.63458e+06
1.68057e+07	0	1.63229e+06
1.68095e+07	0	1.63e+06
1.68133e+07	0	1.62771e+06
1.68171e+07	0	1.62543e+06
1.68209e+07	0	1.62316e+06
1.68247e+07	0	1.62088e+06
1.68284e+07	0	1.61861e+06
1.68322e+07	0	1.61634e+06
1.6836e+07	0	1.61407e+06
1.68398e+07	0	1.61181e+06
