3.44738e+07	0
3.61995e+07	5.1772e+06
3.7556e+07	9.24654e+06
3.86619e+07	1.25642e+07
3.96212e+07	1.54423e+07
4.05028e+07	1.80872e+07
4.12789e+07	2.04154e+07
4.20148e+07	2.2623e+07
4.26803e+07	2.46194e+07
4.33082e+07	2.65031e+07
4.39312e+07	2.83722e+07
4.44862e+07	3.00373e+07
4.50375e+07	3.16912e+07
4.55535e+07	3.32392e+07
4.60665e+07	3.47782e+07
4.65448e+07	3.6213e+07
4.69885e+07	3.7544e+07
4.74619e+07	3.89644e+07
4.7869e+07	4.01855e+07
4.83061e+07	4.14971e+07
4.87093e+07	4.27064e+07
4.91106e+07	4.39104e+07
4.9478e+07	4.50125e+07
4.9876e+07	4.62066e+07
5.02402e+07	4.72993e+07
5.06029e+07	4.83875e+07
5.0932e+07	4.93745e+07
5.12596e+07	5.03574e+07
5.16182e+07	5.14333e+07
5.19432e+07	5.24083e+07
5.22347e+07	5.32826e+07
5.25572e+07	5.42503e+07
5.28462e+07	5.51173e+07
5.31665e+07	5.60781e+07
5.34532e+07	5.69383e+07
5.37389e+07	5.77953e+07
5.40235e+07	5.86491e+07
5.43071e+07	5.94998e+07
5.45572e+07	6.02501e+07
5.48387e+07	6.10948e+07
5.50868e+07	6.18392e+07
5.5334e+07	6.25807e+07
5.55802e+07	6.33193e+07
5.58255e+07	6.40552e+07
5.60699e+07	6.47883e+07
5.63134e+07	6.55189e+07
5.6556e+07	6.62468e+07
5.67653e+07	6.68745e+07
5.70062e+07	6.75973e+07
5.72138e+07	6.82199e+07
5.74531e+07	6.89378e+07
5.7659e+07	6.95556e+07
5.78641e+07	7.01709e+07
5.80684e+07	7.07839e+07
5.8272e+07	7.13946e+07
5.84748e+07	7.20031e+07
5.86769e+07	7.26092e+07
5.88782e+07	7.32132e+07
5.90462e+07	7.37171e+07
5.9246e+07	7.43167e+07
5.94126e+07	7.48163e+07
5.9611e+07	7.54117e+07
5.97762e+07	7.59071e+07
5.99733e+07	7.64984e+07
6.0137e+07	7.69897e+07
6.03001e+07	7.74791e+07
6.04626e+07	7.79664e+07
6.06244e+07	7.84518e+07
6.08182e+07	7.90334e+07
6.09788e+07	7.9515e+07
6.1106e+07	7.98966e+07
6.12653e+07	8.03745e+07
6.1424e+07	8.08506e+07
6.15821e+07	8.13249e+07
6.17396e+07	8.17974e+07
6.18638e+07	8.21699e+07
6.20201e+07	8.2639e+07
6.21759e+07	8.31063e+07
6.22984e+07	8.34737e+07
6.2453e+07	8.39378e+07
6.25744e+07	8.43018e+07
6.26952e+07	8.46643e+07
6.28483e+07	8.51235e+07
6.2968e+07	8.54827e+07
6.30873e+07	8.58404e+07
6.32388e+07	8.62949e+07
6.3357e+07	8.66495e+07
6.34747e+07	8.70027e+07
6.35919e+07	8.73543e+07
6.37086e+07	8.77044e+07
6.38248e+07	8.80531e+07
6.39406e+07	8.84004e+07
6.40559e+07	8.87462e+07
6.41707e+07	8.90907e+07
6.4285e+07	8.94338e+07
6.4399e+07	8.97755e+07
6.44796e+07	9.00173e+07
6.45926e+07	9.03564e+07
6.47052e+07	9.06942e+07
6.48173e+07	9.10306e+07
6.48962e+07	9.12672e+07
6.50075e+07	9.16012e+07
6.50855e+07	9.18353e+07
6.5196e+07	9.21668e+07
6.53061e+07	9.2497e+07
6.53829e+07	9.27275e+07
6.54922e+07	9.30554e+07
6.55683e+07	9.32834e+07
6.56439e+07	9.35103e+07
6.57521e+07	9.38348e+07
6.58269e+07	9.40595e+07
6.59015e+07	9.4283e+07
6.60085e+07	9.46042e+07
6.60823e+07	9.48256e+07
6.61557e+07	9.50459e+07
6.62617e+07	9.53639e+07
6.63345e+07	9.55821e+07
6.64069e+07	9.57993e+07
6.64789e+07	9.60155e+07
6.65507e+07	9.62307e+07
6.66221e+07	9.64449e+07
6.66932e+07	9.66581e+07
6.67639e+07	9.68704e+07
6.68344e+07	9.70817e+07
6.69045e+07	9.72921e+07
6.69743e+07	9.75016e+07
6.70439e+07	9.77102e+07
6.71131e+07	9.79179e+07
6.7182e+07	9.81247e+07
6.72507e+07	9.83307e+07
6.73191e+07	9.85358e+07
6.73871e+07	9.87401e+07
6.7455e+07	9.89435e+07
6.74895e+07	9.90472e+07
6.75568e+07	9.9249e+07
6.76238e+07	9.94501e+07
6.76905e+07	9.96503e+07
6.7724e+07	9.97508e+07
6.77903e+07	9.99495e+07
6.78563e+07	1.00147e+08
6.7889e+07	1.00246e+08
6.79545e+07	1.00442e+08
6.80198e+07	1.00638e+08
6.80518e+07	1.00734e+08
6.81166e+07	1.00928e+08
6.81811e+07	1.01122e+08
6.82125e+07	1.01216e+08
6.82766e+07	1.01408e+08
6.83075e+07	1.01501e+08
6.83712e+07	1.01692e+08
6.84016e+07	1.01784e+08
6.84649e+07	1.01973e+08
6.84949e+07	1.02063e+08
6.85578e+07	1.02252e+08
6.85874e+07	1.02341e+08
6.86168e+07	1.02429e+08
6.86791e+07	1.02616e+08
6.87082e+07	1.02703e+08
6.877e+07	1.02889e+08
6.87987e+07	1.02975e+08
6.88272e+07	1.0306e+08
6.88886e+07	1.03244e+08
6.89167e+07	1.03329e+08
6.89447e+07	1.03413e+08
6.89724e+07	1.03496e+08
6.90331e+07	1.03678e+08
6.90606e+07	1.0376e+08
6.90879e+07	1.03842e+08
6.9115e+07	1.03924e+08
6.9175e+07	1.04104e+08
6.92018e+07	1.04184e+08
6.92285e+07	1.04264e+08
6.9255e+07	1.04344e+08
6.92814e+07	1.04423e+08
6.93076e+07	1.04501e+08
6.93667e+07	1.04679e+08
6.93927e+07	1.04757e+08
6.94185e+07	1.04834e+08
6.94441e+07	1.04911e+08
6.94697e+07	1.04988e+08
6.94951e+07	1.05064e+08
6.95204e+07	1.0514e+08
6.95455e+07	1.05215e+08
6.95705e+07	1.0529e+08
6.95954e+07	1.05365e+08
6.96202e+07	1.05439e+08
6.96449e+07	1.05513e+08
6.96694e+07	1.05587e+08
6.96939e+07	1.0566e+08
6.97182e+07	1.05733e+08
6.97424e+07	1.05806e+08
6.97665e+07	1.05878e+08
6.97905e+07	1.0595e+08
6.98145e+07	1.06022e+08
6.98383e+07	1.06093e+08
6.9862e+07	1.06165e+08
6.98856e+07	1.06235e+08
6.99091e+07	1.06306e+08
6.99325e+07	1.06376e+08
6.99559e+07	1.06446e+08
6.9946e+07	1.06417e+08
6.99692e+07	1.06486e+08
6.99922e+07	1.06555e+08
7.00152e+07	1.06624e+08
7.00381e+07	1.06693e+08
7.0061e+07	1.06762e+08
7.00837e+07	1.0683e+08
7.00733e+07	1.06798e+08
7.00959e+07	1.06866e+08
7.01184e+07	1.06934e+08
7.01409e+07	1.07001e+08
7.01632e+07	1.07068e+08
7.01524e+07	1.07036e+08
7.01747e+07	1.07103e+08
7.01969e+07	1.07169e+08
7.0219e+07	1.07236e+08
7.02079e+07	1.07202e+08
7.02299e+07	1.07268e+08
7.02519e+07	1.07334e+08
7.02406e+07	1.073e+08
7.02624e+07	1.07366e+08
7.02842e+07	1.07431e+08
7.03059e+07	1.07496e+08
7.02945e+07	1.07462e+08
7.03161e+07	1.07527e+08
7.03376e+07	1.07591e+08
7.0326e+07	1.07557e+08
7.03475e+07	1.07621e+08
7.03689e+07	1.07685e+08
7.03571e+07	1.0765e+08
7.03785e+07	1.07714e+08
7.03997e+07	1.07778e+08
7.03879e+07	1.07742e+08
7.04091e+07	1.07806e+08
7.03971e+07	1.0777e+08
7.04183e+07	1.07833e+08
7.04393e+07	1.07897e+08
7.04273e+07	1.0786e+08
7.04483e+07	1.07924e+08
7.04362e+07	1.07887e+08
7.04571e+07	1.0795e+08
7.0478e+07	1.08013e+08
7.04658e+07	1.07976e+08
7.04867e+07	1.08039e+08
7.04744e+07	1.08002e+08
7.04953e+07	1.08064e+08
7.04829e+07	1.08027e+08
7.05037e+07	1.0809e+08
7.04913e+07	1.08052e+08
7.0512e+07	1.08115e+08
7.05327e+07	1.08177e+08
7.05203e+07	1.0814e+08
7.05409e+07	1.08201e+08
7.05285e+07	1.08164e+08
7.05491e+07	1.08226e+08
7.05366e+07	1.08188e+08
7.05571e+07	1.0825e+08
7.05446e+07	1.08213e+08
7.05652e+07	1.08274e+08
7.05526e+07	1.08237e+08
7.054e+07	1.08199e+08
7.05606e+07	1.0826e+08
7.05479e+07	1.08222e+08
7.05685e+07	1.08284e+08
7.05558e+07	1.08246e+08
7.05763e+07	1.08308e+08
7.05637e+07	1.0827e+08
7.05841e+07	1.08331e+08
7.05715e+07	1.08293e+08
7.05919e+07	1.08354e+08
7.05793e+07	1.08317e+08
7.05666e+07	1.08278e+08
7.05871e+07	1.0834e+08
7.05744e+07	1.08302e+08
7.05948e+07	1.08363e+08
7.05822e+07	1.08325e+08
7.05694e+07	1.08287e+08
7.05899e+07	1.08348e+08
7.05772e+07	1.0831e+08
7.05977e+07	1.08372e+08
7.0585e+07	1.08334e+08
7.05723e+07	1.08296e+08
7.05928e+07	1.08357e+08
7.05801e+07	1.08319e+08
7.06006e+07	1.0838e+08
7.0588e+07	1.08343e+08
7.05753e+07	1.08305e+08
7.05958e+07	1.08366e+08
7.05832e+07	1.08328e+08
7.05705e+07	1.0829e+08
7.0591e+07	1.08352e+08
7.05784e+07	1.08314e+08
7.05658e+07	1.08276e+08
7.05864e+07	1.08338e+08
7.05738e+07	1.083e+08
7.05612e+07	1.08262e+08
7.05818e+07	1.08324e+08
7.05692e+07	1.08286e+08
7.05567e+07	1.08249e+08
7.05773e+07	1.08311e+08
7.05648e+07	1.08273e+08
7.05523e+07	1.08235e+08
7.05729e+07	1.08297e+08
7.05605e+07	1.0826e+08
7.0548e+07	1.08223e+08
7.05687e+07	1.08285e+08
7.05563e+07	1.08248e+08
7.05439e+07	1.0821e+08
7.05314e+07	1.08173e+08
7.05522e+07	1.08235e+08
7.05399e+07	1.08198e+08
7.05275e+07	1.08161e+08
7.05483e+07	1.08224e+08
7.05361e+07	1.08187e+08
7.05238e+07	1.0815e+08
7.05115e+07	1.08113e+08
7.05324e+07	1.08176e+08
7.05202e+07	1.08139e+08
7.0508e+07	1.08103e+08
7.05289e+07	1.08165e+08
7.05168e+07	1.08129e+08
7.05047e+07	1.08093e+08
7.04925e+07	1.08056e+08
7.05135e+07	1.08119e+08
7.05015e+07	1.08083e+08
7.04895e+07	1.08047e+08
7.04774e+07	1.08011e+08
7.04985e+07	1.08074e+08
7.04866e+07	1.08038e+08
7.04746e+07	1.08003e+08
7.04627e+07	1.07967e+08
7.04507e+07	1.07931e+08
7.0472e+07	1.07995e+08
7.04602e+07	1.07959e+08
7.04483e+07	1.07924e+08
7.04365e+07	1.07888e+08
7.04578e+07	1.07952e+08
7.04461e+07	1.07917e+08
7.04344e+07	1.07882e+08
7.04227e+07	1.07847e+08
7.04109e+07	1.07811e+08
7.04325e+07	1.07876e+08
7.04209e+07	1.07841e+08
7.04093e+07	1.07807e+08
7.03977e+07	1.07772e+08
7.04192e+07	1.07836e+08
7.04078e+07	1.07802e+08
7.03963e+07	1.07768e+08
7.03849e+07	1.07733e+08
7.03734e+07	1.07699e+08
7.0362e+07	1.07665e+08
7.03838e+07	1.0773e+08
7.03725e+07	1.07696e+08
7.03612e+07	1.07662e+08
7.03499e+07	1.07628e+08
7.03386e+07	1.07594e+08
7.03605e+07	1.0766e+08
7.03493e+07	1.07627e+08
7.03382e+07	1.07593e+08
7.03271e+07	1.0756e+08
7.03159e+07	1.07526e+08
7.03048e+07	1.07493e+08
7.0327e+07	1.07559e+08
7.0316e+07	1.07527e+08
7.0305e+07	1.07494e+08
7.02941e+07	1.07461e+08
7.02831e+07	1.07428e+08
7.02722e+07	1.07395e+08
7.02945e+07	1.07462e+08
7.02837e+07	1.0743e+08
7.0273e+07	1.07398e+08
7.02622e+07	1.07365e+08
7.02515e+07	1.07333e+08
7.02407e+07	1.07301e+08
7.02632e+07	1.07368e+08
7.02526e+07	1.07336e+08
7.02421e+07	1.07305e+08
7.02315e+07	1.07273e+08
7.0221e+07	1.07242e+08
7.02104e+07	1.0721e+08
7.01999e+07	1.07178e+08
7.02226e+07	1.07247e+08
7.02123e+07	1.07215e+08
7.0202e+07	1.07185e+08
7.01916e+07	1.07154e+08
7.01813e+07	1.07123e+08
7.0171e+07	1.07092e+08
7.01607e+07	1.07061e+08
7.01836e+07	1.0713e+08
7.01735e+07	1.07099e+08
7.01635e+07	1.07069e+08
7.01534e+07	1.07039e+08
7.01433e+07	1.07009e+08
7.01333e+07	1.06979e+08
7.01233e+07	1.06948e+08
7.01132e+07	1.06918e+08
7.01364e+07	1.06988e+08
7.01266e+07	1.06958e+08
7.01168e+07	1.06929e+08
7.0107e+07	1.069e+08
7.00972e+07	1.0687e+08
7.00874e+07	1.06841e+08
7.00777e+07	1.06812e+08
7.00679e+07	1.06782e+08
7.00582e+07	1.06753e+08
7.00817e+07	1.06824e+08
7.00722e+07	1.06795e+08
7.00627e+07	1.06767e+08
7.00532e+07	1.06738e+08
7.00438e+07	1.0671e+08
7.00343e+07	1.06682e+08
7.00249e+07	1.06653e+08
7.00154e+07	1.06625e+08
7.0006e+07	1.06597e+08
7.00298e+07	1.06668e+08
7.00206e+07	1.0664e+08
7.00114e+07	1.06613e+08
7.00022e+07	1.06585e+08
6.99931e+07	1.06558e+08
6.9984e+07	1.06531e+08
6.99748e+07	1.06503e+08
6.99658e+07	1.06476e+08
6.99567e+07	1.06449e+08
6.99476e+07	1.06422e+08
6.99386e+07	1.06394e+08
6.99628e+07	1.06467e+08
6.99539e+07	1.0644e+08
6.99451e+07	1.06414e+08
6.99363e+07	1.06388e+08
6.99276e+07	1.06361e+08
6.99188e+07	1.06335e+08
6.99101e+07	1.06309e+08
6.99014e+07	1.06283e+08
6.98927e+07	1.06257e+08
6.98841e+07	1.06231e+08
6.98754e+07	1.06205e+08
6.98668e+07	1.06179e+08
6.98913e+07	1.06253e+08
6.98829e+07	1.06227e+08
6.98746e+07	1.06202e+08
6.98662e+07	1.06177e+08
6.98578e+07	1.06152e+08
6.98495e+07	1.06127e+08
6.98412e+07	1.06102e+08
6.98329e+07	1.06077e+08
6.98247e+07	1.06053e+08
6.98165e+07	1.06028e+08
6.98082e+07	1.06003e+08
6.98001e+07	1.05979e+08
6.97919e+07	1.05954e+08
6.97837e+07	1.0593e+08
6.98087e+07	1.06005e+08
6.98008e+07	1.05981e+08
6.97929e+07	1.05957e+08
6.9785e+07	1.05934e+08
6.97772e+07	1.0591e+08
6.97693e+07	1.05887e+08
6.97615e+07	1.05863e+08
6.97537e+07	1.0584e+08
6.97459e+07	1.05816e+08
6.97382e+07	1.05793e+08
6.97305e+07	1.0577e+08
6.97228e+07	1.05747e+08
6.97151e+07	1.05724e+08
6.97075e+07	1.05701e+08
6.96998e+07	1.05678e+08
6.96922e+07	1.05655e+08
6.96846e+07	1.05633e+08
6.97102e+07	1.05709e+08
6.97029e+07	1.05687e+08
6.96955e+07	1.05665e+08
6.96882e+07	1.05643e+08
6.96809e+07	1.05621e+08
6.96737e+07	1.056e+08
6.96664e+07	1.05578e+08
6.96592e+07	1.05556e+08
6.9652e+07	1.05535e+08
6.96448e+07	1.05513e+08
6.96377e+07	1.05492e+08
6.96306e+07	1.0547e+08
6.96235e+07	1.05449e+08
6.96164e+07	1.05428e+08
6.96094e+07	1.05407e+08
6.96023e+07	1.05386e+08
6.95953e+07	1.05365e+08
6.95884e+07	1.05344e+08
6.95814e+07	1.05323e+08
6.95745e+07	1.05302e+08
6.95676e+07	1.05281e+08
6.95938e+07	1.0536e+08
6.95872e+07	1.0534e+08
6.95805e+07	1.0532e+08
6.95739e+07	1.053e+08
6.95673e+07	1.0528e+08
6.95607e+07	1.05261e+08
6.95541e+07	1.05241e+08
6.95476e+07	1.05221e+08
6.95411e+07	1.05202e+08
6.95346e+07	1.05182e+08
6.95282e+07	1.05163e+08
6.95217e+07	1.05144e+08
6.95153e+07	1.05125e+08
6.95089e+07	1.05105e+08
6.95026e+07	1.05086e+08
6.94962e+07	1.05067e+08
6.94899e+07	1.05048e+08
6.94837e+07	1.0503e+08
6.94774e+07	1.05011e+08
6.94712e+07	1.04992e+08
6.9465e+07	1.04974e+08
6.94588e+07	1.04955e+08
6.94526e+07	1.04937e+08
6.94465e+07	1.04918e+08
6.94404e+07	1.049e+08
6.94343e+07	1.04882e+08
6.94282e+07	1.04863e+08
6.94222e+07	1.04845e+08
6.94162e+07	1.04827e+08
6.94102e+07	1.04809e+08
6.94374e+07	1.04891e+08
6.94317e+07	1.04874e+08
6.94259e+07	1.04856e+08
6.94202e+07	1.04839e+08
6.94145e+07	1.04822e+08
6.94089e+07	1.04805e+08
6.94032e+07	1.04788e+08
6.93976e+07	1.04771e+08
6.9392e+07	1.04755e+08
6.93865e+07	1.04738e+08
6.93809e+07	1.04721e+08
6.93754e+07	1.04705e+08
6.93699e+07	1.04688e+08
6.93645e+07	1.04672e+08
6.9359e+07	1.04656e+08
6.93536e+07	1.0464e+08
6.93482e+07	1.04623e+08
6.93429e+07	1.04607e+08
6.93375e+07	1.04591e+08
6.93322e+07	1.04575e+08
6.93269e+07	1.04559e+08
6.93217e+07	1.04544e+08
6.93164e+07	1.04528e+08
6.93112e+07	1.04512e+08
6.9306e+07	1.04497e+08
6.93008e+07	1.04481e+08
6.92957e+07	1.04466e+08
6.92906e+07	1.0445e+08
6.92855e+07	1.04435e+08
6.92804e+07	1.0442e+08
6.92754e+07	1.04405e+08
6.92704e+07	1.0439e+08
6.92654e+07	1.04375e+08
6.92604e+07	1.0436e+08
6.92555e+07	1.04345e+08
6.92505e+07	1.0433e+08
6.92456e+07	1.04316e+08
6.92408e+07	1.04301e+08
6.92359e+07	1.04286e+08
6.92311e+07	1.04272e+08
6.92263e+07	1.04258e+08
6.92215e+07	1.04243e+08
6.92168e+07	1.04229e+08
6.9212e+07	1.04215e+08
6.92073e+07	1.04201e+08
6.92027e+07	1.04187e+08
6.9198e+07	1.04173e+08
6.91934e+07	1.04159e+08
6.91888e+07	1.04145e+08
6.91842e+07	1.04131e+08
6.91796e+07	1.04118e+08
6.91751e+07	1.04104e+08
6.91706e+07	1.0409e+08
6.91661e+07	1.04077e+08
6.91617e+07	1.04064e+08
6.91572e+07	1.0405e+08
6.91528e+07	1.04037e+08
6.91484e+07	1.04024e+08
6.91441e+07	1.04011e+08
6.91397e+07	1.03998e+08
6.91354e+07	1.03985e+08
6.91311e+07	1.03972e+08
6.91268e+07	1.03959e+08
6.91226e+07	1.03946e+08
6.91184e+07	1.03934e+08
6.91142e+07	1.03921e+08
6.91431e+07	1.04008e+08
6.91391e+07	1.03996e+08
6.91352e+07	1.03984e+08
6.91312e+07	1.03972e+08
6.91273e+07	1.03961e+08
6.91234e+07	1.03949e+08
6.91196e+07	1.03937e+08
6.91157e+07	1.03926e+08
6.91119e+07	1.03914e+08
6.91081e+07	1.03903e+08
6.91043e+07	1.03892e+08
6.91006e+07	1.0388e+08
6.90968e+07	1.03869e+08
6.90931e+07	1.03858e+08
6.90894e+07	1.03847e+08
6.90857e+07	1.03836e+08
6.90821e+07	1.03825e+08
6.90785e+07	1.03814e+08
6.90749e+07	1.03803e+08
6.90713e+07	1.03793e+08
6.90677e+07	1.03782e+08
6.90642e+07	1.03771e+08
6.90607e+07	1.03761e+08
6.90572e+07	1.0375e+08
6.90537e+07	1.0374e+08
6.90503e+07	1.03729e+08
6.90468e+07	1.03719e+08
6.90434e+07	1.03709e+08
6.904e+07	1.03699e+08
6.90367e+07	1.03689e+08
6.90333e+07	1.03679e+08
6.903e+07	1.03669e+08
6.90267e+07	1.03659e+08
6.90234e+07	1.03649e+08
6.90202e+07	1.03639e+08
6.90169e+07	1.03629e+08
6.90137e+07	1.0362e+08
6.90105e+07	1.0361e+08
6.90074e+07	1.03601e+08
6.90042e+07	1.03591e+08
6.90011e+07	1.03582e+08
6.8998e+07	1.03573e+08
6.89949e+07	1.03563e+08
6.89918e+07	1.03554e+08
6.89887e+07	1.03545e+08
6.89857e+07	1.03536e+08
6.89827e+07	1.03527e+08
6.89797e+07	1.03518e+08
6.89768e+07	1.03509e+08
6.89738e+07	1.035e+08
6.89709e+07	1.03491e+08
6.8968e+07	1.03483e+08
6.89651e+07	1.03474e+08
6.89622e+07	1.03465e+08
6.89594e+07	1.03457e+08
6.89566e+07	1.03448e+08
6.89538e+07	1.0344e+08
6.8951e+07	1.03432e+08
6.89482e+07	1.03423e+08
6.89455e+07	1.03415e+08
6.89427e+07	1.03407e+08
6.894e+07	1.03399e+08
6.89374e+07	1.03391e+08
6.89347e+07	1.03383e+08
6.8932e+07	1.03375e+08
6.89294e+07	1.03367e+08
6.89268e+07	1.03359e+08
6.89242e+07	1.03351e+08
6.89217e+07	1.03344e+08
6.89191e+07	1.03336e+08
6.89166e+07	1.03328e+08
6.89141e+07	1.03321e+08
6.89116e+07	1.03313e+08
6.89091e+07	1.03306e+08
6.89067e+07	1.03299e+08
6.89042e+07	1.03291e+08
6.89018e+07	1.03284e+08
6.88994e+07	1.03277e+08
6.8897e+07	1.0327e+08
6.88947e+07	1.03263e+08
6.88923e+07	1.03256e+08
6.889e+07	1.03249e+08
6.88877e+07	1.03242e+08
6.88854e+07	1.03235e+08
6.88832e+07	1.03228e+08
6.88809e+07	1.03221e+08
6.88787e+07	1.03215e+08
6.88765e+07	1.03208e+08
6.88743e+07	1.03201e+08
6.88721e+07	1.03195e+08
6.887e+07	1.03188e+08
6.88678e+07	1.03182e+08
6.88657e+07	1.03176e+08
6.88636e+07	1.03169e+08
6.88615e+07	1.03163e+08
6.88594e+07	1.03157e+08
6.88574e+07	1.03151e+08
6.88554e+07	1.03145e+08
6.88533e+07	1.03139e+08
6.88513e+07	1.03133e+08
6.88494e+07	1.03127e+08
6.88474e+07	1.03121e+08
6.88455e+07	1.03115e+08
6.88435e+07	1.03109e+08
6.88416e+07	1.03104e+08
6.88397e+07	1.03098e+08
6.88379e+07	1.03092e+08
6.8836e+07	1.03087e+08
6.88342e+07	1.03081e+08
6.88323e+07	1.03076e+08
6.88305e+07	1.0307e+08
6.88287e+07	1.03065e+08
6.8827e+07	1.0306e+08
6.88252e+07	1.03054e+08
6.88235e+07	1.03049e+08
6.88218e+07	1.03044e+08
6.882e+07	1.03039e+08
6.88184e+07	1.03034e+08
6.88167e+07	1.03029e+08
6.8815e+07	1.03024e+08
6.88134e+07	1.03019e+08
6.88118e+07	1.03014e+08
6.88101e+07	1.03009e+08
6.88086e+07	1.03004e+08
6.8807e+07	1.03e+08
6.88054e+07	1.02995e+08
6.88039e+07	1.0299e+08
6.88023e+07	1.02986e+08
6.88008e+07	1.02981e+08
6.87993e+07	1.02977e+08
6.87979e+07	1.02972e+08
6.87964e+07	1.02968e+08
6.87949e+07	1.02963e+08
6.87935e+07	1.02959e+08
6.87921e+07	1.02955e+08
6.87907e+07	1.02951e+08
6.87893e+07	1.02947e+08
6.87879e+07	1.02942e+08
6.87866e+07	1.02938e+08
6.87852e+07	1.02934e+08
6.87839e+07	1.0293e+08
6.87826e+07	1.02926e+08
6.87813e+07	1.02922e+08
6.878e+07	1.02919e+08
6.87787e+07	1.02915e+08
6.87775e+07	1.02911e+08
6.87762e+07	1.02907e+08
6.8775e+07	1.02904e+08
6.87738e+07	1.029e+08
6.87726e+07	1.02896e+08
6.87714e+07	1.02893e+08
6.87703e+07	1.02889e+08
6.87691e+07	1.02886e+08
6.8768e+07	1.02883e+08
6.87669e+07	1.02879e+08
6.87658e+07	1.02876e+08
6.87647e+07	1.02873e+08
6.87636e+07	1.02869e+08
6.87625e+07	1.02866e+08
6.87615e+07	1.02863e+08
6.87604e+07	1.0286e+08
6.87594e+07	1.02857e+08
6.87584e+07	1.02854e+08
6.87574e+07	1.02851e+08
6.87564e+07	1.02848e+08
6.87554e+07	1.02845e+08
6.87545e+07	1.02842e+08
6.87536e+07	1.02839e+08
6.87526e+07	1.02837e+08
6.87517e+07	1.02834e+08
6.87508e+07	1.02831e+08
6.87499e+07	1.02828e+08
6.8749e+07	1.02826e+08
6.87482e+07	1.02823e+08
6.87473e+07	1.02821e+08
6.87465e+07	1.02818e+08
6.87457e+07	1.02816e+08
6.87449e+07	1.02813e+08
6.87441e+07	1.02811e+08
6.87433e+07	1.02809e+08
6.87425e+07	1.02806e+08
6.87418e+07	1.02804e+08
6.8741e+07	1.02802e+08
6.87403e+07	1.028e+08
6.87396e+07	1.02797e+08
6.87389e+07	1.02795e+08
6.87382e+07	1.02793e+08
6.87375e+07	1.02791e+08
6.87368e+07	1.02789e+08
6.87362e+07	1.02787e+08
6.87355e+07	1.02785e+08
6.87349e+07	1.02783e+08
6.87343e+07	1.02781e+08
6.87337e+07	1.0278e+08
6.87331e+07	1.02778e+08
6.87325e+07	1.02776e+08
6.87319e+07	1.02774e+08
6.87314e+07	1.02773e+08
6.87308e+07	1.02771e+08
6.87303e+07	1.02769e+08
6.87297e+07	1.02768e+08
6.87292e+07	1.02766e+08
6.87287e+07	1.02765e+08
6.87282e+07	1.02763e+08
6.87278e+07	1.02762e+08
6.87273e+07	1.02761e+08
6.87268e+07	1.02759e+08
6.87264e+07	1.02758e+08
6.8726e+07	1.02757e+08
6.87255e+07	1.02755e+08
6.87251e+07	1.02754e+08
6.87247e+07	1.02753e+08
6.87243e+07	1.02752e+08
6.8724e+07	1.02751e+08
6.87236e+07	1.02749e+08
6.87233e+07	1.02748e+08
6.87229e+07	1.02747e+08
6.87226e+07	1.02746e+08
6.87223e+07	1.02745e+08
6.87219e+07	1.02744e+08
6.87216e+07	1.02744e+08
6.87214e+07	1.02743e+08
6.87211e+07	1.02742e+08
6.87208e+07	1.02741e+08
6.87206e+07	1.0274e+08
6.87203e+07	1.0274e+08
6.87201e+07	1.02739e+08
6.87198e+07	1.02738e+08
6.87196e+07	1.02738e+08
6.87194e+07	1.02737e+08
6.87192e+07	1.02736e+08
6.8719e+07	1.02736e+08
6.87189e+07	1.02735e+08
6.87187e+07	1.02735e+08
6.87185e+07	1.02734e+08
6.87184e+07	1.02734e+08
6.87183e+07	1.02733e+08
6.87181e+07	1.02733e+08
6.8718e+07	1.02733e+08
6.87179e+07	1.02732e+08
6.87178e+07	1.02732e+08
6.87177e+07	1.02732e+08
6.87177e+07	1.02732e+08
6.87176e+07	1.02731e+08
6.87175e+07	1.02731e+08
6.87175e+07	1.02731e+08
6.87174e+07	1.02731e+08
6.87174e+07	1.02731e+08
6.87174e+07	1.02731e+08
6.87174e+07	1.02731e+08
6.87174e+07	1.02731e+08
6.87174e+07	1.02731e+08
6.87174e+07	1.02731e+08
6.87174e+07	1.02731e+08
6.87175e+07	1.02731e+08
6.87175e+07	1.02731e+08
6.87176e+07	1.02731e+08
6.87176e+07	1.02732e+08
6.87177e+07	1.02732e+08
6.87178e+07	1.02732e+08
6.87179e+07	1.02732e+08
6.8718e+07	1.02733e+08
6.87181e+07	1.02733e+08
6.87182e+07	1.02733e+08
6.87183e+07	1.02734e+08
6.87185e+07	1.02734e+08
6.87186e+07	1.02734e+08
6.87187e+07	1.02735e+08
6.87189e+07	1.02735e+08
6.87191e+07	1.02736e+08
6.87192e+07	1.02736e+08
6.87194e+07	1.02737e+08
6.87196e+07	1.02738e+08
6.87198e+07	1.02738e+08
6.872e+07	1.02739e+08
6.87202e+07	1.02739e+08
6.87205e+07	1.0274e+08
6.87207e+07	1.02741e+08
6.87209e+07	1.02741e+08
6.87212e+07	1.02742e+08
6.87215e+07	1.02743e+08
6.87217e+07	1.02744e+08
6.8722e+07	1.02745e+08
6.87223e+07	1.02745e+08
6.87226e+07	1.02746e+08
6.87229e+07	1.02747e+08
6.87232e+07	1.02748e+08
6.87235e+07	1.02749e+08
6.87238e+07	1.0275e+08
6.87241e+07	1.02751e+08
6.87244e+07	1.02752e+08
6.87248e+07	1.02753e+08
6.87251e+07	1.02754e+08
6.87255e+07	1.02755e+08
6.87259e+07	1.02756e+08
6.87262e+07	1.02757e+08
6.87266e+07	1.02758e+08
6.8727e+07	1.0276e+08
6.87274e+07	1.02761e+08
6.87278e+07	1.02762e+08
6.87282e+07	1.02763e+08
6.87286e+07	1.02764e+08
6.8729e+07	1.02766e+08
6.87295e+07	1.02767e+08
6.87299e+07	1.02768e+08
6.87303e+07	1.0277e+08
6.87308e+07	1.02771e+08
6.87312e+07	1.02772e+08
6.87317e+07	1.02774e+08
6.87322e+07	1.02775e+08
6.87327e+07	1.02777e+08
6.87331e+07	1.02778e+08
6.87336e+07	1.0278e+08
6.87341e+07	1.02781e+08
6.87346e+07	1.02783e+08
6.87351e+07	1.02784e+08
6.87357e+07	1.02786e+08
6.87362e+07	1.02787e+08
6.87367e+07	1.02789e+08
6.87372e+07	1.0279e+08
6.87378e+07	1.02792e+08
6.87383e+07	1.02794e+08
6.87389e+07	1.02795e+08
6.87395e+07	1.02797e+08
6.874e+07	1.02799e+08
6.87406e+07	1.028e+08
6.87412e+07	1.02802e+08
6.87418e+07	1.02804e+08
6.87424e+07	1.02806e+08
6.87429e+07	1.02807e+08
6.87436e+07	1.02809e+08
6.87442e+07	1.02811e+08
6.87448e+07	1.02813e+08
6.87454e+07	1.02815e+08
6.8746e+07	1.02817e+08
6.87467e+07	1.02819e+08
6.87473e+07	1.02821e+08
6.87479e+07	1.02822e+08
6.87486e+07	1.02824e+08
6.87493e+07	1.02826e+08
6.87499e+07	1.02828e+08
6.87506e+07	1.0283e+08
6.87513e+07	1.02832e+08
6.87519e+07	1.02834e+08
6.87526e+07	1.02837e+08
6.87533e+07	1.02839e+08
6.8754e+07	1.02841e+08
6.87547e+07	1.02843e+08
6.87554e+07	1.02845e+08
6.87561e+07	1.02847e+08
6.87569e+07	1.02849e+08
6.87576e+07	1.02851e+08
6.87583e+07	1.02854e+08
6.8759e+07	1.02856e+08
6.87598e+07	1.02858e+08
6.87605e+07	1.0286e+08
6.87613e+07	1.02862e+08
6.8762e+07	1.02865e+08
6.87628e+07	1.02867e+08
6.87635e+07	1.02869e+08
6.87643e+07	1.02872e+08
6.87651e+07	1.02874e+08
6.87659e+07	1.02876e+08
6.87667e+07	1.02879e+08
6.87674e+07	1.02881e+08
6.87682e+07	1.02883e+08
6.8769e+07	1.02886e+08
6.87698e+07	1.02888e+08
6.87706e+07	1.02891e+08
6.87715e+07	1.02893e+08
6.87723e+07	1.02895e+08
6.87731e+07	1.02898e+08
6.87739e+07	1.029e+08
6.87748e+07	1.02903e+08
6.87756e+07	1.02905e+08
6.87764e+07	1.02908e+08
6.87773e+07	1.0291e+08
6.87781e+07	1.02913e+08
6.8779e+07	1.02916e+08
6.87798e+07	1.02918e+08
6.87807e+07	1.02921e+08
6.87816e+07	1.02923e+08
6.87825e+07	1.02926e+08
6.87833e+07	1.02929e+08
6.87842e+07	1.02931e+08
6.87851e+07	1.02934e+08
6.8786e+07	1.02937e+08
6.87869e+07	1.02939e+08
6.87878e+07	1.02942e+08
6.87887e+07	1.02945e+08
6.87896e+07	1.02947e+08
6.87905e+07	1.0295e+08
6.87914e+07	1.02953e+08
6.87923e+07	1.02956e+08
6.87933e+07	1.02958e+08
6.87942e+07	1.02961e+08
6.87951e+07	1.02964e+08
6.8796e+07	1.02967e+08
6.8797e+07	1.0297e+08
6.87979e+07	1.02972e+08
6.87989e+07	1.02975e+08
6.87998e+07	1.02978e+08
6.88008e+07	1.02981e+08
6.88017e+07	1.02984e+08
6.88027e+07	1.02987e+08
6.88037e+07	1.0299e+08
6.88046e+07	1.02993e+08
6.88056e+07	1.02995e+08
6.88066e+07	1.02998e+08
6.88076e+07	1.03001e+08
6.88085e+07	1.03004e+08
6.88095e+07	1.03007e+08
6.88105e+07	1.0301e+08
6.88115e+07	1.03013e+08
6.88125e+07	1.03016e+08
6.88135e+07	1.03019e+08
6.88145e+07	1.03022e+08
6.88155e+07	1.03025e+08
6.88165e+07	1.03028e+08
6.88175e+07	1.03031e+08
6.88186e+07	1.03034e+08
6.88196e+07	1.03037e+08
6.88206e+07	1.0304e+08
6.88216e+07	1.03044e+08
6.88227e+07	1.03047e+08
6.88237e+07	1.0305e+08
6.88247e+07	1.03053e+08
6.88258e+07	1.03056e+08
6.88268e+07	1.03059e+08
6.88279e+07	1.03062e+08
6.88289e+07	1.03065e+08
6.883e+07	1.03069e+08
6.8831e+07	1.03072e+08
6.88321e+07	1.03075e+08
6.88332e+07	1.03078e+08
6.88342e+07	1.03081e+08
6.88353e+07	1.03085e+08
6.88364e+07	1.03088e+08
6.88374e+07	1.03091e+08
6.88385e+07	1.03094e+08
6.88396e+07	1.03097e+08
6.88407e+07	1.03101e+08
6.88418e+07	1.03104e+08
6.88429e+07	1.03107e+08
6.88439e+07	1.0311e+08
6.8845e+07	1.03114e+08
6.88461e+07	1.03117e+08
6.88472e+07	1.0312e+08
6.88483e+07	1.03124e+08
6.88494e+07	1.03127e+08
6.88506e+07	1.0313e+08
6.88517e+07	1.03134e+08
6.88528e+07	1.03137e+08
6.88539e+07	1.0314e+08
6.8855e+07	1.03144e+08
6.88561e+07	1.03147e+08
6.88573e+07	1.0315e+08
6.88584e+07	1.03154e+08
6.88595e+07	1.03157e+08
6.88606e+07	1.03161e+08
6.88618e+07	1.03164e+08
6.88629e+07	1.03167e+08
6.88641e+07	1.03171e+08
6.88652e+07	1.03174e+08
6.88663e+07	1.03178e+08
6.88675e+07	1.03181e+08
6.88686e+07	1.03185e+08
6.88698e+07	1.03188e+08
6.88709e+07	1.03191e+08
6.88721e+07	1.03195e+08
6.88732e+07	1.03198e+08
6.88744e+07	1.03202e+08
6.88756e+07	1.03205e+08
6.88767e+07	1.03209e+08
6.88779e+07	1.03212e+08
6.88791e+07	1.03216e+08
6.88802e+07	1.03219e+08
6.88814e+07	1.03223e+08
6.88826e+07	1.03226e+08
6.88838e+07	1.0323e+08
6.88849e+07	1.03233e+08
6.88861e+07	1.03237e+08
6.88873e+07	1.03241e+08
6.88885e+07	1.03244e+08
6.88897e+07	1.03248e+08
6.88909e+07	1.03251e+08
6.8892e+07	1.03255e+08
6.88932e+07	1.03258e+08
6.88944e+07	1.03262e+08
6.88956e+07	1.03266e+08
6.88968e+07	1.03269e+08
6.8898e+07	1.03273e+08
6.88992e+07	1.03276e+08
6.89004e+07	1.0328e+08
6.89016e+07	1.03284e+08
6.89028e+07	1.03287e+08
6.89041e+07	1.03291e+08
6.89053e+07	1.03294e+08
6.89065e+07	1.03298e+08
6.89077e+07	1.03302e+08
6.89089e+07	1.03305e+08
6.89101e+07	1.03309e+08
6.89113e+07	1.03313e+08
6.89126e+07	1.03316e+08
6.89138e+07	1.0332e+08
6.8915e+07	1.03324e+08
6.89162e+07	1.03327e+08
6.89175e+07	1.03331e+08
6.89187e+07	1.03335e+08
6.89199e+07	1.03338e+08
6.89212e+07	1.03342e+08
6.89224e+07	1.03346e+08
6.89236e+07	1.0335e+08
6.89249e+07	1.03353e+08
6.89261e+07	1.03357e+08
6.89273e+07	1.03361e+08
6.89286e+07	1.03364e+08
6.89298e+07	1.03368e+08
6.89311e+07	1.03372e+08
6.89323e+07	1.03376e+08
6.89336e+07	1.03379e+08
6.89348e+07	1.03383e+08
6.89361e+07	1.03387e+08
6.89373e+07	1.03391e+08
6.89386e+07	1.03394e+08
6.89398e+07	1.03398e+08
6.89411e+07	1.03402e+08
6.89423e+07	1.03406e+08
6.89436e+07	1.03409e+08
6.89448e+07	1.03413e+08
6.89461e+07	1.03417e+08
6.89474e+07	1.03421e+08
6.89486e+07	1.03425e+08
6.89499e+07	1.03428e+08
6.89512e+07	1.03432e+08
6.89524e+07	1.03436e+08
6.89537e+07	1.0344e+08
6.8955e+07	1.03443e+08
6.89562e+07	1.03447e+08
6.89575e+07	1.03451e+08
6.89588e+07	1.03455e+08
6.896e+07	1.03459e+08
6.89613e+07	1.03463e+08
6.89626e+07	1.03466e+08
6.89639e+07	1.0347e+08
6.89651e+07	1.03474e+08
6.89664e+07	1.03478e+08
6.89677e+07	1.03482e+08
6.8969e+07	1.03486e+08
6.89702e+07	1.03489e+08
6.89715e+07	1.03493e+08
6.89728e+07	1.03497e+08
6.89741e+07	1.03501e+08
6.89754e+07	1.03505e+08
6.89767e+07	1.03509e+08
6.89779e+07	1.03512e+08
6.89792e+07	1.03516e+08
6.89805e+07	1.0352e+08
6.89818e+07	1.03524e+08
6.89831e+07	1.03528e+08
6.89844e+07	1.03532e+08
6.89857e+07	1.03536e+08
6.8987e+07	1.0354e+08
6.89883e+07	1.03543e+08
6.89896e+07	1.03547e+08
6.89908e+07	1.03551e+08
6.89921e+07	1.03555e+08
6.89934e+07	1.03559e+08
6.89947e+07	1.03563e+08
6.8996e+07	1.03567e+08
6.89973e+07	1.03571e+08
6.89986e+07	1.03575e+08
6.89999e+07	1.03578e+08
6.90012e+07	1.03582e+08
6.90025e+07	1.03586e+08
6.90038e+07	1.0359e+08
6.90051e+07	1.03594e+08
6.90064e+07	1.03598e+08
6.90077e+07	1.03602e+08
6.9009e+07	1.03606e+08
6.90103e+07	1.0361e+08
6.90116e+07	1.03614e+08
6.90129e+07	1.03617e+08
6.90143e+07	1.03621e+08
6.90156e+07	1.03625e+08
6.90169e+07	1.03629e+08
6.90182e+07	1.03633e+08
6.90195e+07	1.03637e+08
6.90208e+07	1.03641e+08
6.90221e+07	1.03645e+08
6.90234e+07	1.03649e+08
6.90247e+07	1.03653e+08
6.9026e+07	1.03657e+08
6.90273e+07	1.03661e+08
6.90286e+07	1.03665e+08
6.903e+07	1.03669e+08
6.90313e+07	1.03672e+08
6.90326e+07	1.03676e+08
6.90339e+07	1.0368e+08
6.90352e+07	1.03684e+08
6.90365e+07	1.03688e+08
6.90378e+07	1.03692e+08
6.90391e+07	1.03696e+08
6.90405e+07	1.037e+08
6.90418e+07	1.03704e+08
6.90431e+07	1.03708e+08
6.90444e+07	1.03712e+08
6.90457e+07	1.03716e+08
6.9047e+07	1.0372e+08
6.90483e+07	1.03724e+08
6.90497e+07	1.03728e+08
6.9051e+07	1.03732e+08
6.90523e+07	1.03736e+08
6.90536e+07	1.03739e+08
6.90549e+07	1.03743e+08
6.90562e+07	1.03747e+08
6.90576e+07	1.03751e+08
6.90589e+07	1.03755e+08
6.90602e+07	1.03759e+08
6.90615e+07	1.03763e+08
6.90628e+07	1.03767e+08
6.90641e+07	1.03771e+08
6.90655e+07	1.03775e+08
6.90668e+07	1.03779e+08
6.90681e+07	1.03783e+08
6.90694e+07	1.03787e+08
6.90707e+07	1.03791e+08
6.90721e+07	1.03795e+08
6.90734e+07	1.03799e+08
6.90747e+07	1.03803e+08
6.9076e+07	1.03807e+08
6.90773e+07	1.03811e+08
6.90787e+07	1.03815e+08
6.908e+07	1.03819e+08
6.90813e+07	1.03823e+08
6.90826e+07	1.03826e+08
6.90839e+07	1.0383e+08
6.90852e+07	1.03834e+08
6.90866e+07	1.03838e+08
6.90879e+07	1.03842e+08
6.90892e+07	1.03846e+08
6.90905e+07	1.0385e+08
6.90918e+07	1.03854e+08
6.90932e+07	1.03858e+08
6.90945e+07	1.03862e+08
6.90958e+07	1.03866e+08
6.90971e+07	1.0387e+08
6.90984e+07	1.03874e+08
6.90998e+07	1.03878e+08
6.91011e+07	1.03882e+08
6.91024e+07	1.03886e+08
6.91037e+07	1.0389e+08
6.9105e+07	1.03894e+08
6.91064e+07	1.03898e+08
6.91077e+07	1.03902e+08
6.9109e+07	1.03906e+08
6.91103e+07	1.0391e+08
6.91116e+07	1.03914e+08
6.91129e+07	1.03917e+08
6.91143e+07	1.03921e+08
6.91156e+07	1.03925e+08
6.91169e+07	1.03929e+08
6.91182e+07	1.03933e+08
6.91195e+07	1.03937e+08
6.91208e+07	1.03941e+08
6.91222e+07	1.03945e+08
6.91235e+07	1.03949e+08
6.91248e+07	1.03953e+08
6.91261e+07	1.03957e+08
6.91274e+07	1.03961e+08
6.91287e+07	1.03965e+08
6.91301e+07	1.03969e+08
6.91314e+07	1.03973e+08
6.91327e+07	1.03977e+08
6.9134e+07	1.03981e+08
6.91353e+07	1.03985e+08
6.91366e+07	1.03989e+08
6.91379e+07	1.03992e+08
6.91392e+07	1.03996e+08
6.91406e+07	1.04e+08
6.91419e+07	1.04004e+08
6.91432e+07	1.04008e+08
6.91445e+07	1.04012e+08
6.91458e+07	1.04016e+08
6.91471e+07	1.0402e+08
6.91484e+07	1.04024e+08
6.91497e+07	1.04028e+08
6.91511e+07	1.04032e+08
6.91524e+07	1.04036e+08
6.91537e+07	1.0404e+08
6.9155e+07	1.04044e+08
6.91563e+07	1.04048e+08
6.91576e+07	1.04051e+08
6.91589e+07	1.04055e+08
6.91602e+07	1.04059e+08
6.91615e+07	1.04063e+08
6.91628e+07	1.04067e+08
6.91641e+07	1.04071e+08
6.91654e+07	1.04075e+08
6.91667e+07	1.04079e+08
6.9168e+07	1.04083e+08
6.91694e+07	1.04087e+08
6.91707e+07	1.04091e+08
6.9172e+07	1.04095e+08
6.91733e+07	1.04098e+08
6.91746e+07	1.04102e+08
6.91759e+07	1.04106e+08
6.91772e+07	1.0411e+08
6.91785e+07	1.04114e+08
6.91798e+07	1.04118e+08
6.91811e+07	1.04122e+08
6.91824e+07	1.04126e+08
6.91837e+07	1.0413e+08
6.9185e+07	1.04134e+08
6.91863e+07	1.04137e+08
6.91876e+07	1.04141e+08
6.91889e+07	1.04145e+08
6.91902e+07	1.04149e+08
6.91915e+07	1.04153e+08
6.91928e+07	1.04157e+08
6.9194e+07	1.04161e+08
6.91953e+07	1.04165e+08
6.91966e+07	1.04169e+08
6.91979e+07	1.04172e+08
6.91992e+07	1.04176e+08
6.92005e+07	1.0418e+08
6.92018e+07	1.04184e+08
6.92031e+07	1.04188e+08
6.92044e+07	1.04192e+08
6.92057e+07	1.04196e+08
6.9207e+07	1.042e+08
6.92083e+07	1.04203e+08
6.92095e+07	1.04207e+08
6.92108e+07	1.04211e+08
6.92121e+07	1.04215e+08
6.92134e+07	1.04219e+08
6.92147e+07	1.04223e+08
6.9216e+07	1.04227e+08
6.92173e+07	1.0423e+08
6.92185e+07	1.04234e+08
6.92198e+07	1.04238e+08
6.92211e+07	1.04242e+08
6.92224e+07	1.04246e+08
6.92237e+07	1.0425e+08
6.9225e+07	1.04253e+08
6.92262e+07	1.04257e+08
6.92275e+07	1.04261e+08
6.92288e+07	1.04265e+08
6.92301e+07	1.04269e+08
6.92313e+07	1.04273e+08
6.92326e+07	1.04277e+08
6.92339e+07	1.0428e+08
6.92352e+07	1.04284e+08
6.92364e+07	1.04288e+08
6.92377e+07	1.04292e+08
6.9239e+07	1.04296e+08
6.92403e+07	1.04299e+08
6.92415e+07	1.04303e+08
6.92428e+07	1.04307e+08
6.92441e+07	1.04311e+08
6.92453e+07	1.04315e+08
6.92466e+07	1.04318e+08
6.92479e+07	1.04322e+08
6.92492e+07	1.04326e+08
6.92504e+07	1.0433e+08
6.92517e+07	1.04334e+08
6.92529e+07	1.04337e+08
6.92542e+07	1.04341e+08
6.92555e+07	1.04345e+08
6.92567e+07	1.04349e+08
6.9258e+07	1.04353e+08
6.92593e+07	1.04356e+08
6.92605e+07	1.0436e+08
6.92618e+07	1.04364e+08
6.9263e+07	1.04368e+08
6.92643e+07	1.04372e+08
6.92656e+07	1.04375e+08
6.92668e+07	1.04379e+08
6.92681e+07	1.04383e+08
6.92693e+07	1.04387e+08
6.92706e+07	1.0439e+08
6.92718e+07	1.04394e+08
6.92731e+07	1.04398e+08
6.92743e+07	1.04402e+08
6.92756e+07	1.04405e+08
6.92768e+07	1.04409e+08
6.92781e+07	1.04413e+08
6.92793e+07	1.04417e+08
6.92806e+07	1.0442e+08
6.92818e+07	1.04424e+08
6.92831e+07	1.04428e+08
6.92843e+07	1.04432e+08
6.92856e+07	1.04435e+08
6.92868e+07	1.04439e+08
6.92881e+07	1.04443e+08
6.92893e+07	1.04447e+08
6.92905e+07	1.0445e+08
6.92918e+07	1.04454e+08
6.9293e+07	1.04458e+08
6.92943e+07	1.04461e+08
6.92955e+07	1.04465e+08
6.92967e+07	1.04469e+08
6.9298e+07	1.04473e+08
6.92992e+07	1.04476e+08
6.93004e+07	1.0448e+08
6.93017e+07	1.04484e+08
6.93029e+07	1.04487e+08
6.93041e+07	1.04491e+08
6.93054e+07	1.04495e+08
6.93066e+07	1.04498e+08
6.93078e+07	1.04502e+08
6.93091e+07	1.04506e+08
6.93103e+07	1.04509e+08
6.93115e+07	1.04513e+08
6.93127e+07	1.04517e+08
6.9314e+07	1.04521e+08
6.93152e+07	1.04524e+08
6.93164e+07	1.04528e+08
6.93176e+07	1.04532e+08
6.93188e+07	1.04535e+08
6.93201e+07	1.04539e+08
6.93213e+07	1.04542e+08
6.93225e+07	1.04546e+08
6.93237e+07	1.0455e+08
6.93249e+07	1.04553e+08
6.93262e+07	1.04557e+08
6.93274e+07	1.04561e+08
6.93286e+07	1.04564e+08
6.93298e+07	1.04568e+08
6.9331e+07	1.04572e+08
6.93322e+07	1.04575e+08
6.93334e+07	1.04579e+08
6.93346e+07	1.04583e+08
6.93358e+07	1.04586e+08
6.9337e+07	1.0459e+08
6.93383e+07	1.04593e+08
6.93395e+07	1.04597e+08
6.93407e+07	1.04601e+08
6.93419e+07	1.04604e+08
6.93431e+07	1.04608e+08
6.93443e+07	1.04611e+08
6.93455e+07	1.04615e+08
6.93467e+07	1.04619e+08
6.93479e+07	1.04622e+08
6.93491e+07	1.04626e+08
6.93503e+07	1.04629e+08
6.93515e+07	1.04633e+08
6.93527e+07	1.04637e+08
6.93538e+07	1.0464e+08
6.9355e+07	1.04644e+08
6.93562e+07	1.04647e+08
6.93574e+07	1.04651e+08
6.93586e+07	1.04654e+08
6.93598e+07	1.04658e+08
6.9361e+07	1.04662e+08
6.93622e+07	1.04665e+08
6.93634e+07	1.04669e+08
6.93645e+07	1.04672e+08
6.93657e+07	1.04676e+08
6.93669e+07	1.04679e+08
6.93681e+07	1.04683e+08
6.93693e+07	1.04686e+08
6.93705e+07	1.0469e+08
6.93716e+07	1.04694e+08
6.93728e+07	1.04697e+08
6.9374e+07	1.04701e+08
6.93752e+07	1.04704e+08
6.93763e+07	1.04708e+08
6.93775e+07	1.04711e+08
6.93787e+07	1.04715e+08
6.93799e+07	1.04718e+08
6.9381e+07	1.04722e+08
6.93822e+07	1.04725e+08
6.93834e+07	1.04729e+08
6.93845e+07	1.04732e+08
6.93857e+07	1.04736e+08
6.93869e+07	1.04739e+08
6.9388e+07	1.04743e+08
6.93892e+07	1.04746e+08
6.93904e+07	1.0475e+08
6.93915e+07	1.04753e+08
6.93927e+07	1.04757e+08
6.93938e+07	1.0476e+08
6.9395e+07	1.04764e+08
6.93962e+07	1.04767e+08
6.93973e+07	1.04771e+08
6.93985e+07	1.04774e+08
6.93996e+07	1.04777e+08
6.94008e+07	1.04781e+08
6.94019e+07	1.04784e+08
6.94031e+07	1.04788e+08
6.94042e+07	1.04791e+08
6.94054e+07	1.04795e+08
6.94065e+07	1.04798e+08
6.94077e+07	1.04802e+08
6.94088e+07	1.04805e+08
6.941e+07	1.04809e+08
6.94111e+07	1.04812e+08
6.94122e+07	1.04815e+08
6.94134e+07	1.04819e+08
6.94145e+07	1.04822e+08
6.94157e+07	1.04826e+08
6.94168e+07	1.04829e+08
6.94179e+07	1.04832e+08
6.94191e+07	1.04836e+08
6.94202e+07	1.04839e+08
6.94214e+07	1.04843e+08
6.94225e+07	1.04846e+08
6.94236e+07	1.04849e+08
6.94247e+07	1.04853e+08
6.94259e+07	1.04856e+08
6.9427e+07	1.0486e+08
6.94281e+07	1.04863e+08
6.94293e+07	1.04866e+08
6.94304e+07	1.0487e+08
6.94315e+07	1.04873e+08
6.94326e+07	1.04877e+08
6.94338e+07	1.0488e+08
6.94349e+07	1.04883e+08
6.9436e+07	1.04887e+08
6.94371e+07	1.0489e+08
6.94382e+07	1.04893e+08
6.94394e+07	1.04897e+08
6.94405e+07	1.049e+08
6.94416e+07	1.04903e+08
6.94427e+07	1.04907e+08
6.94438e+07	1.0491e+08
6.94449e+07	1.04913e+08
6.9446e+07	1.04917e+08
6.94471e+07	1.0492e+08
6.94483e+07	1.04923e+08
6.94494e+07	1.04927e+08
6.94505e+07	1.0493e+08
6.94516e+07	1.04933e+08
6.94527e+07	1.04937e+08
6.94538e+07	1.0494e+08
6.94549e+07	1.04943e+08
6.9456e+07	1.04947e+08
6.94571e+07	1.0495e+08
6.94582e+07	1.04953e+08
6.94593e+07	1.04956e+08
6.94604e+07	1.0496e+08
6.94615e+07	1.04963e+08
6.94626e+07	1.04966e+08
6.94637e+07	1.0497e+08
6.94648e+07	1.04973e+08
6.94658e+07	1.04976e+08
6.94669e+07	1.04979e+08
6.9468e+07	1.04983e+08
6.94691e+07	1.04986e+08
6.94702e+07	1.04989e+08
6.94713e+07	1.04992e+08
6.94724e+07	1.04996e+08
6.94735e+07	1.04999e+08
6.94745e+07	1.05002e+08
6.94756e+07	1.05005e+08
6.94767e+07	1.05009e+08
6.94778e+07	1.05012e+08
6.94789e+07	1.05015e+08
6.94799e+07	1.05018e+08
6.9481e+07	1.05022e+08
6.94821e+07	1.05025e+08
6.94832e+07	1.05028e+08
6.94842e+07	1.05031e+08
6.94853e+07	1.05035e+08
6.94864e+07	1.05038e+08
6.94874e+07	1.05041e+08
6.94885e+07	1.05044e+08
6.94896e+07	1.05047e+08
6.94906e+07	1.05051e+08
6.94917e+07	1.05054e+08
6.94928e+07	1.05057e+08
6.94938e+07	1.0506e+08
6.94949e+07	1.05063e+08
6.9496e+07	1.05067e+08
6.9497e+07	1.0507e+08
6.94981e+07	1.05073e+08
6.94991e+07	1.05076e+08
6.95002e+07	1.05079e+08
6.95012e+07	1.05082e+08
6.95023e+07	1.05086e+08
6.95033e+07	1.05089e+08
6.95044e+07	1.05092e+08
6.95054e+07	1.05095e+08
6.95065e+07	1.05098e+08
6.95075e+07	1.05101e+08
6.95086e+07	1.05104e+08
6.95096e+07	1.05108e+08
6.95107e+07	1.05111e+08
6.95117e+07	1.05114e+08
6.95128e+07	1.05117e+08
6.95138e+07	1.0512e+08
6.95149e+07	1.05123e+08
6.95159e+07	1.05126e+08
6.95169e+07	1.05129e+08
6.9518e+07	1.05133e+08
6.9519e+07	1.05136e+08
6.952e+07	1.05139e+08
6.95211e+07	1.05142e+08
6.95221e+07	1.05145e+08
6.95231e+07	1.05148e+08
6.95242e+07	1.05151e+08
6.95252e+07	1.05154e+08
6.95262e+07	1.05157e+08
6.95273e+07	1.0516e+08
6.95283e+07	1.05163e+08
6.95293e+07	1.05167e+08
6.95303e+07	1.0517e+08
6.95314e+07	1.05173e+08
6.95324e+07	1.05176e+08
6.95334e+07	1.05179e+08
6.95344e+07	1.05182e+08
6.95354e+07	1.05185e+08
6.95364e+07	1.05188e+08
6.95375e+07	1.05191e+08
6.95385e+07	1.05194e+08
6.95395e+07	1.05197e+08
6.95405e+07	1.052e+08
6.95415e+07	1.05203e+08
6.95425e+07	1.05206e+08
6.95435e+07	1.05209e+08
6.95445e+07	1.05212e+08
6.95456e+07	1.05215e+08
6.95466e+07	1.05218e+08
6.95476e+07	1.05221e+08
6.95486e+07	1.05224e+08
6.95496e+07	1.05227e+08
6.95506e+07	1.0523e+08
6.95516e+07	1.05233e+08
6.95526e+07	1.05236e+08
6.95536e+07	1.05239e+08
6.95546e+07	1.05242e+08
6.95556e+07	1.05245e+08
6.95566e+07	1.05248e+08
6.95576e+07	1.05251e+08
6.95585e+07	1.05254e+08
6.95595e+07	1.05257e+08
6.95605e+07	1.0526e+08
6.95615e+07	1.05263e+08
6.95625e+07	1.05266e+08
6.95635e+07	1.05269e+08
6.95645e+07	1.05272e+08
6.95655e+07	1.05275e+08
6.95665e+07	1.05278e+08
6.95674e+07	1.05281e+08
6.95684e+07	1.05284e+08
6.95694e+07	1.05287e+08
6.95704e+07	1.0529e+08
6.95714e+07	1.05293e+08
6.95723e+07	1.05296e+08
6.95733e+07	1.05299e+08
6.95743e+07	1.05301e+08
6.95753e+07	1.05304e+08
6.95762e+07	1.05307e+08
6.95772e+07	1.0531e+08
6.95782e+07	1.05313e+08
6.95791e+07	1.05316e+08
6.95801e+07	1.05319e+08
6.95811e+07	1.05322e+08
6.9582e+07	1.05325e+08
6.9583e+07	1.05328e+08
6.9584e+07	1.05331e+08
6.95849e+07	1.05333e+08
6.95859e+07	1.05336e+08
6.95869e+07	1.05339e+08
6.95878e+07	1.05342e+08
6.95888e+07	1.05345e+08
6.95897e+07	1.05348e+08
6.95907e+07	1.05351e+08
6.95916e+07	1.05354e+08
6.95926e+07	1.05356e+08
6.95936e+07	1.05359e+08
6.95945e+07	1.05362e+08
6.95955e+07	1.05365e+08
6.95964e+07	1.05368e+08
6.95974e+07	1.05371e+08
6.95983e+07	1.05374e+08
6.95993e+07	1.05376e+08
6.96002e+07	1.05379e+08
6.96011e+07	1.05382e+08
6.96021e+07	1.05385e+08
6.9603e+07	1.05388e+08
6.9604e+07	1.05391e+08
6.96049e+07	1.05393e+08
6.96058e+07	1.05396e+08
6.96068e+07	1.05399e+08
6.96077e+07	1.05402e+08
6.96087e+07	1.05405e+08
6.96096e+07	1.05407e+08
6.96105e+07	1.0541e+08
6.96115e+07	1.05413e+08
6.96124e+07	1.05416e+08
6.96133e+07	1.05419e+08
6.96142e+07	1.05421e+08
6.96152e+07	1.05424e+08
6.96161e+07	1.05427e+08
6.9617e+07	1.0543e+08
6.9618e+07	1.05432e+08
6.96189e+07	1.05435e+08
6.96198e+07	1.05438e+08
6.96207e+07	1.05441e+08
6.96216e+07	1.05444e+08
6.96226e+07	1.05446e+08
6.96235e+07	1.05449e+08
6.96244e+07	1.05452e+08
6.96253e+07	1.05455e+08
6.96262e+07	1.05457e+08
6.96271e+07	1.0546e+08
6.96281e+07	1.05463e+08
6.9629e+07	1.05466e+08
6.96299e+07	1.05468e+08
6.96308e+07	1.05471e+08
6.96317e+07	1.05474e+08
6.96326e+07	1.05476e+08
6.96335e+07	1.05479e+08
6.96344e+07	1.05482e+08
6.96353e+07	1.05485e+08
6.96362e+07	1.05487e+08
6.96371e+07	1.0549e+08
6.9638e+07	1.05493e+08
6.96389e+07	1.05495e+08
6.96398e+07	1.05498e+08
6.96407e+07	1.05501e+08
6.96416e+07	1.05503e+08
6.96425e+07	1.05506e+08
6.96434e+07	1.05509e+08
6.96443e+07	1.05512e+08
6.96452e+07	1.05514e+08
6.96461e+07	1.05517e+08
6.9647e+07	1.0552e+08
6.96479e+07	1.05522e+08
6.96487e+07	1.05525e+08
6.96496e+07	1.05528e+08
6.96505e+07	1.0553e+08
6.96514e+07	1.05533e+08
6.96523e+07	1.05536e+08
6.96532e+07	1.05538e+08
6.96541e+07	1.05541e+08
6.96549e+07	1.05543e+08
6.96558e+07	1.05546e+08
6.96567e+07	1.05549e+08
6.96576e+07	1.05551e+08
6.96584e+07	1.05554e+08
6.96593e+07	1.05557e+08
6.96602e+07	1.05559e+08
6.96611e+07	1.05562e+08
6.96619e+07	1.05564e+08
6.96628e+07	1.05567e+08
6.96637e+07	1.0557e+08
6.96646e+07	1.05572e+08
6.96654e+07	1.05575e+08
6.96663e+07	1.05578e+08
6.96672e+07	1.0558e+08
6.9668e+07	1.05583e+08
6.96689e+07	1.05585e+08
6.96697e+07	1.05588e+08
6.96706e+07	1.0559e+08
6.96715e+07	1.05593e+08
6.96723e+07	1.05596e+08
6.96732e+07	1.05598e+08
6.9674e+07	1.05601e+08
6.96749e+07	1.05603e+08
6.96758e+07	1.05606e+08
6.96766e+07	1.05608e+08
6.96775e+07	1.05611e+08
6.96783e+07	1.05614e+08
6.96792e+07	1.05616e+08
6.968e+07	1.05619e+08
6.96809e+07	1.05621e+08
6.96817e+07	1.05624e+08
6.96826e+07	1.05626e+08
6.96834e+07	1.05629e+08
6.96842e+07	1.05631e+08
6.96851e+07	1.05634e+08
6.96859e+07	1.05636e+08
6.96868e+07	1.05639e+08
6.96876e+07	1.05641e+08
6.96885e+07	1.05644e+08
6.96893e+07	1.05647e+08
6.96901e+07	1.05649e+08
6.9691e+07	1.05652e+08
6.96918e+07	1.05654e+08
6.96926e+07	1.05657e+08
6.96935e+07	1.05659e+08
6.96943e+07	1.05662e+08
6.96951e+07	1.05664e+08
6.9696e+07	1.05667e+08
6.96968e+07	1.05669e+08
6.96976e+07	1.05672e+08
6.96985e+07	1.05674e+08
6.96993e+07	1.05676e+08
6.97001e+07	1.05679e+08
6.97009e+07	1.05681e+08
6.97017e+07	1.05684e+08
6.97026e+07	1.05686e+08
6.97034e+07	1.05689e+08
6.97042e+07	1.05691e+08
6.9705e+07	1.05694e+08
6.97059e+07	1.05696e+08
6.97067e+07	1.05699e+08
6.97075e+07	1.05701e+08
6.97083e+07	1.05704e+08
6.97091e+07	1.05706e+08
6.97099e+07	1.05708e+08
6.97107e+07	1.05711e+08
6.97115e+07	1.05713e+08
6.97124e+07	1.05716e+08
6.97132e+07	1.05718e+08
6.9714e+07	1.05721e+08
6.97148e+07	1.05723e+08
6.97156e+07	1.05725e+08
6.97164e+07	1.05728e+08
6.97172e+07	1.0573e+08
6.9718e+07	1.05733e+08
6.97188e+07	1.05735e+08
6.97196e+07	1.05737e+08
6.97204e+07	1.0574e+08
6.97212e+07	1.05742e+08
6.9722e+07	1.05745e+08
6.97228e+07	1.05747e+08
6.97236e+07	1.05749e+08
6.97244e+07	1.05752e+08
6.97252e+07	1.05754e+08
6.9726e+07	1.05757e+08
6.97268e+07	1.05759e+08
6.97276e+07	1.05761e+08
6.97283e+07	1.05764e+08
6.97291e+07	1.05766e+08
6.97299e+07	1.05768e+08
6.97307e+07	1.05771e+08
6.97315e+07	1.05773e+08
6.97323e+07	1.05775e+08
6.97331e+07	1.05778e+08
6.97338e+07	1.0578e+08
6.97346e+07	1.05783e+08
6.97354e+07	1.05785e+08
6.97362e+07	1.05787e+08
6.9737e+07	1.0579e+08
6.97377e+07	1.05792e+08
6.97385e+07	1.05794e+08
6.97393e+07	1.05797e+08
6.97401e+07	1.05799e+08
6.97408e+07	1.05801e+08
6.97416e+07	1.05803e+08
6.97424e+07	1.05806e+08
6.97432e+07	1.05808e+08
6.97439e+07	1.0581e+08
6.97447e+07	1.05813e+08
6.97455e+07	1.05815e+08
6.97462e+07	1.05817e+08
6.9747e+07	1.0582e+08
6.97478e+07	1.05822e+08
6.97485e+07	1.05824e+08
6.97493e+07	1.05827e+08
6.97501e+07	1.05829e+08
6.97508e+07	1.05831e+08
6.97516e+07	1.05833e+08
6.97523e+07	1.05836e+08
6.97531e+07	1.05838e+08
6.97539e+07	1.0584e+08
6.97546e+07	1.05842e+08
6.97554e+07	1.05845e+08
6.97561e+07	1.05847e+08
6.97569e+07	1.05849e+08
6.97576e+07	1.05852e+08
6.97584e+07	1.05854e+08
6.97591e+07	1.05856e+08
6.97599e+07	1.05858e+08
6.97606e+07	1.05861e+08
6.97614e+07	1.05863e+08
6.97621e+07	1.05865e+08
6.97629e+07	1.05867e+08
6.97636e+07	1.05869e+08
6.97644e+07	1.05872e+08
6.97651e+07	1.05874e+08
6.97658e+07	1.05876e+08
6.97666e+07	1.05878e+08
6.97673e+07	1.05881e+08
6.97681e+07	1.05883e+08
6.97688e+07	1.05885e+08
6.97695e+07	1.05887e+08
6.97703e+07	1.05889e+08
6.9771e+07	1.05892e+08
6.97717e+07	1.05894e+08
6.97725e+07	1.05896e+08
6.97732e+07	1.05898e+08
6.97739e+07	1.059e+08
6.97747e+07	1.05903e+08
6.97754e+07	1.05905e+08
6.97761e+07	1.05907e+08
6.97769e+07	1.05909e+08
6.97776e+07	1.05911e+08
6.97783e+07	1.05914e+08
6.9779e+07	1.05916e+08
6.97798e+07	1.05918e+08
6.97805e+07	1.0592e+08
6.97812e+07	1.05922e+08
6.97819e+07	1.05924e+08
6.97826e+07	1.05927e+08
6.97834e+07	1.05929e+08
6.97841e+07	1.05931e+08
6.97848e+07	1.05933e+08
6.97855e+07	1.05935e+08
6.97862e+07	1.05937e+08
6.97869e+07	1.05939e+08
6.97877e+07	1.05942e+08
6.97884e+07	1.05944e+08
6.97891e+07	1.05946e+08
6.97898e+07	1.05948e+08
6.97905e+07	1.0595e+08
6.97912e+07	1.05952e+08
6.97919e+07	1.05954e+08
6.97926e+07	1.05957e+08
6.97933e+07	1.05959e+08
6.9794e+07	1.05961e+08
6.97947e+07	1.05963e+08
6.97954e+07	1.05965e+08
6.97961e+07	1.05967e+08
6.97968e+07	1.05969e+08
6.97975e+07	1.05971e+08
6.97982e+07	1.05973e+08
6.97989e+07	1.05975e+08
6.97996e+07	1.05978e+08
6.98003e+07	1.0598e+08
6.9801e+07	1.05982e+08
6.98017e+07	1.05984e+08
6.98024e+07	1.05986e+08
6.98031e+07	1.05988e+08
6.98038e+07	1.0599e+08
6.98045e+07	1.05992e+08
6.98052e+07	1.05994e+08
6.98059e+07	1.05996e+08
6.98066e+07	1.05998e+08
6.98073e+07	1.06e+08
6.9808e+07	1.06002e+08
6.98086e+07	1.06005e+08
6.98093e+07	1.06007e+08
6.981e+07	1.06009e+08
6.98107e+07	1.06011e+08
6.98114e+07	1.06013e+08
6.98121e+07	1.06015e+08
6.98127e+07	1.06017e+08
6.98134e+07	1.06019e+08
6.98141e+07	1.06021e+08
6.98148e+07	1.06023e+08
6.98155e+07	1.06025e+08
6.98161e+07	1.06027e+08
6.98168e+07	1.06029e+08
6.98175e+07	1.06031e+08
6.98182e+07	1.06033e+08
6.98188e+07	1.06035e+08
6.98195e+07	1.06037e+08
6.98202e+07	1.06039e+08
6.98208e+07	1.06041e+08
6.98215e+07	1.06043e+08
6.98222e+07	1.06045e+08
6.98228e+07	1.06047e+08
6.98235e+07	1.06049e+08
6.98242e+07	1.06051e+08
6.98248e+07	1.06053e+08
6.98255e+07	1.06055e+08
6.98262e+07	1.06057e+08
6.98268e+07	1.06059e+08
6.98275e+07	1.06061e+08
6.98282e+07	1.06063e+08
6.98288e+07	1.06065e+08
6.98295e+07	1.06067e+08
6.98301e+07	1.06069e+08
6.98308e+07	1.06071e+08
6.98314e+07	1.06073e+08
6.98321e+07	1.06075e+08
6.98328e+07	1.06077e+08
6.98334e+07	1.06079e+08
6.98341e+07	1.06081e+08
6.98347e+07	1.06083e+08
6.98354e+07	1.06085e+08
6.9836e+07	1.06087e+08
6.98367e+07	1.06089e+08
6.98373e+07	1.06091e+08
6.9838e+07	1.06093e+08
6.98386e+07	1.06094e+08
6.98392e+07	1.06096e+08
6.98399e+07	1.06098e+08
6.98405e+07	1.061e+08
6.98412e+07	1.06102e+08
6.98418e+07	1.06104e+08
6.98425e+07	1.06106e+08
6.98431e+07	1.06108e+08
6.98437e+07	1.0611e+08
6.98444e+07	1.06112e+08
6.9845e+07	1.06114e+08
6.98457e+07	1.06116e+08
6.98463e+07	1.06118e+08
6.98469e+07	1.06119e+08
6.98476e+07	1.06121e+08
6.98482e+07	1.06123e+08
6.98488e+07	1.06125e+08
6.98495e+07	1.06127e+08
6.98501e+07	1.06129e+08
6.98507e+07	1.06131e+08
6.98514e+07	1.06133e+08
6.9852e+07	1.06135e+08
6.98526e+07	1.06136e+08
6.98532e+07	1.06138e+08
6.98539e+07	1.0614e+08
6.98545e+07	1.06142e+08
6.98551e+07	1.06144e+08
6.98557e+07	1.06146e+08
6.98564e+07	1.06148e+08
6.9857e+07	1.0615e+08
6.98576e+07	1.06151e+08
6.98582e+07	1.06153e+08
6.98589e+07	1.06155e+08
6.98595e+07	1.06157e+08
6.98601e+07	1.06159e+08
