1e+08	0	3e+07
1.00601e+08	0	2.99893e+07
1.01068e+08	0	2.99683e+07
1.01419e+08	0	2.99431e+07
1.01684e+08	0	2.9915e+07
1.01879e+08	0	2.98848e+07
1.02014e+08	0	2.98531e+07
1.02098e+08	0	2.982e+07
1.02138e+08	0	2.97858e+07
1.02138e+08	0	2.97504e+07
1.02102e+08	0	2.9714e+07
1.02033e+08	0	2.9677e+07
1.01936e+08	0	2.96395e+07
1.01811e+08	0	2.96011e+07
1.01659e+08	0	2.95618e+07
1.01485e+08	0	2.95222e+07
1.01291e+08	0	2.94822e+07
1.01075e+08	0	2.94414e+07
1.00842e+08	0	2.94003e+07
1.00592e+08	0	2.9359e+07
1.00324e+08	0	2.93169e+07
1.00042e+08	0	2.92746e+07
9.97474e+07	0	2.92321e+07
9.94404e+07	0	2.91895e+07
9.91185e+07	0	2.91461e+07
9.87861e+07	0	2.91026e+07
9.844e+07	0	2.90584e+07
9.80887e+07	0	2.90146e+07
9.7725e+07	0	2.89702e+07
9.73533e+07	0	2.89256e+07
9.69743e+07	0	2.88809e+07
9.65843e+07	0	2.88357e+07
9.61923e+07	0	2.87909e+07
9.57901e+07	0	2.87454e+07
9.53826e+07	0	2.86999e+07
9.49655e+07	0	2.86539e+07
9.45484e+07	0	2.86083e+07
9.41225e+07	0	2.85621e+07
9.36927e+07	0	2.85159e+07
9.32594e+07	0	2.84696e+07
9.28229e+07	0	2.84233e+07
9.23835e+07	0	2.8377e+07
9.19368e+07	0	2.83302e+07
9.14877e+07	0	2.82834e+07
9.10414e+07	0	2.8237e+07
9.05885e+07	0	2.81901e+07
9.01338e+07	0	2.81433e+07
8.96731e+07	0	2.80959e+07
8.92161e+07	0	2.80491e+07
8.87532e+07	0	2.80017e+07
8.82945e+07	0	2.79549e+07
8.78303e+07	0	2.79076e+07
8.73658e+07	0	2.78603e+07
8.6901e+07	0	2.7813e+07
8.64361e+07	0	2.77658e+07
8.59665e+07	0	2.77181e+07
8.5502e+07	0	2.76709e+07
8.5033e+07	0	2.76233e+07
8.45694e+07	0	2.75762e+07
8.41016e+07	0	2.75287e+07
8.36345e+07	0	2.74812e+07
8.31683e+07	0	2.74338e+07
8.27031e+07	0	2.73864e+07
8.2239e+07	0	2.7339e+07
8.17761e+07	0	2.72917e+07
8.13144e+07	0	2.72445e+07
8.08493e+07	0	2.71969e+07
8.03905e+07	0	2.71497e+07
7.99285e+07	0	2.71022e+07
7.9468e+07	0	2.70548e+07
7.90141e+07	0	2.70078e+07
7.85571e+07	0	2.69605e+07
7.8102e+07	0	2.69133e+07
7.76488e+07	0	2.68661e+07
7.71976e+07	0	2.6819e+07
7.67483e+07	0	2.67719e+07
7.6301e+07	0	2.6725e+07
7.58514e+07	0	2.66776e+07
7.54085e+07	0	2.66308e+07
7.49631e+07	0	2.65836e+07
7.45247e+07	0	2.6537e+07
7.40839e+07	0	2.64899e+07
7.36501e+07	0	2.64435e+07
7.32141e+07	0	2.63966e+07
7.27804e+07	0	2.63498e+07
7.23537e+07	0	2.63036e+07
7.1925e+07	0	2.6257e+07
7.14988e+07	0	2.62105e+07
7.1075e+07	0	2.6164e+07
7.06539e+07	0	2.61177e+07
7.02352e+07	0	2.60715e+07
6.98191e+07	0	2.60253e+07
6.94055e+07	0	2.59793e+07
6.89904e+07	0	2.59328e+07
6.85822e+07	0	2.5887e+07
6.81766e+07	0	2.58412e+07
6.77734e+07	0	2.57955e+07
6.73691e+07	0	2.57495e+07
6.69713e+07	0	2.5704e+07
6.65723e+07	0	2.56581e+07
6.61798e+07	0	2.56128e+07
6.57862e+07	0	2.55672e+07
6.5399e+07	0	2.55221e+07
6.50108e+07	0	2.54766e+07
6.46252e+07	0	2.54312e+07
6.42461e+07	0	2.53864e+07
6.38661e+07	0	2.53413e+07
6.34886e+07	0	2.52962e+07
6.31139e+07	0	2.52513e+07
6.27418e+07	0	2.52064e+07
6.23761e+07	0	2.51621e+07
6.20095e+07	0	2.51174e+07
6.16456e+07	0	2.50729e+07
6.12843e+07	0	2.50284e+07
6.09257e+07	0	2.49841e+07
6.05698e+07	0	2.49398e+07
6.02165e+07	0	2.48957e+07
5.98659e+07	0	2.48516e+07
5.95144e+07	0	2.48073e+07
5.91693e+07	0	2.47634e+07
5.88267e+07	0	2.47197e+07
5.84867e+07	0	2.46761e+07
5.81493e+07	0	2.46325e+07
5.78143e+07	0	2.45891e+07
5.74788e+07	0	2.45453e+07
5.71493e+07	0	2.45021e+07
5.68222e+07	0	2.4459e+07
5.64942e+07	0	2.44155e+07
5.61725e+07	0	2.43726e+07
5.5853e+07	0	2.43298e+07
5.55328e+07	0	2.42867e+07
5.52186e+07	0	2.42441e+07
5.49065e+07	0	2.42016e+07
5.45941e+07	0	2.41587e+07
5.42871e+07	0	2.41164e+07
5.39795e+07	0	2.40738e+07
5.36775e+07	0	2.40317e+07
5.33748e+07	0	2.39893e+07
5.30777e+07	0	2.39474e+07
5.27798e+07	0	2.39052e+07
5.24874e+07	0	2.38635e+07
5.21945e+07	0	2.38215e+07
5.19065e+07	0	2.378e+07
5.16185e+07	0	2.37382e+07
5.13322e+07	0	2.36965e+07
5.10518e+07	0	2.36553e+07
5.07705e+07	0	2.36138e+07
5.04939e+07	0	2.35728e+07
5.02176e+07	0	2.35315e+07
4.99431e+07	0	2.34903e+07
4.96733e+07	0	2.34496e+07
4.94038e+07	0	2.34087e+07
4.9136e+07	0	2.33678e+07
4.88699e+07	0	2.3327e+07
4.86097e+07	0	2.32867e+07
4.83487e+07	0	2.32461e+07
4.80894e+07	0	2.32056e+07
4.78347e+07	0	2.31656e+07
4.75805e+07	0	2.31253e+07
4.73279e+07	0	2.30851e+07
4.70771e+07	0	2.3045e+07
4.68281e+07	0	2.3005e+07
4.65846e+07	0	2.29655e+07
4.63405e+07	0	2.29257e+07
4.60982e+07	0	2.2886e+07
4.58575e+07	0	2.28464e+07
4.56186e+07	0	2.28068e+07
4.53849e+07	0	2.27678e+07
4.51509e+07	0	2.27285e+07
4.49186e+07	0	2.26893e+07
4.4688e+07	0	2.26501e+07
4.44591e+07	0	2.26111e+07
4.42319e+07	0	2.25721e+07
4.4009e+07	0	2.25337e+07
4.37866e+07	0	2.24949e+07
4.35659e+07	0	2.24563e+07
4.33469e+07	0	2.24178e+07
4.31295e+07	0	2.23793e+07
4.29137e+07	0	2.23409e+07
4.26997e+07	0	2.23026e+07
4.24872e+07	0	2.22644e+07
4.22764e+07	0	2.22263e+07
4.20672e+07	0	2.21883e+07
4.18629e+07	0	2.21508e+07
4.16583e+07	0	2.2113e+07
4.14553e+07	0	2.20753e+07
4.1254e+07	0	2.20376e+07
4.10542e+07	0	2.20001e+07
4.0856e+07	0	2.19627e+07
4.06593e+07	0	2.19253e+07
4.04642e+07	0	2.1888e+07
4.02707e+07	0	2.18508e+07
4.00787e+07	0	2.18138e+07
3.98882e+07	0	2.17767e+07
3.96993e+07	0	2.17398e+07
3.95119e+07	0	2.1703e+07
3.9326e+07	0	2.16662e+07
3.91416e+07	0	2.16296e+07
3.89586e+07	0	2.1593e+07
3.87772e+07	0	2.15565e+07
3.85972e+07	0	2.15201e+07
3.84187e+07	0	2.14838e+07
3.82417e+07	0	2.14476e+07
3.80661e+07	0	2.14114e+07
3.78919e+07	0	2.13754e+07
3.77191e+07	0	2.13394e+07
3.75478e+07	0	2.13035e+07
3.73779e+07	0	2.12677e+07
3.72093e+07	0	2.1232e+07
3.70422e+07	0	2.11964e+07
3.68764e+07	0	2.11609e+07
3.6712e+07	0	2.11254e+07
3.6549e+07	0	2.109e+07
3.63872e+07	0	2.10547e+07
3.62269e+07	0	2.10195e+07
3.60678e+07	0	2.09844e+07
3.59101e+07	0	2.09494e+07
3.57537e+07	0	2.09144e+07
3.55986e+07	0	2.08795e+07
3.54448e+07	0	2.08447e+07
3.52922e+07	0	2.081e+07
3.51409e+07	0	2.07754e+07
3.49909e+07	0	2.07408e+07
3.48421e+07	0	2.07064e+07
3.46946e+07	0	2.0672e+07
3.45483e+07	0	2.06377e+07
3.44032e+07	0	2.06035e+07
3.42593e+07	0	2.05693e+07
3.41167e+07	0	2.05353e+07
3.39752e+07	0	2.05013e+07
3.38349e+07	0	2.04674e+07
3.36958e+07	0	2.04336e+07
3.35578e+07	0	2.03998e+07
3.3421e+07	0	2.03662e+07
3.32853e+07	0	2.03326e+07
3.31508e+07	0	2.02991e+07
3.30174e+07	0	2.02657e+07
3.28851e+07	0	2.02323e+07
3.2754e+07	0	2.01991e+07
3.26239e+07	0	2.01659e+07
3.24949e+07	0	2.01328e+07
3.2367e+07	0	2.00997e+07
3.22401e+07	0	2.00668e+07
3.21144e+07	0	2.00339e+07
3.19896e+07	0	2.00011e+07
3.1866e+07	0	1.99684e+07
3.17433e+07	0	1.99357e+07
3.16217e+07	0	1.99031e+07
3.15011e+07	0	1.98706e+07
3.13815e+07	0	1.98382e+07
3.1263e+07	0	1.98059e+07
3.11454e+07	0	1.97736e+07
3.10288e+07	0	1.97414e+07
3.09131e+07	0	1.97093e+07
3.07985e+07	0	1.96772e+07
3.06848e+07	0	1.96452e+07
3.0572e+07	0	1.96133e+07
3.04602e+07	0	1.95815e+07
3.03494e+07	0	1.95497e+07
3.02394e+07	0	1.9518e+07
3.01304e+07	0	1.94864e+07
3.00223e+07	0	1.94549e+07
2.99151e+07	0	1.94234e+07
2.98088e+07	0	1.9392e+07
2.97034e+07	0	1.93607e+07
2.95988e+07	0	1.93295e+07
2.94952e+07	0	1.92983e+07
2.93924e+07	0	1.92672e+07
2.92904e+07	0	1.92361e+07
2.91893e+07	0	1.92052e+07
2.90891e+07	0	1.91743e+07
2.89897e+07	0	1.91434e+07
2.88911e+07	0	1.91127e+07
2.87934e+07	0	1.9082e+07
2.86964e+07	0	1.90514e+07
2.86003e+07	0	1.90208e+07
2.8505e+07	0	1.89903e+07
2.84104e+07	0	1.89599e+07
2.83167e+07	0	1.89296e+07
2.82237e+07	0	1.88993e+07
2.81316e+07	0	1.88691e+07
2.80401e+07	0	1.88389e+07
2.79495e+07	0	1.88088e+07
2.78596e+07	0	1.87788e+07
2.77704e+07	0	1.87489e+07
2.7682e+07	0	1.8719e+07
2.75943e+07	0	1.86892e+07
2.75074e+07	0	1.86595e+07
2.74212e+07	0	1.86298e+07
2.73357e+07	0	1.86002e+07
2.72509e+07	0	1.85706e+07
2.71668e+07	0	1.85412e+07
2.70834e+07	0	1.85117e+07
2.70007e+07	0	1.84824e+07
2.69187e+07	0	1.84531e+07
2.68374e+07	0	1.84239e+07
2.67567e+07	0	1.83947e+07
2.66767e+07	0	1.83656e+07
2.65974e+07	0	1.83366e+07
2.65188e+07	0	1.83076e+07
2.64408e+07	0	1.82787e+07
2.63634e+07	0	1.82499e+07
2.62867e+07	0	1.82211e+07
2.62106e+07	0	1.81924e+07
2.61352e+07	0	1.81637e+07
2.60603e+07	0	1.81351e+07
2.59861e+07	0	1.81066e+07
2.59126e+07	0	1.80781e+07
2.58396e+07	0	1.80497e+07
2.57672e+07	0	1.80214e+07
2.56955e+07	0	1.79931e+07
2.56243e+07	0	1.79649e+07
2.55537e+07	0	1.79367e+07
2.54837e+07	0	1.79086e+07
2.54143e+07	0	1.78806e+07
2.53455e+07	0	1.78526e+07
2.52772e+07	0	1.78247e+07
2.52095e+07	0	1.77968e+07
2.51423e+07	0	1.7769e+07
2.50758e+07	0	1.77413e+07
2.50097e+07	0	1.77136e+07
2.49443e+07	0	1.7686e+07
2.48793e+07	0	1.76584e+07
2.48149e+07	0	1.76309e+07
2.47511e+07	0	1.76034e+07
2.46877e+07	0	1.7576e+07
2.46249e+07	0	1.75487e+07
2.45626e+07	0	1.75214e+07
2.45009e+07	0	1.74942e+07
2.44396e+07	0	1.74671e+07
2.43789e+07	0	1.74399e+07
2.43186e+07	0	1.74129e+07
2.42589e+07	0	1.73859e+07
2.41997e+07	0	1.7359e+07
2.41409e+07	0	1.73321e+07
2.40827e+07	0	1.73053e+07
2.40249e+07	0	1.72785e+07
2.39676e+07	0	1.72518e+07
2.39108e+07	0	1.72251e+07
2.38544e+07	0	1.71985e+07
2.37986e+07	0	1.7172e+07
2.37431e+07	0	1.71455e+07
2.36882e+07	0	1.71191e+07
2.36337e+07	0	1.70927e+07
2.35797e+07	0	1.70664e+07
2.35261e+07	0	1.70401e+07
2.3473e+07	0	1.70139e+07
2.34203e+07	0	1.69877e+07
2.3368e+07	0	1.69616e+07
2.33162e+07	0	1.69355e+07
2.32649e+07	0	1.69095e+07
2.32139e+07	0	1.68836e+07
2.31634e+07	0	1.68577e+07
2.31133e+07	0	1.68318e+07
2.30636e+07	0	1.68061e+07
2.30144e+07	0	1.67803e+07
2.29655e+07	0	1.67546e+07
2.29171e+07	0	1.6729e+07
2.28691e+07	0	1.67034e+07
2.28215e+07	0	1.66779e+07
2.27743e+07	0	1.66524e+07
2.27274e+07	0	1.6627e+07
2.2681e+07	0	1.66016e+07
2.2635e+07	0	1.65763e+07
2.25893e+07	0	1.6551e+07
2.25441e+07	0	1.65258e+07
2.24992e+07	0	1.65006e+07
2.24547e+07	0	1.64755e+07
2.24106e+07	0	1.64504e+07
2.23669e+07	0	1.64254e+07
2.23235e+07	0	1.64004e+07
2.22805e+07	0	1.63755e+07
2.22379e+07	0	1.63506e+07
2.21956e+07	0	1.63258e+07
2.21537e+07	0	1.6301e+07
2.21121e+07	0	1.62763e+07
2.20709e+07	0	1.62516e+07
2.20301e+07	0	1.6227e+07
2.19896e+07	0	1.62024e+07
2.19495e+07	0	1.61779e+07
2.19097e+07	0	1.61534e+07
2.18702e+07	0	1.6129e+07
2.18311e+07	0	1.61046e+07
2.17923e+07	0	1.60802e+07
2.17539e+07	0	1.6056e+07
2.17157e+07	0	1.60317e+07
2.1678e+07	0	1.60075e+07
2.16405e+07	0	1.59834e+07
2.16034e+07	0	1.59593e+07
2.15666e+07	0	1.59352e+07
2.15301e+07	0	1.59112e+07
2.14939e+07	0	1.58873e+07
2.14581e+07	0	1.58634e+07
2.14225e+07	0	1.58395e+07
2.13873e+07	0	1.58157e+07
2.13524e+07	0	1.57919e+07
2.13178e+07	0	1.57682e+07
2.12834e+07	0	1.57445e+07
2.12494e+07	0	1.57209e+07
2.12157e+07	0	1.56973e+07
2.11823e+07	0	1.56737e+07
2.11492e+07	0	1.56502e+07
2.11164e+07	0	1.56268e+07
2.10839e+07	0	1.56034e+07
2.10516e+07	0	1.558e+07
2.10197e+07	0	1.55567e+07
2.0988e+07	0	1.55334e+07
2.09566e+07	0	1.55102e+07
2.09255e+07	0	1.5487e+07
2.08947e+07	0	1.54639e+07
2.08642e+07	0	1.54408e+07
2.08339e+07	0	1.54177e+07
2.08039e+07	0	1.53947e+07
2.07742e+07	0	1.53717e+07
2.07447e+07	0	1.53488e+07
2.07156e+07	0	1.53259e+07
2.06866e+07	0	1.53031e+07
2.0658e+07	0	1.52803e+07
2.06296e+07	0	1.52576e+07
2.06015e+07	0	1.52349e+07
2.05736e+07	0	1.52122e+07
2.0546e+07	0	1.51896e+07
2.05186e+07	0	1.5167e+07
2.04915e+07	0	1.51445e+07
2.04647e+07	0	1.5122e+07
2.04381e+07	0	1.50995e+07
2.04117e+07	0	1.50771e+07
2.03856e+07	0	1.50547e+07
2.03598e+07	0	1.50324e+07
2.03341e+07	0	1.50101e+07
2.03088e+07	0	1.49879e+07
2.02836e+07	0	1.49657e+07
2.02587e+07	0	1.49435e+07
2.02341e+07	0	1.49214e+07
2.02096e+07	0	1.48993e+07
2.01855e+07	0	1.48773e+07
2.01615e+07	0	1.48553e+07
2.01378e+07	0	1.48334e+07
2.01143e+07	0	1.48114e+07
2.0091e+07	0	1.47896e+07
2.0068e+07	0	1.47677e+07
2.00451e+07	0	1.47459e+07
2.00225e+07	0	1.47242e+07
2.00002e+07	0	1.47025e+07
1.9978e+07	0	1.46808e+07
1.99561e+07	0	1.46592e+07
1.99343e+07	0	1.46376e+07
1.99128e+07	0	1.4616e+07
1.98916e+07	0	1.45945e+07
1.98705e+07	0	1.4573e+07
1.98496e+07	0	1.45516e+07
1.9829e+07	0	1.45302e+07
1.98085e+07	0	1.45088e+07
1.97883e+07	0	1.44875e+07
1.97682e+07	0	1.44662e+07
1.97484e+07	0	1.4445e+07
1.97288e+07	0	1.44238e+07
1.97094e+07	0	1.44026e+07
1.96902e+07	0	1.43815e+07
1.96711e+07	0	1.43604e+07
1.96523e+07	0	1.43394e+07
1.96337e+07	0	1.43184e+07
1.96153e+07	0	1.42974e+07
1.9597e+07	0	1.42765e+07
1.9579e+07	0	1.42556e+07
1.95611e+07	0	1.42347e+07
1.95435e+07	0	1.42139e+07
1.9526e+07	0	1.41931e+07
1.95087e+07	0	1.41723e+07
1.94917e+07	0	1.41516e+07
1.94747e+07	0	1.41309e+07
1.9458e+07	0	1.41103e+07
1.94415e+07	0	1.40897e+07
1.94251e+07	0	1.40691e+07
1.9409e+07	0	1.40486e+07
1.9393e+07	0	1.40281e+07
1.93772e+07	0	1.40077e+07
1.93615e+07	0	1.39872e+07
1.93461e+07	0	1.39669e+07
1.93308e+07	0	1.39465e+07
1.93157e+07	0	1.39262e+07
1.93008e+07	0	1.39059e+07
1.9286e+07	0	1.38857e+07
1.92714e+07	0	1.38655e+07
1.9257e+07	0	1.38453e+07
1.92428e+07	0	1.38252e+07
1.92287e+07	0	1.38051e+07
1.92148e+07	0	1.3785e+07
1.9201e+07	0	1.3765e+07
1.91874e+07	0	1.3745e+07
1.9174e+07	0	1.37251e+07
1.91608e+07	0	1.37051e+07
1.91477e+07	0	1.36853e+07
1.91348e+07	0	1.36654e+07
1.9122e+07	0	1.36456e+07
1.91094e+07	0	1.36258e+07
1.90969e+07	0	1.36061e+07
1.90847e+07	0	1.35863e+07
1.90725e+07	0	1.35667e+07
1.90605e+07	0	1.3547e+07
1.90487e+07	0	1.35274e+07
1.90371e+07	0	1.35078e+07
1.90255e+07	0	1.34883e+07
1.90142e+07	0	1.34688e+07
1.9003e+07	0	1.34493e+07
1.89919e+07	0	1.34299e+07
1.8981e+07	0	1.34105e+07
1.89702e+07	0	1.33911e+07
1.89596e+07	0	1.33717e+07
1.89491e+07	0	1.33524e+07
1.89388e+07	0	1.33332e+07
1.89286e+07	0	1.33139e+07
1.89186e+07	0	1.32947e+07
1.89087e+07	0	1.32755e+07
1.8899e+07	0	1.32564e+07
1.88893e+07	0	1.32373e+07
1.88799e+07	0	1.32182e+07
1.88706e+07	0	1.31992e+07
1.88614e+07	0	1.31801e+07
1.88523e+07	0	1.31612e+07
1.88434e+07	0	1.31422e+07
1.88346e+07	0	1.31233e+07
1.8826e+07	0	1.31044e+07
1.88175e+07	0	1.30856e+07
1.88091e+07	0	1.30667e+07
1.88009e+07	0	1.3048e+07
1.87928e+07	0	1.30292e+07
1.87848e+07	0	1.30105e+07
1.8777e+07	0	1.29918e+07
1.87693e+07	0	1.29731e+07
1.87617e+07	0	1.29545e+07
1.87542e+07	0	1.29359e+07
1.87469e+07	0	1.29173e+07
1.87397e+07	0	1.28988e+07
1.87326e+07	0	1.28803e+07
1.87257e+07	0	1.28618e+07
1.87189e+07	0	1.28434e+07
1.87122e+07	0	1.2825e+07
1.87056e+07	0	1.28066e+07
1.86992e+07	0	1.27882e+07
1.86929e+07	0	1.27699e+07
1.86867e+07	0	1.27516e+07
1.86806e+07	0	1.27334e+07
1.86746e+07	0	1.27151e+07
1.86688e+07	0	1.26969e+07
1.86631e+07	0	1.26788e+07
1.86575e+07	0	1.26606e+07
1.8652e+07	0	1.26425e+07
1.86466e+07	0	1.26245e+07
1.86414e+07	0	1.26064e+07
1.86362e+07	0	1.25884e+07
1.86312e+07	0	1.25704e+07
1.86263e+07	0	1.25525e+07
1.86215e+07	0	1.25345e+07
1.86168e+07	0	1.25166e+07
1.86123e+07	0	1.24988e+07
1.86078e+07	0	1.24809e+07
1.86035e+07	0	1.24631e+07
1.85993e+07	0	1.24453e+07
1.85951e+07	0	1.24276e+07
1.85911e+07	0	1.24099e+07
1.85872e+07	0	1.23922e+07
1.85834e+07	0	1.23745e+07
1.85797e+07	0	1.23569e+07
1.85762e+07	0	1.23393e+07
1.85727e+07	0	1.23217e+07
1.85693e+07	0	1.23042e+07
1.85661e+07	0	1.22866e+07
1.85629e+07	0	1.22692e+07
1.85598e+07	0	1.22517e+07
1.85569e+07	0	1.22343e+07
1.85541e+07	0	1.22169e+07
1.85513e+07	0	1.21995e+07
1.85487e+07	0	1.21821e+07
1.85461e+07	0	1.21648e+07
1.85437e+07	0	1.21475e+07
1.85413e+07	0	1.21303e+07
1.85391e+07	0	1.2113e+07
1.8537e+07	0	1.20958e+07
1.85349e+07	0	1.20786e+07
1.8533e+07	0	1.20615e+07
1.85311e+07	0	1.20444e+07
1.85294e+07	0	1.20273e+07
1.85277e+07	0	1.20102e+07
1.85262e+07	0	1.19932e+07
1.85247e+07	0	1.19761e+07
1.85233e+07	0	1.19592e+07
1.8522e+07	0	1.19422e+07
1.85209e+07	0	1.19253e+07
1.85198e+07	0	1.19084e+07
1.85188e+07	0	1.18915e+07
1.85179e+07	0	1.18746e+07
1.85171e+07	0	1.18578e+07
1.85163e+07	0	1.1841e+07
1.85157e+07	0	1.18242e+07
1.85152e+07	0	1.18075e+07
1.85147e+07	0	1.17908e+07
1.85144e+07	0	1.17741e+07
1.85141e+07	0	1.17574e+07
1.85139e+07	0	1.17408e+07
1.85138e+07	0	1.17242e+07
1.85138e+07	0	1.17076e+07
1.85139e+07	0	1.16911e+07
1.8514e+07	0	1.16745e+07
1.85143e+07	0	1.1658e+07
1.85146e+07	0	1.16415e+07
1.8515e+07	0	1.16251e+07
1.85155e+07	0	1.16087e+07
1.85161e+07	0	1.15923e+07
1.85168e+07	0	1.15759e+07
1.85176e+07	0	1.15595e+07
1.85184e+07	0	1.15432e+07
1.85193e+07	0	1.15269e+07
1.85203e+07	0	1.15107e+07
1.85214e+07	0	1.14944e+07
1.85226e+07	0	1.14782e+07
1.85238e+07	0	1.1462e+07
1.85251e+07	0	1.14458e+07
1.85265e+07	0	1.14297e+07
1.8528e+07	0	1.14136e+07
1.85296e+07	0	1.13975e+07
1.85312e+07	0	1.13814e+07
1.85329e+07	0	1.13654e+07
1.85347e+07	0	1.13494e+07
1.85366e+07	0	1.13334e+07
1.85385e+07	0	1.13174e+07
1.85406e+07	0	1.13015e+07
1.85427e+07	0	1.12855e+07
1.85448e+07	0	1.12697e+07
1.85471e+07	0	1.12538e+07
1.85494e+07	0	1.12379e+07
1.85518e+07	0	1.12221e+07
1.85543e+07	0	1.12063e+07
1.85568e+07	0	1.11906e+07
1.85594e+07	0	1.11748e+07
1.85621e+07	0	1.11591e+07
1.85649e+07	0	1.11434e+07
1.85677e+07	0	1.11277e+07
1.85706e+07	0	1.11121e+07
1.85736e+07	0	1.10965e+07
1.85767e+07	0	1.10809e+07
1.85798e+07	0	1.10653e+07
1.8583e+07	0	1.10498e+07
1.85862e+07	0	1.10342e+07
1.85895e+07	0	1.10187e+07
1.85929e+07	0	1.10032e+07
1.85964e+07	0	1.09878e+07
1.85999e+07	0	1.09724e+07
1.86035e+07	0	1.0957e+07
1.86072e+07	0	1.09416e+07
1.86109e+07	0	1.09262e+07
1.86147e+07	0	1.09109e+07
1.86186e+07	0	1.08956e+07
1.86225e+07	0	1.08803e+07
1.86265e+07	0	1.0865e+07
1.86305e+07	0	1.08498e+07
1.86347e+07	0	1.08346e+07
1.86389e+07	0	1.08194e+07
1.86431e+07	0	1.08042e+07
1.86474e+07	0	1.07891e+07
1.86518e+07	0	1.07739e+07
1.86562e+07	0	1.07588e+07
1.86607e+07	0	1.07438e+07
1.86653e+07	0	1.07287e+07
1.86699e+07	0	1.07137e+07
1.86746e+07	0	1.06987e+07
1.86794e+07	0	1.06837e+07
1.86842e+07	0	1.06687e+07
1.8689e+07	0	1.06538e+07
1.8694e+07	0	1.06388e+07
1.8699e+07	0	1.0624e+07
1.8704e+07	0	1.06091e+07
1.87091e+07	0	1.05942e+07
1.87143e+07	0	1.05794e+07
1.87195e+07	0	1.05646e+07
1.87248e+07	0	1.05498e+07
1.87301e+07	0	1.05351e+07
1.87355e+07	0	1.05203e+07
1.8741e+07	0	1.05056e+07
1.87465e+07	0	1.04909e+07
1.8752e+07	0	1.04762e+07
1.87577e+07	0	1.04616e+07
1.87633e+07	0	1.0447e+07
1.87691e+07	0	1.04324e+07
1.87749e+07	0	1.04178e+07
1.87807e+07	0	1.04032e+07
1.87866e+07	0	1.03887e+07
1.87926e+07	0	1.03742e+07
1.87986e+07	0	1.03597e+07
1.88046e+07	0	1.03452e+07
1.88107e+07	0	1.03307e+07
1.88169e+07	0	1.03163e+07
1.88231e+07	0	1.03019e+07
1.88294e+07	0	1.02875e+07
1.88357e+07	0	1.02731e+07
1.88421e+07	0	1.02588e+07
1.88485e+07	0	1.02445e+07
1.8855e+07	0	1.02302e+07
1.88615e+07	0	1.02159e+07
1.88681e+07	0	1.02016e+07
1.88747e+07	0	1.01874e+07
1.88814e+07	0	1.01732e+07
1.88882e+07	0	1.0159e+07
1.88949e+07	0	1.01448e+07
1.89018e+07	0	1.01307e+07
1.89086e+07	0	1.01165e+07
1.89156e+07	0	1.01024e+07
1.89225e+07	0	1.00883e+07
1.89296e+07	0	1.00743e+07
1.89366e+07	0	1.00602e+07
1.89438e+07	0	1.00462e+07
1.89509e+07	0	1.00322e+07
1.89581e+07	0	1.00182e+07
1.89654e+07	0	1.00042e+07
1.89727e+07	0	9.9903e+06
1.898e+07	0	9.97638e+06
1.89874e+07	0	9.96247e+06
1.89949e+07	0	9.94859e+06
1.90024e+07	0	9.93473e+06
1.90099e+07	0	9.92089e+06
1.90175e+07	0	9.90707e+06
1.90251e+07	0	9.89327e+06
1.90328e+07	0	9.87949e+06
1.90405e+07	0	9.86574e+06
1.90482e+07	0	9.852e+06
1.9056e+07	0	9.83828e+06
1.90638e+07	0	9.82458e+06
1.90717e+07	0	9.81091e+06
1.90797e+07	0	9.79725e+06
1.90876e+07	0	9.78361e+06
1.90956e+07	0	9.76999e+06
1.91037e+07	0	9.7564e+06
1.91118e+07	0	9.74282e+06
1.91199e+07	0	9.72926e+06
1.91281e+07	0	9.71572e+06
1.91363e+07	0	9.70221e+06
1.91445e+07	0	9.68871e+06
1.91528e+07	0	9.67523e+06
1.91612e+07	0	9.66177e+06
1.91696e+07	0	9.64833e+06
1.9178e+07	0	9.63492e+06
1.91864e+07	0	9.62152e+06
1.91949e+07	0	9.60814e+06
1.92034e+07	0	9.59478e+06
1.9212e+07	0	9.58144e+06
1.92206e+07	0	9.56812e+06
1.92293e+07	0	9.55481e+06
1.9238e+07	0	9.54153e+06
1.92467e+07	0	9.52827e+06
1.92554e+07	0	9.51503e+06
1.92642e+07	0	9.5018e+06
1.92731e+07	0	9.4886e+06
1.92819e+07	0	9.47541e+06
1.92908e+07	0	9.46225e+06
1.92998e+07	0	9.4491e+06
1.93088e+07	0	9.43597e+06
1.93178e+07	0	9.42286e+06
1.93268e+07	0	9.40977e+06
1.93359e+07	0	9.3967e+06
1.9345e+07	0	9.38365e+06
1.93542e+07	0	9.37062e+06
1.93634e+07	0	9.3576e+06
1.93726e+07	0	9.34461e+06
1.93819e+07	0	9.33163e+06
1.93912e+07	0	9.31867e+06
1.94005e+07	0	9.30573e+06
1.94098e+07	0	9.29281e+06
1.94192e+07	0	9.27991e+06
1.94287e+07	0	9.26703e+06
1.94381e+07	0	9.25417e+06
1.94476e+07	0	9.24132e+06
1.94571e+07	0	9.22849e+06
1.94667e+07	0	9.21569e+06
1.94763e+07	0	9.2029e+06
1.94859e+07	0	9.19012e+06
1.94955e+07	0	9.17737e+06
1.95052e+07	0	9.16464e+06
1.95149e+07	0	9.15192e+06
1.95247e+07	0	9.13922e+06
1.95345e+07	0	9.12654e+06
1.95443e+07	0	9.11388e+06
1.95541e+07	0	9.10124e+06
1.9564e+07	0	9.08861e+06
1.95739e+07	0	9.07601e+06
1.95838e+07	0	9.06342e+06
1.95937e+07	0	9.05085e+06
1.96037e+07	0	9.0383e+06
1.96137e+07	0	9.02576e+06
1.96238e+07	0	9.01324e+06
1.96338e+07	0	9.00075e+06
1.96439e+07	0	8.98826e+06
1.96541e+07	0	8.9758e+06
1.96642e+07	0	8.96336e+06
1.96744e+07	0	8.95093e+06
1.96846e+07	0	8.93852e+06
1.96948e+07	0	8.92613e+06
1.97051e+07	0	8.91376e+06
1.97154e+07	0	8.9014e+06
1.97257e+07	0	8.88906e+06
1.9736e+07	0	8.87674e+06
1.97464e+07	0	8.86444e+06
1.97568e+07	0	8.85215e+06
1.97672e+07	0	8.83988e+06
1.97777e+07	0	8.82763e+06
1.97882e+07	0	8.8154e+06
1.97986e+07	0	8.80318e+06
1.98092e+07	0	8.79099e+06
1.98197e+07	0	8.77881e+06
1.98303e+07	0	8.76664e+06
1.98409e+07	0	8.7545e+06
1.98515e+07	0	8.74237e+06
1.98622e+07	0	8.73026e+06
1.98728e+07	0	8.71816e+06
1.98835e+07	0	8.70608e+06
1.98942e+07	0	8.69402e+06
1.9905e+07	0	8.68198e+06
1.99157e+07	0	8.66996e+06
1.99265e+07	0	8.65795e+06
1.99373e+07	0	8.64596e+06
1.99482e+07	0	8.63398e+06
1.9959e+07	0	8.62202e+06
1.99699e+07	0	8.61008e+06
1.99808e+07	0	8.59816e+06
1.99917e+07	0	8.58625e+06
2.00027e+07	0	8.57436e+06
2.00137e+07	0	8.56249e+06
2.00246e+07	0	8.55063e+06
2.00356e+07	0	8.53879e+06
2.00467e+07	0	8.52697e+06
2.00577e+07	0	8.51517e+06
2.00688e+07	0	8.50338e+06
2.00799e+07	0	8.4916e+06
2.0091e+07	0	8.47985e+06
2.01021e+07	0	8.46811e+06
2.01133e+07	0	8.45639e+06
2.01245e+07	0	8.44468e+06
2.01357e+07	0	8.43299e+06
2.01469e+07	0	8.42132e+06
2.01581e+07	0	8.40966e+06
2.01694e+07	0	8.39802e+06
2.01806e+07	0	8.3864e+06
2.01919e+07	0	8.37479e+06
2.02032e+07	0	8.3632e+06
2.02146e+07	0	8.35163e+06
2.02259e+07	0	8.34007e+06
2.02373e+07	0	8.32853e+06
2.02487e+07	0	8.317e+06
2.02601e+07	0	8.30549e+06
2.02715e+07	0	8.294e+06
2.02829e+07	0	8.28252e+06
2.02944e+07	0	8.27106e+06
2.03058e+07	0	8.25961e+06
2.03173e+07	0	8.24819e+06
2.03288e+07	0	8.23677e+06
2.03403e+07	0	8.22538e+06
2.03519e+07	0	8.214e+06
2.03634e+07	0	8.20263e+06
2.0375e+07	0	8.19128e+06
2.03866e+07	0	8.17995e+06
2.03982e+07	0	8.16863e+06
2.04098e+07	0	8.15733e+06
2.04214e+07	0	8.14605e+06
2.04331e+07	0	8.13478e+06
2.04448e+07	0	8.12353e+06
2.04564e+07	0	8.11229e+06
2.04681e+07	0	8.10107e+06
2.04799e+07	0	8.08986e+06
2.04916e+07	0	8.07867e+06
2.05033e+07	0	8.06749e+06
2.05151e+07	0	8.05634e+06
2.05268e+07	0	8.04519e+06
2.05386e+07	0	8.03406e+06
2.05504e+07	0	8.02295e+06
2.05622e+07	0	8.01186e+06
2.05741e+07	0	8.00077e+06
2.05859e+07	0	7.98971e+06
2.05978e+07	0	7.97866e+06
2.06096e+07	0	7.96762e+06
2.06215e+07	0	7.9566e+06
2.06334e+07	0	7.9456e+06
2.06453e+07	0	7.93461e+06
2.06572e+07	0	7.92364e+06
2.06691e+07	0	7.91268e+06
2.06811e+07	0	7.90174e+06
2.0693e+07	0	7.89081e+06
2.0705e+07	0	7.8799e+06
2.0717e+07	0	7.869e+06
2.0729e+07	0	7.85812e+06
2.0741e+07	0	7.84725e+06
2.0753e+07	0	7.8364e+06
2.0765e+07	0	7.82556e+06
2.07771e+07	0	7.81474e+06
2.07891e+07	0	7.80394e+06
2.08012e+07	0	7.79315e+06
2.08132e+07	0	7.78237e+06
2.08253e+07	0	7.77161e+06
2.08374e+07	0	7.76086e+06
2.08495e+07	0	7.75013e+06
2.08616e+07	0	7.73942e+06
2.08738e+07	0	7.72871e+06
2.08859e+07	0	7.71803e+06
2.0898e+07	0	7.70736e+06
2.09102e+07	0	7.6967e+06
2.09224e+07	0	7.68606e+06
2.09345e+07	0	7.67543e+06
2.09467e+07	0	7.66482e+06
2.09589e+07	0	7.65422e+06
2.09711e+07	0	7.64364e+06
2.09833e+07	0	7.63307e+06
2.09955e+07	0	7.62252e+06
2.10078e+07	0	7.61198e+06
2.102e+07	0	7.60145e+06
2.10323e+07	0	7.59094e+06
2.10445e+07	0	7.58045e+06
2.10568e+07	0	7.56997e+06
2.1069e+07	0	7.5595e+06
2.10813e+07	0	7.54905e+06
2.10936e+07	0	7.53861e+06
2.11059e+07	0	7.52819e+06
2.11182e+07	0	7.51778e+06
2.11305e+07	0	7.50739e+06
2.11428e+07	0	7.49701e+06
2.11552e+07	0	7.48665e+06
2.11675e+07	0	7.4763e+06
2.11798e+07	0	7.46596e+06
2.11922e+07	0	7.45564e+06
2.12045e+07	0	7.44533e+06
2.12169e+07	0	7.43504e+06
2.12293e+07	0	7.42476e+06
2.12416e+07	0	7.41449e+06
2.1254e+07	0	7.40424e+06
2.12664e+07	0	7.39401e+06
2.12788e+07	0	7.38378e+06
2.12912e+07	0	7.37358e+06
2.13036e+07	0	7.36338e+06
2.1316e+07	0	7.3532e+06
2.13284e+07	0	7.34304e+06
2.13409e+07	0	7.33288e+06
2.13533e+07	0	7.32275e+06
2.13657e+07	0	7.31262e+06
2.13782e+07	0	7.30251e+06
2.13906e+07	0	7.29242e+06
2.1403e+07	0	7.28234e+06
2.14155e+07	0	7.27227e+06
2.1428e+07	0	7.26221e+06
2.14404e+07	0	7.25217e+06
2.14529e+07	0	7.24215e+06
2.14654e+07	0	7.23213e+06
2.14778e+07	0	7.22214e+06
2.14903e+07	0	7.21215e+06
2.15028e+07	0	7.20218e+06
2.15153e+07	0	7.19222e+06
2.15278e+07	0	7.18228e+06
2.15403e+07	0	7.17235e+06
2.15528e+07	0	7.16243e+06
2.15653e+07	0	7.15253e+06
2.15778e+07	0	7.14264e+06
2.15903e+07	0	7.13277e+06
2.16028e+07	0	7.1229e+06
2.16154e+07	0	7.11306e+06
2.16279e+07	0	7.10322e+06
2.16404e+07	0	7.0934e+06
2.16529e+07	0	7.08359e+06
2.16655e+07	0	7.0738e+06
2.1678e+07	0	7.06402e+06
2.16905e+07	0	7.05425e+06
2.17031e+07	0	7.0445e+06
2.17156e+07	0	7.03476e+06
2.17282e+07	0	7.02503e+06
2.17407e+07	0	7.01532e+06
2.17533e+07	0	7.00562e+06
2.17658e+07	0	6.99593e+06
2.17784e+07	0	6.98626e+06
2.17909e+07	0	6.9766e+06
2.18035e+07	0	6.96695e+06
2.1816e+07	0	6.95732e+06
2.18286e+07	0	6.9477e+06
2.18412e+07	0	6.93809e+06
2.18537e+07	0	6.9285e+06
2.18663e+07	0	6.91892e+06
2.18789e+07	0	6.90935e+06
2.18914e+07	0	6.8998e+06
2.1904e+07	0	6.89026e+06
2.19166e+07	0	6.88073e+06
2.19291e+07	0	6.87121e+06
2.19417e+07	0	6.86171e+06
2.19543e+07	0	6.85222e+06
2.19669e+07	0	6.84275e+06
2.19794e+07	0	6.83328e+06
2.1992e+07	0	6.82383e+06
2.20046e+07	0	6.8144e+06
2.20171e+07	0	6.80497e+06
2.20297e+07	0	6.79556e+06
2.20423e+07	0	6.78616e+06
2.20549e+07	0	6.77678e+06
2.20674e+07	0	6.76741e+06
2.208e+07	0	6.75805e+06
2.20926e+07	0	6.7487e+06
2.21052e+07	0	6.73937e+06
2.21177e+07	0	6.73005e+06
2.21303e+07	0	6.72074e+06
2.21429e+07	0	6.71144e+06
2.21555e+07	0	6.70216e+06
2.2168e+07	0	6.69289e+06
2.21806e+07	0	6.68363e+06
2.21932e+07	0	6.67439e+06
2.22057e+07	0	6.66516e+06
2.22183e+07	0	6.65594e+06
2.22309e+07	0	6.64673e+06
2.22434e+07	0	6.63754e+06
2.2256e+07	0	6.62836e+06
2.22686e+07	0	6.61919e+06
2.22811e+07	0	6.61003e+06
2.22937e+07	0	6.60089e+06
2.23062e+07	0	6.59176e+06
2.23188e+07	0	6.58264e+06
2.23314e+07	0	6.57353e+06
2.23439e+07	0	6.56444e+06
2.23565e+07	0	6.55536e+06
2.2369e+07	0	6.54629e+06
2.23815e+07	0	6.53723e+06
2.23941e+07	0	6.52819e+06
2.24066e+07	0	6.51916e+06
2.24192e+07	0	6.51014e+06
2.24317e+07	0	6.50113e+06
2.24442e+07	0	6.49214e+06
2.24568e+07	0	6.48316e+06
2.24693e+07	0	6.47419e+06
2.24818e+07	0	6.46523e+06
2.24944e+07	0	6.45628e+06
2.25069e+07	0	6.44735e+06
2.25194e+07	0	6.43843e+06
2.25319e+07	0	6.42952e+06
2.25444e+07	0	6.42063e+06
2.25569e+07	0	6.41174e+06
2.25694e+07	0	6.40287e+06
2.25819e+07	0	6.39401e+06
2.25944e+07	0	6.38516e+06
2.26069e+07	0	6.37633e+06
2.26194e+07	0	6.3675e+06
2.26319e+07	0	6.35869e+06
2.26444e+07	0	6.34989e+06
2.26569e+07	0	6.3411e+06
2.26694e+07	0	6.33233e+06
2.26818e+07	0	6.32357e+06
2.26943e+07	0	6.31481e+06
2.27068e+07	0	6.30608e+06
2.27192e+07	0	6.29735e+06
2.27317e+07	0	6.28863e+06
2.27442e+07	0	6.27993e+06
2.27566e+07	0	6.27124e+06
2.27691e+07	0	6.26256e+06
2.27815e+07	0	6.25389e+06
2.27939e+07	0	6.24523e+06
2.28064e+07	0	6.23659e+06
2.28188e+07	0	6.22796e+06
2.28312e+07	0	6.21934e+06
2.28436e+07	0	6.21073e+06
2.28561e+07	0	6.20213e+06
2.28685e+07	0	6.19354e+06
2.28809e+07	0	6.18497e+06
2.28933e+07	0	6.17641e+06
2.29057e+07	0	6.16786e+06
2.29181e+07	0	6.15932e+06
2.29304e+07	0	6.15079e+06
2.29428e+07	0	6.14228e+06
2.29552e+07	0	6.13377e+06
2.29676e+07	0	6.12528e+06
2.29799e+07	0	6.1168e+06
2.29923e+07	0	6.10833e+06
2.30047e+07	0	6.09988e+06
2.3017e+07	0	6.09143e+06
2.30293e+07	0	6.083e+06
2.30417e+07	0	6.07457e+06
2.3054e+07	0	6.06616e+06
2.30663e+07	0	6.05776e+06
2.30787e+07	0	6.04937e+06
2.3091e+07	0	6.041e+06
2.31033e+07	0	6.03263e+06
2.31156e+07	0	6.02428e+06
2.31279e+07	0	6.01594e+06
2.31402e+07	0	6.0076e+06
2.31525e+07	0	5.99928e+06
2.31647e+07	0	5.99098e+06
2.3177e+07	0	5.98268e+06
2.31893e+07	0	5.97439e+06
2.32015e+07	0	5.96612e+06
2.32138e+07	0	5.95786e+06
2.32261e+07	0	5.9496e+06
2.32383e+07	0	5.94136e+06
2.32505e+07	0	5.93314e+06
2.32628e+07	0	5.92492e+06
2.3275e+07	0	5.91671e+06
2.32872e+07	0	5.90851e+06
2.32994e+07	0	5.90033e+06
2.33116e+07	0	5.89216e+06
2.33238e+07	0	5.884e+06
2.3336e+07	0	5.87584e+06
2.33482e+07	0	5.8677e+06
2.33603e+07	0	5.85958e+06
2.33725e+07	0	5.85146e+06
2.33847e+07	0	5.84335e+06
2.33968e+07	0	5.83526e+06
2.3409e+07	0	5.82717e+06
2.34211e+07	0	5.8191e+06
2.34332e+07	0	5.81104e+06
2.34454e+07	0	5.80298e+06
2.34575e+07	0	5.79494e+06
2.34696e+07	0	5.78691e+06
2.34817e+07	0	5.7789e+06
2.34938e+07	0	5.77089e+06
2.35059e+07	0	5.76289e+06
2.3518e+07	0	5.75491e+06
2.353e+07	0	5.74693e+06
2.35421e+07	0	5.73897e+06
2.35542e+07	0	5.73102e+06
2.35662e+07	0	5.72307e+06
2.35783e+07	0	5.71514e+06
2.35903e+07	0	5.70722e+06
2.36023e+07	0	5.69931e+06
2.36143e+07	0	5.69141e+06
2.36264e+07	0	5.68352e+06
2.36384e+07	0	5.67565e+06
2.36504e+07	0	5.66778e+06
2.36624e+07	0	5.65992e+06
2.36743e+07	0	5.65208e+06
2.36863e+07	0	5.64425e+06
2.36983e+07	0	5.63642e+06
2.37102e+07	0	5.62861e+06
2.37222e+07	0	5.62081e+06
2.37341e+07	0	5.61301e+06
2.3746e+07	0	5.60523e+06
2.3758e+07	0	5.59746e+06
2.37699e+07	0	5.5897e+06
2.37818e+07	0	5.58195e+06
2.37937e+07	0	5.57421e+06
2.38056e+07	0	5.56649e+06
2.38175e+07	0	5.55877e+06
2.38293e+07	0	5.55106e+06
2.38412e+07	0	5.54336e+06
2.3853e+07	0	5.53568e+06
2.38649e+07	0	5.528e+06
2.38767e+07	0	5.52034e+06
2.38886e+07	0	5.51268e+06
2.39004e+07	0	5.50504e+06
2.39122e+07	0	5.49741e+06
2.3924e+07	0	5.48978e+06
2.39358e+07	0	5.48217e+06
2.39476e+07	0	5.47457e+06
2.39593e+07	0	5.46697e+06
2.39711e+07	0	5.45939e+06
2.39829e+07	0	5.45182e+06
2.39946e+07	0	5.44426e+06
2.40064e+07	0	5.43671e+06
2.40181e+07	0	5.42917e+06
2.40298e+07	0	5.42164e+06
2.40415e+07	0	5.41412e+06
2.40532e+07	0	5.40661e+06
2.40649e+07	0	5.39911e+06
2.40766e+07	0	5.39162e+06
2.40883e+07	0	5.38414e+06
2.41e+07	0	5.37667e+06
2.41116e+07	0	5.36921e+06
2.41233e+07	0	5.36176e+06
2.41349e+07	0	5.35433e+06
2.41465e+07	0	5.3469e+06
2.41581e+07	0	5.33948e+06
2.41698e+07	0	5.33207e+06
2.41814e+07	0	5.32467e+06
2.41929e+07	0	5.31729e+06
2.42045e+07	0	5.30991e+06
2.42161e+07	0	5.30254e+06
2.42277e+07	0	5.29518e+06
2.42392e+07	0	5.28784e+06
2.42508e+07	0	5.2805e+06
2.42623e+07	0	5.27317e+06
2.42738e+07	0	5.26585e+06
2.42853e+07	0	5.25855e+06
2.42968e+07	0	5.25125e+06
2.43083e+07	0	5.24396e+06
2.43198e+07	0	5.23668e+06
2.43313e+07	0	5.22942e+06
2.43428e+07	0	5.22216e+06
2.43542e+07	0	5.21491e+06
2.43657e+07	0	5.20767e+06
2.43771e+07	0	5.20044e+06
2.43885e+07	0	5.19323e+06
2.43999e+07	0	5.18602e+06
2.44113e+07	0	5.17882e+06
2.44227e+07	0	5.17163e+06
2.44341e+07	0	5.16445e+06
2.44455e+07	0	5.15728e+06
2.44569e+07	0	5.15012e+06
2.44682e+07	0	5.14297e+06
2.44796e+07	0	5.13583e+06
2.44909e+07	0	5.1287e+06
2.45022e+07	0	5.12158e+06
2.45135e+07	0	5.11447e+06
2.45248e+07	0	5.10737e+06
2.45361e+07	0	5.10028e+06
2.45474e+07	0	5.0932e+06
2.45587e+07	0	5.08613e+06
2.45699e+07	0	5.07906e+06
2.45812e+07	0	5.07201e+06
2.45924e+07	0	5.06497e+06
2.46037e+07	0	5.05794e+06
2.46149e+07	0	5.05091e+06
2.46261e+07	0	5.0439e+06
2.46373e+07	0	5.03689e+06
2.46485e+07	0	5.0299e+06
2.46597e+07	0	5.02291e+06
2.46708e+07	0	5.01594e+06
2.4682e+07	0	5.00897e+06
2.46931e+07	0	5.00201e+06
2.47043e+07	0	4.99507e+06
2.47154e+07	0	4.98813e+06
2.47265e+07	0	4.9812e+06
2.47376e+07	0	4.97428e+06
2.47487e+07	0	4.96737e+06
2.47598e+07	0	4.96047e+06
2.47709e+07	0	4.95358e+06
2.47819e+07	0	4.9467e+06
2.4793e+07	0	4.93983e+06
2.4804e+07	0	4.93297e+06
2.48151e+07	0	4.92611e+06
2.48261e+07	0	4.91927e+06
2.48371e+07	0	4.91244e+06
2.48481e+07	0	4.90561e+06
2.48591e+07	0	4.89879e+06
2.48701e+07	0	4.89199e+06
2.4881e+07	0	4.88519e+06
2.4892e+07	0	4.8784e+06
2.49029e+07	0	4.87162e+06
2.49139e+07	0	4.86486e+06
2.49248e+07	0	4.8581e+06
2.49357e+07	0	4.85134e+06
2.49466e+07	0	4.8446e+06
2.49575e+07	0	4.83787e+06
2.49684e+07	0	4.83115e+06
2.49792e+07	0	4.82443e+06
2.49901e+07	0	4.81773e+06
2.50009e+07	0	4.81103e+06
2.50118e+07	0	4.80435e+06
2.50226e+07	0	4.79767e+06
2.50334e+07	0	4.791e+06
2.50442e+07	0	4.78434e+06
2.5055e+07	0	4.77769e+06
2.50658e+07	0	4.77105e+06
2.50765e+07	0	4.76442e+06
2.50873e+07	0	4.7578e+06
2.5098e+07	0	4.75118e+06
2.51088e+07	0	4.74458e+06
2.51195e+07	0	4.73798e+06
2.51302e+07	0	4.7314e+06
2.51409e+07	0	4.72482e+06
2.51516e+07	0	4.71825e+06
2.51623e+07	0	4.71169e+06
2.51729e+07	0	4.70514e+06
2.51836e+07	0	4.6986e+06
2.51942e+07	0	4.69206e+06
2.52049e+07	0	4.68554e+06
2.52155e+07	0	4.67903e+06
2.52261e+07	0	4.67252e+06
2.52367e+07	0	4.66602e+06
2.52473e+07	0	4.65953e+06
2.52579e+07	0	4.65305e+06
2.52684e+07	0	4.64658e+06
2.5279e+07	0	4.64012e+06
2.52895e+07	0	4.63367e+06
2.53e+07	0	4.62723e+06
2.53106e+07	0	4.62079e+06
2.53211e+07	0	4.61436e+06
2.53316e+07	0	4.60795e+06
2.53421e+07	0	4.60154e+06
2.53525e+07	0	4.59514e+06
2.5363e+07	0	4.58875e+06
2.53735e+07	0	4.58236e+06
2.53839e+07	0	4.57599e+06
2.53943e+07	0	4.56962e+06
2.54047e+07	0	4.56327e+06
2.54151e+07	0	4.55692e+06
2.54255e+07	0	4.55058e+06
2.54359e+07	0	4.54425e+06
2.54463e+07	0	4.53793e+06
2.54567e+07	0	4.53162e+06
2.5467e+07	0	4.52531e+06
2.54773e+07	0	4.51902e+06
2.54877e+07	0	4.51273e+06
2.5498e+07	0	4.50645e+06
2.55083e+07	0	4.50018e+06
2.55186e+07	0	4.49392e+06
2.55289e+07	0	4.48767e+06
2.55391e+07	0	4.48142e+06
2.55494e+07	0	4.47519e+06
2.55596e+07	0	4.46896e+06
2.55699e+07	0	4.46274e+06
2.55801e+07	0	4.45653e+06
2.55903e+07	0	4.45033e+06
2.56005e+07	0	4.44413e+06
2.56107e+07	0	4.43795e+06
2.56209e+07	0	4.43177e+06
2.5631e+07	0	4.42561e+06
2.56412e+07	0	4.41945e+06
2.56513e+07	0	4.41329e+06
2.56614e+07	0	4.40715e+06
2.56716e+07	0	4.40102e+06
2.56817e+07	0	4.39489e+06
2.56918e+07	0	4.38878e+06
2.57018e+07	0	4.38267e+06
2.57119e+07	0	4.37657e+06
2.5722e+07	0	4.37047e+06
2.5732e+07	0	4.36439e+06
2.57421e+07	0	4.35831e+06
2.57521e+07	0	4.35225e+06
2.57621e+07	0	4.34619e+06
2.57721e+07	0	4.34014e+06
2.57821e+07	0	4.33409e+06
2.57921e+07	0	4.32806e+06
2.5802e+07	0	4.32203e+06
2.5812e+07	0	4.31602e+06
2.58219e+07	0	4.31001e+06
2.58319e+07	0	4.30401e+06
2.58418e+07	0	4.29801e+06
2.58517e+07	0	4.29203e+06
2.58616e+07	0	4.28605e+06
2.58715e+07	0	4.28008e+06
2.58814e+07	0	4.27412e+06
2.58912e+07	0	4.26817e+06
2.59011e+07	0	4.26223e+06
2.59109e+07	0	4.25629e+06
2.59207e+07	0	4.25037e+06
2.59306e+07	0	4.24445e+06
2.59404e+07	0	4.23853e+06
2.59502e+07	0	4.23263e+06
2.59599e+07	0	4.22674e+06
2.59697e+07	0	4.22085e+06
2.59795e+07	0	4.21497e+06
2.59892e+07	0	4.2091e+06
2.59989e+07	0	4.20324e+06
2.60087e+07	0	4.19738e+06
2.60184e+07	0	4.19154e+06
2.60281e+07	0	4.1857e+06
2.60378e+07	0	4.17987e+06
2.60474e+07	0	4.17404e+06
2.60571e+07	0	4.16823e+06
2.60668e+07	0	4.16242e+06
2.60764e+07	0	4.15662e+06
2.6086e+07	0	4.15083e+06
2.60957e+07	0	4.14505e+06
2.61053e+07	0	4.13927e+06
2.61149e+07	0	4.13351e+06
2.61244e+07	0	4.12775e+06
2.6134e+07	0	4.122e+06
2.61436e+07	0	4.11625e+06
2.61531e+07	0	4.11052e+06
2.61627e+07	0	4.10479e+06
2.61722e+07	0	4.09907e+06
2.61817e+07	0	4.09336e+06
2.61912e+07	0	4.08765e+06
2.62007e+07	0	4.08196e+06
2.62102e+07	0	4.07627e+06
2.62196e+07	0	4.07059e+06
2.62291e+07	0	4.06492e+06
2.62385e+07	0	4.05925e+06
2.6248e+07	0	4.05359e+06
2.62574e+07	0	4.04794e+06
2.62668e+07	0	4.0423e+06
2.62762e+07	0	4.03667e+06
2.62856e+07	0	4.03104e+06
2.62949e+07	0	4.02542e+06
2.63043e+07	0	4.01981e+06
2.63136e+07	0	4.01421e+06
2.6323e+07	0	4.00861e+06
2.63323e+07	0	4.00302e+06
2.63416e+07	0	3.99744e+06
2.63509e+07	0	3.99187e+06
2.63602e+07	0	3.98631e+06
2.63695e+07	0	3.98075e+06
2.63788e+07	0	3.9752e+06
2.6388e+07	0	3.96966e+06
2.63973e+07	0	3.96412e+06
2.64065e+07	0	3.9586e+06
2.64157e+07	0	3.95308e+06
2.64249e+07	0	3.94757e+06
2.64341e+07	0	3.94206e+06
2.64433e+07	0	3.93657e+06
2.64525e+07	0	3.93108e+06
2.64617e+07	0	3.9256e+06
2.64708e+07	0	3.92012e+06
2.648e+07	0	3.91466e+06
2.64891e+07	0	3.9092e+06
2.64982e+07	0	3.90374e+06
2.65073e+07	0	3.8983e+06
2.65164e+07	0	3.89286e+06
2.65255e+07	0	3.88744e+06
2.65346e+07	0	3.88201e+06
2.65436e+07	0	3.8766e+06
2.65527e+07	0	3.87119e+06
2.65617e+07	0	3.86579e+06
2.65707e+07	0	3.8604e+06
2.65797e+07	0	3.85502e+06
2.65888e+07	0	3.84964e+06
2.65977e+07	0	3.84427e+06
2.66067e+07	0	3.83891e+06
2.66157e+07	0	3.83356e+06
2.66246e+07	0	3.82821e+06
2.66336e+07	0	3.82287e+06
2.66425e+07	0	3.81753e+06
2.66514e+07	0	3.81221e+06
2.66604e+07	0	3.80689e+06
2.66693e+07	0	3.80158e+06
2.66781e+07	0	3.79628e+06
2.6687e+07	0	3.79098e+06
2.66959e+07	0	3.78569e+06
2.67047e+07	0	3.78041e+06
2.67136e+07	0	3.77514e+06
2.67224e+07	0	3.76987e+06
2.67312e+07	0	3.76461e+06
2.674e+07	0	3.75936e+06
2.67488e+07	0	3.75411e+06
2.67576e+07	0	3.74887e+06
2.67664e+07	0	3.74364e+06
2.67752e+07	0	3.73842e+06
2.67839e+07	0	3.7332e+06
2.67926e+07	0	3.72799e+06
2.68014e+07	0	3.72279e+06
2.68101e+07	0	3.71759e+06
2.68188e+07	0	3.71241e+06
2.68275e+07	0	3.70722e+06
2.68362e+07	0	3.70205e+06
2.68448e+07	0	3.69688e+06
2.68535e+07	0	3.69172e+06
2.68621e+07	0	3.68657e+06
2.68708e+07	0	3.68143e+06
2.68794e+07	0	3.67629e+06
2.6888e+07	0	3.67116e+06
2.68966e+07	0	3.66603e+06
2.69052e+07	0	3.66092e+06
2.69138e+07	0	3.65581e+06
2.69224e+07	0	3.6507e+06
2.69309e+07	0	3.64561e+06
2.69395e+07	0	3.64052e+06
2.6948e+07	0	3.63544e+06
2.69565e+07	0	3.63036e+06
2.6965e+07	0	3.62529e+06
2.69735e+07	0	3.62023e+06
2.6982e+07	0	3.61518e+06
2.69905e+07	0	3.61013e+06
2.6999e+07	0	3.60509e+06
2.70074e+07	0	3.60006e+06
2.70159e+07	0	3.59503e+06
2.70243e+07	0	3.59001e+06
2.70327e+07	0	3.585e+06
2.70411e+07	0	3.57999e+06
2.70495e+07	0	3.575e+06
2.70579e+07	0	3.57e+06
2.70663e+07	0	3.56502e+06
2.70747e+07	0	3.56004e+06
2.7083e+07	0	3.55507e+06
2.70914e+07	0	3.55011e+06
2.70997e+07	0	3.54515e+06
2.7108e+07	0	3.5402e+06
2.71163e+07	0	3.53525e+06
2.71246e+07	0	3.53032e+06
2.71329e+07	0	3.52539e+06
2.71412e+07	0	3.52046e+06
2.71495e+07	0	3.51555e+06
2.71577e+07	0	3.51064e+06
2.7166e+07	0	3.50573e+06
2.71742e+07	0	3.50084e+06
2.71824e+07	0	3.49595e+06
2.71906e+07	0	3.49106e+06
2.71988e+07	0	3.48619e+06
2.7207e+07	0	3.48132e+06
2.72152e+07	0	3.47646e+06
2.72234e+07	0	3.4716e+06
2.72315e+07	0	3.46675e+06
2.72397e+07	0	3.46191e+06
2.72478e+07	0	3.45707e+06
2.72559e+07	0	3.45224e+06
2.7264e+07	0	3.44742e+06
2.72721e+07	0	3.4426e+06
2.72802e+07	0	3.43779e+06
2.72883e+07	0	3.43299e+06
2.72964e+07	0	3.42819e+06
2.73044e+07	0	3.42341e+06
2.73125e+07	0	3.41862e+06
2.73205e+07	0	3.41385e+06
2.73285e+07	0	3.40908e+06
2.73366e+07	0	3.40431e+06
2.73446e+07	0	3.39956e+06
2.73526e+07	0	3.39481e+06
2.73605e+07	0	3.39006e+06
2.73685e+07	0	3.38533e+06
2.73765e+07	0	3.3806e+06
2.73844e+07	0	3.37587e+06
2.73924e+07	0	3.37115e+06
2.74003e+07	0	3.36644e+06
2.74082e+07	0	3.36174e+06
2.74161e+07	0	3.35704e+06
2.7424e+07	0	3.35235e+06
2.74319e+07	0	3.34766e+06
2.74398e+07	0	3.34299e+06
2.74476e+07	0	3.33831e+06
2.74555e+07	0	3.33365e+06
2.74633e+07	0	3.32899e+06
2.74711e+07	0	3.32434e+06
2.7479e+07	0	3.31969e+06
2.74868e+07	0	3.31505e+06
2.74946e+07	0	3.31042e+06
2.75023e+07	0	3.30579e+06
2.75101e+07	0	3.30117e+06
2.75179e+07	0	3.29655e+06
2.75256e+07	0	3.29195e+06
2.75334e+07	0	3.28734e+06
2.75411e+07	0	3.28275e+06
2.75488e+07	0	3.27816e+06
2.75566e+07	0	3.27358e+06
2.75643e+07	0	3.269e+06
2.7572e+07	0	3.26443e+06
2.75796e+07	0	3.25987e+06
2.75873e+07	0	3.25531e+06
2.7595e+07	0	3.25076e+06
2.76026e+07	0	3.24621e+06
2.76102e+07	0	3.24168e+06
2.76179e+07	0	3.23714e+06
2.76255e+07	0	3.23262e+06
2.76331e+07	0	3.2281e+06
2.76407e+07	0	3.22358e+06
2.76483e+07	0	3.21908e+06
2.76559e+07	0	3.21458e+06
2.76634e+07	0	3.21008e+06
2.7671e+07	0	3.20559e+06
2.76785e+07	0	3.20111e+06
2.76861e+07	0	3.19663e+06
2.76936e+07	0	3.19216e+06
2.77011e+07	0	3.1877e+06
2.77086e+07	0	3.18324e+06
2.77161e+07	0	3.17879e+06
2.77236e+07	0	3.17435e+06
2.7731e+07	0	3.16991e+06
2.77385e+07	0	3.16547e+06
2.77459e+07	0	3.16105e+06
2.77534e+07	0	3.15663e+06
2.77608e+07	0	3.15221e+06
2.77682e+07	0	3.1478e+06
2.77756e+07	0	3.1434e+06
2.7783e+07	0	3.139e+06
2.77904e+07	0	3.13461e+06
2.77978e+07	0	3.13023e+06
2.78052e+07	0	3.12585e+06
2.78125e+07	0	3.12148e+06
2.78199e+07	0	3.11711e+06
2.78272e+07	0	3.11275e+06
2.78345e+07	0	3.1084e+06
2.78418e+07	0	3.10405e+06
2.78492e+07	0	3.09971e+06
2.78564e+07	0	3.09537e+06
2.78637e+07	0	3.09104e+06
2.7871e+07	0	3.08672e+06
2.78783e+07	0	3.0824e+06
2.78855e+07	0	3.07809e+06
2.78928e+07	0	3.07378e+06
2.79e+07	0	3.06948e+06
2.79072e+07	0	3.06519e+06
2.79144e+07	0	3.0609e+06
2.79216e+07	0	3.05661e+06
2.79288e+07	0	3.05234e+06
2.7936e+07	0	3.04807e+06
2.79432e+07	0	3.0438e+06
2.79504e+07	0	3.03954e+06
2.79575e+07	0	3.03529e+06
2.79647e+07	0	3.03104e+06
2.79718e+07	0	3.0268e+06
2.79789e+07	0	3.02257e+06
2.7986e+07	0	3.01834e+06
2.79931e+07	0	3.01411e+06
2.80002e+07	0	3.0099e+06
2.80073e+07	0	3.00568e+06
2.80144e+07	0	3.00148e+06
2.80214e+07	0	2.99728e+06
2.80285e+07	0	2.99308e+06
2.80355e+07	0	2.98889e+06
2.80426e+07	0	2.98471e+06
2.80496e+07	0	2.98053e+06
2.80566e+07	0	2.97636e+06
2.80636e+07	0	2.9722e+06
2.80706e+07	0	2.96804e+06
2.80776e+07	0	2.96388e+06
2.80846e+07	0	2.95974e+06
2.80915e+07	0	2.95559e+06
2.80985e+07	0	2.95146e+06
2.81054e+07	0	2.94732e+06
2.81124e+07	0	2.9432e+06
2.81193e+07	0	2.93908e+06
2.81262e+07	0	2.93497e+06
2.81331e+07	0	2.93086e+06
2.814e+07	0	2.92676e+06
2.81469e+07	0	2.92266e+06
2.81538e+07	0	2.91857e+06
2.81606e+07	0	2.91448e+06
2.81675e+07	0	2.9104e+06
2.81743e+07	0	2.90633e+06
2.81812e+07	0	2.90226e+06
2.8188e+07	0	2.8982e+06
2.81948e+07	0	2.89414e+06
2.82016e+07	0	2.89009e+06
2.82084e+07	0	2.88604e+06
2.82152e+07	0	2.882e+06
2.8222e+07	0	2.87796e+06
2.82288e+07	0	2.87394e+06
2.82355e+07	0	2.86991e+06
2.82423e+07	0	2.86589e+06
2.8249e+07	0	2.86188e+06
2.82557e+07	0	2.85787e+06
2.82625e+07	0	2.85387e+06
2.82692e+07	0	2.84988e+06
2.82759e+07	0	2.84589e+06
2.82826e+07	0	2.8419e+06
2.82893e+07	0	2.83792e+06
2.82959e+07	0	2.83395e+06
2.83026e+07	0	2.82998e+06
2.83093e+07	0	2.82602e+06
2.83159e+07	0	2.82206e+06
2.83225e+07	0	2.81811e+06
2.83292e+07	0	2.81416e+06
2.83358e+07	0	2.81022e+06
2.83424e+07	0	2.80628e+06
2.8349e+07	0	2.80235e+06
2.83556e+07	0	2.79843e+06
2.83621e+07	0	2.79451e+06
2.83687e+07	0	2.7906e+06
2.83753e+07	0	2.78669e+06
2.83818e+07	0	2.78279e+06
2.83884e+07	0	2.77889e+06
2.83949e+07	0	2.775e+06
2.84014e+07	0	2.77111e+06
2.84079e+07	0	2.76723e+06
2.84144e+07	0	2.76335e+06
2.84209e+07	0	2.75948e+06
2.84274e+07	0	2.75562e+06
2.84339e+07	0	2.75176e+06
2.84404e+07	0	2.7479e+06
2.84468e+07	0	2.74405e+06
2.84533e+07	0	2.74021e+06
2.84597e+07	0	2.73637e+06
2.84661e+07	0	2.73254e+06
2.84726e+07	0	2.72871e+06
2.8479e+07	0	2.72489e+06
2.84854e+07	0	2.72107e+06
2.84918e+07	0	2.71726e+06
2.84982e+07	0	2.71345e+06
2.85045e+07	0	2.70965e+06
2.85109e+07	0	2.70585e+06
2.85173e+07	0	2.70206e+06
2.85236e+07	0	2.69828e+06
2.85299e+07	0	2.6945e+06
2.85363e+07	0	2.69072e+06
2.85426e+07	0	2.68695e+06
2.85489e+07	0	2.68319e+06
2.85552e+07	0	2.67943e+06
2.85615e+07	0	2.67567e+06
2.85678e+07	0	2.67192e+06
2.85741e+07	0	2.66818e+06
2.85803e+07	0	2.66444e+06
2.85866e+07	0	2.66071e+06
2.85928e+07	0	2.65698e+06
2.85991e+07	0	2.65326e+06
2.86053e+07	0	2.64954e+06
2.86115e+07	0	2.64583e+06
2.86177e+07	0	2.64212e+06
2.86239e+07	0	2.63842e+06
2.86301e+07	0	2.63472e+06
2.86363e+07	0	2.63103e+06
2.86425e+07	0	2.62734e+06
2.86487e+07	0	2.62366e+06
2.86548e+07	0	2.61998e+06
2.8661e+07	0	2.61631e+06
2.86671e+07	0	2.61264e+06
2.86732e+07	0	2.60898e+06
2.86794e+07	0	2.60532e+06
2.86855e+07	0	2.60167e+06
2.86916e+07	0	2.59803e+06
2.86977e+07	0	2.59439e+06
2.87038e+07	0	2.59075e+06
2.87098e+07	0	2.58712e+06
2.87159e+07	0	2.58349e+06
2.8722e+07	0	2.57987e+06
2.8728e+07	0	2.57625e+06
2.87341e+07	0	2.57264e+06
2.87401e+07	0	2.56904e+06
2.87461e+07	0	2.56544e+06
2.87521e+07	0	2.56184e+06
2.87582e+07	0	2.55825e+06
2.87642e+07	0	2.55466e+06
2.87702e+07	0	2.55108e+06
2.87761e+07	0	2.54751e+06
2.87821e+07	0	2.54394e+06
2.87881e+07	0	2.54037e+06
2.8794e+07	0	2.53681e+06
2.88e+07	0	2.53325e+06
2.88059e+07	0	2.5297e+06
2.88119e+07	0	2.52615e+06
2.88178e+07	0	2.52261e+06
2.88237e+07	0	2.51908e+06
2.88296e+07	0	2.51554e+06
2.88355e+07	0	2.51202e+06
2.88414e+07	0	2.5085e+06
2.88473e+07	0	2.50498e+06
2.88531e+07	0	2.50147e+06
2.8859e+07	0	2.49796e+06
2.88649e+07	0	2.49446e+06
2.88707e+07	0	2.49096e+06
2.88765e+07	0	2.48747e+06
2.88824e+07	0	2.48398e+06
2.88882e+07	0	2.4805e+06
2.8894e+07	0	2.47702e+06
2.88998e+07	0	2.47354e+06
2.89056e+07	0	2.47008e+06
2.89114e+07	0	2.46661e+06
2.89172e+07	0	2.46315e+06
2.89229e+07	0	2.4597e+06
2.89287e+07	0	2.45625e+06
2.89344e+07	0	2.45281e+06
2.89402e+07	0	2.44937e+06
2.89459e+07	0	2.44593e+06
2.89517e+07	0	2.4425e+06
2.89574e+07	0	2.43908e+06
2.89631e+07	0	2.43566e+06
2.89688e+07	0	2.43224e+06
2.89745e+07	0	2.42883e+06
2.89802e+07	0	2.42542e+06
2.89859e+07	0	2.42202e+06
2.89915e+07	0	2.41863e+06
2.89972e+07	0	2.41523e+06
2.90028e+07	0	2.41185e+06
2.90085e+07	0	2.40846e+06
2.90141e+07	0	2.40509e+06
2.90198e+07	0	2.40171e+06
2.90254e+07	0	2.39834e+06
2.9031e+07	0	2.39498e+06
2.90366e+07	0	2.39162e+06
2.90422e+07	0	2.38827e+06
2.90478e+07	0	2.38492e+06
2.90534e+07	0	2.38157e+06
2.90589e+07	0	2.37823e+06
2.90645e+07	0	2.37489e+06
2.90701e+07	0	2.37156e+06
2.90756e+07	0	2.36824e+06
2.90811e+07	0	2.36491e+06
2.90867e+07	0	2.3616e+06
2.90922e+07	0	2.35828e+06
2.90977e+07	0	2.35498e+06
2.91032e+07	0	2.35167e+06
2.91087e+07	0	2.34837e+06
2.91142e+07	0	2.34508e+06
2.91197e+07	0	2.34179e+06
2.91252e+07	0	2.3385e+06
2.91306e+07	0	2.33522e+06
2.91361e+07	0	2.33195e+06
2.91416e+07	0	2.32868e+06
2.9147e+07	0	2.32541e+06
2.91524e+07	0	2.32215e+06
2.91579e+07	0	2.31889e+06
2.91633e+07	0	2.31563e+06
2.91687e+07	0	2.31239e+06
2.91741e+07	0	2.30914e+06
2.91795e+07	0	2.3059e+06
2.91849e+07	0	2.30267e+06
2.91903e+07	0	2.29944e+06
2.91957e+07	0	2.29621e+06
2.9201e+07	0	2.29299e+06
2.92064e+07	0	2.28977e+06
2.92117e+07	0	2.28656e+06
2.92171e+07	0	2.28335e+06
2.92224e+07	0	2.28014e+06
2.92277e+07	0	2.27695e+06
2.9233e+07	0	2.27375e+06
2.92384e+07	0	2.27056e+06
2.92437e+07	0	2.26737e+06
2.9249e+07	0	2.26419e+06
2.92542e+07	0	2.26101e+06
2.92595e+07	0	2.25784e+06
2.92648e+07	0	2.25467e+06
2.92701e+07	0	2.25151e+06
2.92753e+07	0	2.24835e+06
2.92806e+07	0	2.24519e+06
2.92858e+07	0	2.24204e+06
2.9291e+07	0	2.2389e+06
2.92963e+07	0	2.23576e+06
2.93015e+07	0	2.23262e+06
2.93067e+07	0	2.22948e+06
2.93119e+07	0	2.22636e+06
2.93171e+07	0	2.22323e+06
2.93223e+07	0	2.22011e+06
2.93275e+07	0	2.21699e+06
2.93326e+07	0	2.21388e+06
2.93378e+07	0	2.21078e+06
2.9343e+07	0	2.20767e+06
2.93481e+07	0	2.20457e+06
2.93533e+07	0	2.20148e+06
2.93584e+07	0	2.19839e+06
2.93635e+07	0	2.1953e+06
2.93687e+07	0	2.19222e+06
2.93738e+07	0	2.18915e+06
2.93789e+07	0	2.18607e+06
2.9384e+07	0	2.183e+06
2.93891e+07	0	2.17994e+06
2.93941e+07	0	2.17688e+06
2.93992e+07	0	2.17382e+06
2.94043e+07	0	2.17077e+06
2.94094e+07	0	2.16773e+06
2.94144e+07	0	2.16468e+06
2.94195e+07	0	2.16164e+06
2.94245e+07	0	2.15861e+06
2.94295e+07	0	2.15558e+06
2.94345e+07	0	2.15255e+06
2.94396e+07	0	2.14953e+06
2.94446e+07	0	2.14651e+06
2.94496e+07	0	2.1435e+06
2.94546e+07	0	2.14049e+06
2.94596e+07	0	2.13749e+06
2.94645e+07	0	2.13449e+06
2.94695e+07	0	2.13149e+06
2.94745e+07	0	2.1285e+06
2.94794e+07	0	2.12551e+06
2.94844e+07	0	2.12252e+06
2.94893e+07	0	2.11954e+06
2.94943e+07	0	2.11657e+06
2.94992e+07	0	2.1136e+06
2.95041e+07	0	2.11063e+06
2.9509e+07	0	2.10767e+06
2.95139e+07	0	2.10471e+06
2.95189e+07	0	2.10175e+06
2.95237e+07	0	2.0988e+06
2.95286e+07	0	2.09585e+06
2.95335e+07	0	2.09291e+06
2.95384e+07	0	2.08997e+06
2.95433e+07	0	2.08704e+06
2.95481e+07	0	2.08411e+06
2.9553e+07	0	2.08118e+06
2.95578e+07	0	2.07826e+06
2.95626e+07	0	2.07534e+06
2.95675e+07	0	2.07243e+06
2.95723e+07	0	2.06951e+06
2.95771e+07	0	2.06661e+06
2.95819e+07	0	2.06371e+06
2.95867e+07	0	2.06081e+06
2.95915e+07	0	2.05791e+06
2.95963e+07	0	2.05502e+06
2.96011e+07	0	2.05214e+06
2.96059e+07	0	2.04926e+06
2.96106e+07	0	2.04638e+06
2.96154e+07	0	2.04351e+06
2.96201e+07	0	2.04064e+06
2.96249e+07	0	2.03777e+06
2.96296e+07	0	2.03491e+06
2.96344e+07	0	2.03205e+06
2.96391e+07	0	2.0292e+06
2.96438e+07	0	2.02635e+06
2.96485e+07	0	2.0235e+06
2.96532e+07	0	2.02066e+06
2.96579e+07	0	2.01782e+06
2.96626e+07	0	2.01499e+06
2.96673e+07	0	2.01216e+06
2.9672e+07	0	2.00933e+06
2.96766e+07	0	2.00651e+06
2.96813e+07	0	2.00369e+06
2.9686e+07	0	2.00088e+06
2.96906e+07	0	1.99806e+06
2.96952e+07	0	1.99526e+06
2.96999e+07	0	1.99246e+06
2.97045e+07	0	1.98966e+06
2.97091e+07	0	1.98686e+06
2.97138e+07	0	1.98407e+06
2.97184e+07	0	1.98128e+06
2.9723e+07	0	1.9785e+06
2.97276e+07	0	1.97572e+06
2.97321e+07	0	1.97295e+06
2.97367e+07	0	1.97018e+06
2.97413e+07	0	1.96741e+06
2.97459e+07	0	1.96464e+06
2.97504e+07	0	1.96188e+06
2.9755e+07	0	1.95913e+06
2.97595e+07	0	1.95638e+06
2.97641e+07	0	1.95363e+06
2.97686e+07	0	1.95088e+06
2.97731e+07	0	1.94814e+06
2.97777e+07	0	1.94541e+06
2.97822e+07	0	1.94267e+06
2.97867e+07	0	1.93994e+06
2.97912e+07	0	1.93722e+06
2.97957e+07	0	1.9345e+06
2.98002e+07	0	1.93178e+06
2.98047e+07	0	1.92906e+06
2.98091e+07	0	1.92635e+06
2.98136e+07	0	1.92365e+06
2.98181e+07	0	1.92095e+06
2.98225e+07	0	1.91825e+06
2.9827e+07	0	1.91555e+06
2.98314e+07	0	1.91286e+06
2.98359e+07	0	1.91017e+06
2.98403e+07	0	1.90749e+06
2.98447e+07	0	1.90481e+06
2.98491e+07	0	1.90213e+06
2.98535e+07	0	1.89946e+06
2.9858e+07	0	1.89679e+06
2.98623e+07	0	1.89413e+06
2.98667e+07	0	1.89146e+06
2.98711e+07	0	1.88881e+06
2.98755e+07	0	1.88615e+06
2.98799e+07	0	1.8835e+06
2.98842e+07	0	1.88086e+06
2.98886e+07	0	1.87821e+06
2.9893e+07	0	1.87557e+06
2.98973e+07	0	1.87294e+06
2.99016e+07	0	1.87031e+06
2.9906e+07	0	1.86768e+06
2.99103e+07	0	1.86505e+06
2.99146e+07	0	1.86243e+06
2.99189e+07	0	1.85982e+06
2.99233e+07	0	1.8572e+06
2.99276e+07	0	1.85459e+06
2.99319e+07	0	1.85199e+06
2.99361e+07	0	1.84938e+06
2.99404e+07	0	1.84678e+06
2.99447e+07	0	1.84419e+06
2.9949e+07	0	1.8416e+06
2.99532e+07	0	1.83901e+06
2.99575e+07	0	1.83642e+06
2.99618e+07	0	1.83384e+06
2.9966e+07	0	1.83127e+06
2.99702e+07	0	1.82869e+06
2.99745e+07	0	1.82612e+06
2.99787e+07	0	1.82356e+06
2.99829e+07	0	1.82099e+06
2.99871e+07	0	1.81843e+06
2.99913e+07	0	1.81588e+06
2.99955e+07	0	1.81333e+06
2.99997e+07	0	1.81078e+06
3.00039e+07	0	1.80823e+06
3.00081e+07	0	1.80569e+06
3.00123e+07	0	1.80315e+06
3.00165e+07	0	1.80062e+06
3.00206e+07	0	1.79809e+06
3.00248e+07	0	1.79556e+06
3.0029e+07	0	1.79304e+06
3.00331e+07	0	1.79052e+06
3.00372e+07	0	1.788e+06
3.00414e+07	0	1.78549e+06
3.00455e+07	0	1.78298e+06
3.00496e+07	0	1.78047e+06
3.00537e+07	0	1.77797e+06
3.00579e+07	0	1.77547e+06
3.0062e+07	0	1.77297e+06
3.00661e+07	0	1.77048e+06
3.00702e+07	0	1.76799e+06
3.00742e+07	0	1.76551e+06
3.00783e+07	0	1.76302e+06
3.00824e+07	0	1.76055e+06
3.00865e+07	0	1.75807e+06
3.00905e+07	0	1.7556e+06
3.00946e+07	0	1.75313e+06
3.00986e+07	0	1.75067e+06
3.01027e+07	0	1.74821e+06
3.01067e+07	0	1.74575e+06
3.01108e+07	0	1.74329e+06
3.01148e+07	0	1.74084e+06
3.01188e+07	0	1.7384e+06
3.01228e+07	0	1.73595e+06
3.01268e+07	0	1.73351e+06
3.01309e+07	0	1.73107e+06
3.01349e+07	0	1.72864e+06
3.01388e+07	0	1.72621e+06
3.01428e+07	0	1.72378e+06
3.01468e+07	0	1.72136e+06
3.01508e+07	0	1.71894e+06
3.01548e+07	0	1.71652e+06
3.01587e+07	0	1.71411e+06
3.01627e+07	0	1.7117e+06
3.01666e+07	0	1.70929e+06
3.01706e+07	0	1.70689e+06
3.01745e+07	0	1.70449e+06
3.01785e+07	0	1.70209e+06
3.01824e+07	0	1.6997e+06
3.01863e+07	0	1.69731e+06
3.01902e+07	0	1.69492e+06
3.01941e+07	0	1.69254e+06
3.0198e+07	0	1.69016e+06
3.02019e+07	0	1.68778e+06
3.02058e+07	0	1.68541e+06
3.02097e+07	0	1.68304e+06
3.02136e+07	0	1.68067e+06
3.02175e+07	0	1.67831e+06
3.02214e+07	0	1.67595e+06
3.02252e+07	0	1.67359e+06
3.02291e+07	0	1.67124e+06
3.02329e+07	0	1.66889e+06
3.02368e+07	0	1.66654e+06
3.02406e+07	0	1.6642e+06
