1e+08	0	3e+07
1.00914e+08	0	2.99966e+07
1.0182e+08	0	2.99877e+07
1.02688e+08	0	2.99752e+07
1.03508e+08	0	2.99603e+07
1.04305e+08	0	2.99431e+07
1.05069e+08	0	2.99242e+07
1.05798e+08	0	2.99041e+07
1.06506e+08	0	2.98828e+07
1.07181e+08	0	2.98607e+07
1.07842e+08	0	2.98375e+07
1.08484e+08	0	2.98134e+07
1.09101e+08	0	2.97888e+07
1.09704e+08	0	2.97635e+07
1.10285e+08	0	2.97378e+07
1.10854e+08	0	2.97114e+07
1.11405e+08	0	2.96847e+07
1.11946e+08	0	2.96573e+07
1.12471e+08	0	2.96296e+07
1.12986e+08	0	2.96014e+07
1.13487e+08	0	2.95729e+07
1.13975e+08	0	2.95441e+07
1.14455e+08	0	2.95148e+07
1.14917e+08	0	2.94856e+07
1.15373e+08	0	2.94558e+07
1.15817e+08	0	2.94259e+07
1.16255e+08	0	2.93954e+07
1.16678e+08	0	2.93651e+07
1.17096e+08	0	2.93343e+07
1.17503e+08	0	2.93034e+07
1.17906e+08	0	2.92719e+07
1.18295e+08	0	2.92407e+07
1.18675e+08	0	2.92093e+07
1.19051e+08	0	2.91774e+07
1.19418e+08	0	2.91454e+07
1.19777e+08	0	2.91133e+07
1.20128e+08	0	2.90811e+07
1.20472e+08	0	2.90488e+07
1.20812e+08	0	2.9016e+07
1.21141e+08	0	2.89835e+07
1.21466e+08	0	2.89506e+07
1.21785e+08	0	2.89175e+07
1.22096e+08	0	2.88844e+07
1.22401e+08	0	2.88511e+07
1.227e+08	0	2.88178e+07
1.22992e+08	0	2.87845e+07
1.23279e+08	0	2.8751e+07
1.23562e+08	0	2.87172e+07
1.23836e+08	0	2.86836e+07
1.24108e+08	0	2.86496e+07
1.24371e+08	0	2.86159e+07
1.24632e+08	0	2.85818e+07
1.24887e+08	0	2.85476e+07
1.25136e+08	0	2.85134e+07
1.25381e+08	0	2.84791e+07
1.25621e+08	0	2.84448e+07
1.25855e+08	0	2.84104e+07
1.26085e+08	0	2.8376e+07
1.26313e+08	0	2.83412e+07
1.26533e+08	0	2.83067e+07
1.26751e+08	0	2.82719e+07
1.26962e+08	0	2.82373e+07
1.27172e+08	0	2.82024e+07
1.27374e+08	0	2.81678e+07
1.27575e+08	0	2.81328e+07
1.27771e+08	0	2.80977e+07
1.27963e+08	0	2.80627e+07
1.2815e+08	0	2.80279e+07
1.28334e+08	0	2.79928e+07
1.28514e+08	0	2.79577e+07
1.28691e+08	0	2.79226e+07
1.28866e+08	0	2.7887e+07
1.29035e+08	0	2.78519e+07
1.292e+08	0	2.78167e+07
1.29362e+08	0	2.77815e+07
1.29523e+08	0	2.77459e+07
1.29678e+08	0	2.77106e+07
1.2983e+08	0	2.76754e+07
1.2998e+08	0	2.76398e+07
1.30125e+08	0	2.76045e+07
1.30269e+08	0	2.75689e+07
1.30409e+08	0	2.75333e+07
1.30545e+08	0	2.7498e+07
1.30679e+08	0	2.74624e+07
1.3081e+08	0	2.74267e+07
1.30937e+08	0	2.73914e+07
1.31063e+08	0	2.73558e+07
1.31186e+08	0	2.73202e+07
1.31305e+08	0	2.72845e+07
1.31422e+08	0	2.72489e+07
1.31537e+08	0	2.72132e+07
1.31648e+08	0	2.71776e+07
1.31757e+08	0	2.7142e+07
1.31864e+08	0	2.71064e+07
1.31968e+08	0	2.70708e+07
1.32069e+08	0	2.70352e+07
1.32169e+08	0	2.69992e+07
1.32266e+08	0	2.69636e+07
1.3236e+08	0	2.6928e+07
1.32452e+08	0	2.68925e+07
1.32543e+08	0	2.68566e+07
1.3263e+08	0	2.6821e+07
1.32716e+08	0	2.67851e+07
1.32799e+08	0	2.67496e+07
1.3288e+08	0	2.67141e+07
1.3296e+08	0	2.66783e+07
1.33037e+08	0	2.66428e+07
1.33112e+08	0	2.6607e+07
1.33185e+08	0	2.65712e+07
1.33256e+08	0	2.65358e+07
1.33326e+08	0	2.65e+07
1.33393e+08	0	2.64643e+07
1.33458e+08	0	2.64289e+07
1.33522e+08	0	2.63932e+07
1.33584e+08	0	2.63575e+07
1.33643e+08	0	2.63222e+07
1.33702e+08	0	2.62866e+07
1.33758e+08	0	2.6251e+07
1.33813e+08	0	2.62154e+07
1.33866e+08	0	2.61798e+07
1.33918e+08	0	2.61443e+07
1.33968e+08	0	2.61087e+07
1.34016e+08	0	2.60732e+07
1.34063e+08	0	2.60378e+07
1.34108e+08	0	2.60023e+07
1.34152e+08	0	2.59669e+07
1.34194e+08	0	2.59315e+07
1.34235e+08	0	2.58961e+07
1.34274e+08	0	2.58608e+07
1.34312e+08	0	2.58254e+07
1.34348e+08	0	2.57901e+07
1.34383e+08	0	2.57549e+07
1.34416e+08	0	2.57196e+07
1.34449e+08	0	2.56841e+07
1.3448e+08	0	2.56489e+07
1.3451e+08	0	2.56138e+07
1.34538e+08	0	2.55786e+07
1.34566e+08	0	2.55432e+07
1.34591e+08	0	2.55081e+07
1.34616e+08	0	2.54731e+07
1.3464e+08	0	2.54378e+07
1.34662e+08	0	2.54028e+07
1.34683e+08	0	2.53679e+07
1.34704e+08	0	2.53326e+07
1.34723e+08	0	2.52977e+07
1.3474e+08	0	2.52629e+07
1.34757e+08	0	2.52277e+07
1.34773e+08	0	2.5193e+07
1.34788e+08	0	2.51579e+07
1.34802e+08	0	2.51232e+07
1.34814e+08	0	2.50881e+07
1.34826e+08	0	2.50535e+07
1.34837e+08	0	2.50186e+07
1.34847e+08	0	2.4984e+07
1.34855e+08	0	2.49491e+07
1.34863e+08	0	2.49143e+07
1.3487e+08	0	2.48798e+07
1.34877e+08	0	2.4845e+07
1.34882e+08	0	2.48106e+07
1.34886e+08	0	2.47759e+07
1.3489e+08	0	2.47412e+07
1.34892e+08	0	2.4707e+07
1.34894e+08	0	2.46724e+07
1.34895e+08	0	2.46378e+07
1.34895e+08	0	2.46033e+07
1.34895e+08	0	2.45691e+07
1.34894e+08	0	2.45347e+07
1.34892e+08	0	2.45003e+07
1.34889e+08	0	2.44659e+07
1.34885e+08	0	2.44319e+07
1.34881e+08	0	2.43976e+07
1.34876e+08	0	2.43634e+07
1.34871e+08	0	2.43291e+07
1.34864e+08	0	2.4295e+07
1.34858e+08	0	2.42612e+07
1.3485e+08	0	2.42271e+07
1.34842e+08	0	2.4193e+07
1.34833e+08	0	2.4159e+07
1.34823e+08	0	2.4125e+07
1.34813e+08	0	2.4091e+07
1.34803e+08	0	2.40571e+07
1.34791e+08	0	2.40233e+07
1.3478e+08	0	2.39894e+07
1.34767e+08	0	2.39557e+07
1.34754e+08	0	2.39219e+07
1.34741e+08	0	2.38882e+07
1.34727e+08	0	2.38545e+07
1.34712e+08	0	2.38209e+07
1.34697e+08	0	2.37873e+07
1.34682e+08	0	2.37538e+07
1.34666e+08	0	2.37203e+07
1.34649e+08	0	2.36868e+07
1.34633e+08	0	2.36534e+07
1.34615e+08	0	2.362e+07
1.34597e+08	0	2.35867e+07
1.34579e+08	0	2.35534e+07
1.3456e+08	0	2.35201e+07
1.34541e+08	0	2.34869e+07
1.34522e+08	0	2.34537e+07
1.34502e+08	0	2.34206e+07
1.34481e+08	0	2.33871e+07
1.3446e+08	0	2.33541e+07
1.34439e+08	0	2.33211e+07
1.34418e+08	0	2.32881e+07
1.34396e+08	0	2.32552e+07
1.34374e+08	0	2.32223e+07
1.34351e+08	0	2.31895e+07
1.34328e+08	0	2.31563e+07
1.34305e+08	0	2.31236e+07
1.34281e+08	0	2.30908e+07
1.34257e+08	0	2.30582e+07
1.34233e+08	0	2.30255e+07
1.34208e+08	0	2.29926e+07
1.34184e+08	0	2.29601e+07
1.34159e+08	0	2.29276e+07
1.34133e+08	0	2.28951e+07
1.34107e+08	0	2.28624e+07
1.34082e+08	0	2.283e+07
1.34055e+08	0	2.27976e+07
1.34029e+08	0	2.27653e+07
1.34002e+08	0	2.27328e+07
1.33975e+08	0	2.27006e+07
1.33948e+08	0	2.26684e+07
1.3392e+08	0	2.26359e+07
1.33893e+08	0	2.26039e+07
1.33865e+08	0	2.25718e+07
1.33837e+08	0	2.25395e+07
1.33808e+08	0	2.25076e+07
1.3378e+08	0	2.24756e+07
1.33751e+08	0	2.24435e+07
1.33722e+08	0	2.24116e+07
1.33693e+08	0	2.23799e+07
1.33664e+08	0	2.23478e+07
1.33634e+08	0	2.23161e+07
1.33605e+08	0	2.22841e+07
1.33575e+08	0	2.22525e+07
1.33545e+08	0	2.22209e+07
1.33515e+08	0	2.21891e+07
1.33485e+08	0	2.21576e+07
1.33454e+08	0	2.21259e+07
1.33424e+08	0	2.20945e+07
1.33393e+08	0	2.20631e+07
1.33362e+08	0	2.20315e+07
1.33331e+08	0	2.20002e+07
1.333e+08	0	2.19687e+07
1.33269e+08	0	2.19375e+07
1.33237e+08	0	2.19061e+07
1.33206e+08	0	2.1875e+07
1.33174e+08	0	2.18436e+07
1.33143e+08	0	2.18126e+07
1.33111e+08	0	2.17816e+07
1.33079e+08	0	2.17504e+07
1.33048e+08	0	2.17195e+07
1.33016e+08	0	2.16884e+07
1.32983e+08	0	2.16576e+07
1.32951e+08	0	2.16265e+07
1.32919e+08	0	2.15958e+07
1.32887e+08	0	2.15648e+07
1.32854e+08	0	2.15342e+07
1.32822e+08	0	2.15033e+07
1.32789e+08	0	2.14725e+07
1.32757e+08	0	2.1442e+07
1.32724e+08	0	2.14112e+07
1.32692e+08	0	2.13808e+07
1.32659e+08	0	2.13501e+07
1.32626e+08	0	2.13198e+07
1.32593e+08	0	2.12892e+07
1.32561e+08	0	2.1259e+07
1.32528e+08	0	2.12285e+07
1.32495e+08	0	2.11983e+07
1.32462e+08	0	2.11679e+07
1.32429e+08	0	2.11376e+07
1.32396e+08	0	2.11075e+07
1.32363e+08	0	2.10773e+07
1.3233e+08	0	2.10473e+07
1.32297e+08	0	2.10171e+07
1.32264e+08	0	2.0987e+07
1.32231e+08	0	2.09572e+07
1.32198e+08	0	2.09271e+07
1.32165e+08	0	2.08974e+07
1.32132e+08	0	2.08674e+07
1.32099e+08	0	2.08374e+07
1.32066e+08	0	2.08078e+07
1.32033e+08	0	2.0778e+07
1.32e+08	0	2.07485e+07
1.31967e+08	0	2.07187e+07
1.31934e+08	0	2.0689e+07
1.31901e+08	0	2.06596e+07
1.31868e+08	0	2.063e+07
1.31835e+08	0	2.06004e+07
1.31803e+08	0	2.05711e+07
1.3177e+08	0	2.05416e+07
1.31737e+08	0	2.05121e+07
1.31704e+08	0	2.0483e+07
1.31671e+08	0	2.04536e+07
1.31638e+08	0	2.04242e+07
1.31606e+08	0	2.03952e+07
1.31573e+08	0	2.0366e+07
1.3154e+08	0	2.03368e+07
1.31508e+08	0	2.03079e+07
1.31475e+08	0	2.02788e+07
1.31443e+08	0	2.02497e+07
1.31411e+08	0	2.02209e+07
1.31378e+08	0	2.01919e+07
1.31346e+08	0	2.01629e+07
1.31314e+08	0	2.01343e+07
1.31281e+08	0	2.01054e+07
1.31249e+08	0	2.00766e+07
1.31217e+08	0	2.00478e+07
1.31185e+08	0	2.00193e+07
1.31153e+08	0	1.99906e+07
1.31121e+08	0	1.99619e+07
1.31089e+08	0	1.99336e+07
1.31058e+08	0	1.9905e+07
1.31026e+08	0	1.98765e+07
1.30994e+08	0	1.9848e+07
1.30963e+08	0	1.98198e+07
1.30931e+08	0	1.97914e+07
1.309e+08	0	1.9763e+07
1.30868e+08	0	1.97349e+07
1.30837e+08	0	1.97066e+07
1.30806e+08	0	1.96784e+07
1.30774e+08	0	1.96502e+07
1.30743e+08	0	1.96223e+07
1.30713e+08	0	1.95942e+07
1.30682e+08	0	1.95661e+07
1.30651e+08	0	1.9538e+07
1.3062e+08	0	1.95103e+07
1.3059e+08	0	1.94823e+07
1.30559e+08	0	1.94544e+07
1.30528e+08	0	1.94265e+07
1.30498e+08	0	1.93987e+07
1.30468e+08	0	1.93711e+07
1.30438e+08	0	1.93434e+07
1.30408e+08	0	1.93157e+07
1.30377e+08	0	1.9288e+07
1.30348e+08	0	1.92606e+07
1.30318e+08	0	1.9233e+07
1.30288e+08	0	1.92055e+07
1.30258e+08	0	1.91779e+07
1.30228e+08	0	1.91505e+07
1.30199e+08	0	1.91233e+07
1.3017e+08	0	1.90959e+07
1.30141e+08	0	1.90685e+07
1.30112e+08	0	1.90412e+07
1.30083e+08	0	1.90142e+07
1.30054e+08	0	1.8987e+07
1.30025e+08	0	1.89598e+07
1.29996e+08	0	1.89326e+07
1.29967e+08	0	1.89055e+07
1.29939e+08	0	1.88784e+07
1.29911e+08	0	1.88517e+07
1.29882e+08	0	1.88247e+07
1.29854e+08	0	1.87977e+07
1.29826e+08	0	1.87708e+07
1.29798e+08	0	1.87439e+07
1.2977e+08	0	1.87173e+07
1.29742e+08	0	1.86906e+07
1.29715e+08	0	1.86638e+07
1.29687e+08	0	1.86371e+07
1.2966e+08	0	1.86104e+07
1.29632e+08	0	1.85837e+07
1.29605e+08	0	1.85574e+07
1.29578e+08	0	1.85309e+07
1.29551e+08	0	1.85043e+07
1.29524e+08	0	1.84778e+07
1.29497e+08	0	1.84514e+07
1.2947e+08	0	1.8425e+07
1.29444e+08	0	1.83989e+07
1.29418e+08	0	1.83726e+07
1.29392e+08	0	1.83463e+07
1.29365e+08	0	1.832e+07
1.29339e+08	0	1.82938e+07
1.29313e+08	0	1.82676e+07
1.29287e+08	0	1.82418e+07
1.29262e+08	0	1.82157e+07
1.29236e+08	0	1.81896e+07
1.29211e+08	0	1.81636e+07
1.29185e+08	0	1.81376e+07
1.2916e+08	0	1.81117e+07
1.29134e+08	0	1.80858e+07
1.2911e+08	0	1.80602e+07
1.29085e+08	0	1.80343e+07
1.2906e+08	0	1.80086e+07
1.29036e+08	0	1.79828e+07
1.29011e+08	0	1.79571e+07
1.28986e+08	0	1.79314e+07
1.28962e+08	0	1.79058e+07
1.28938e+08	0	1.78804e+07
1.28914e+08	0	1.78549e+07
1.2889e+08	0	1.78294e+07
1.28866e+08	0	1.78039e+07
1.28843e+08	0	1.77784e+07
1.28819e+08	0	1.7753e+07
1.28795e+08	0	1.77276e+07
1.28772e+08	0	1.77023e+07
1.28749e+08	0	1.76773e+07
1.28726e+08	0	1.7652e+07
1.28703e+08	0	1.76268e+07
1.2868e+08	0	1.76016e+07
1.28657e+08	0	1.75765e+07
1.28635e+08	0	1.75513e+07
1.28612e+08	0	1.75263e+07
1.2859e+08	0	1.75012e+07
1.28567e+08	0	1.74762e+07
1.28545e+08	0	1.74515e+07
1.28524e+08	0	1.74266e+07
1.28502e+08	0	1.74017e+07
1.2848e+08	0	1.73769e+07
1.28459e+08	0	1.7352e+07
1.28437e+08	0	1.73273e+07
1.28415e+08	0	1.73025e+07
1.28394e+08	0	1.72778e+07
1.28373e+08	0	1.72531e+07
1.28352e+08	0	1.72287e+07
1.28331e+08	0	1.72042e+07
1.2831e+08	0	1.71796e+07
1.2829e+08	0	1.71551e+07
1.2827e+08	0	1.71306e+07
1.28249e+08	0	1.71061e+07
1.28229e+08	0	1.70817e+07
1.28209e+08	0	1.70573e+07
1.28188e+08	0	1.7033e+07
1.28168e+08	0	1.70087e+07
1.28148e+08	0	1.69844e+07
1.28129e+08	0	1.69604e+07
1.2811e+08	0	1.69362e+07
1.2809e+08	0	1.69121e+07
1.28071e+08	0	1.68879e+07
1.28052e+08	0	1.68639e+07
1.28033e+08	0	1.68398e+07
1.28014e+08	0	1.68158e+07
1.27995e+08	0	1.67918e+07
1.27977e+08	0	1.67678e+07
1.27958e+08	0	1.67439e+07
1.27939e+08	0	1.672e+07
1.27921e+08	0	1.66962e+07
1.27902e+08	0	1.66726e+07
1.27885e+08	0	1.66489e+07
1.27867e+08	0	1.66251e+07
1.27849e+08	0	1.66014e+07
1.27832e+08	0	1.65778e+07
1.27814e+08	0	1.65541e+07
1.27797e+08	0	1.65305e+07
1.27779e+08	0	1.6507e+07
1.27762e+08	0	1.64834e+07
1.27745e+08	0	1.64599e+07
1.27728e+08	0	1.64365e+07
1.27711e+08	0	1.64131e+07
1.27694e+08	0	1.63897e+07
1.27677e+08	0	1.63663e+07
1.2766e+08	0	1.63432e+07
1.27644e+08	0	1.63199e+07
1.27628e+08	0	1.62967e+07
1.27612e+08	0	1.62735e+07
1.27596e+08	0	1.62503e+07
1.27581e+08	0	1.62271e+07
1.27565e+08	0	1.6204e+07
1.27549e+08	0	1.61809e+07
1.27534e+08	0	1.61579e+07
1.27518e+08	0	1.61349e+07
1.27503e+08	0	1.61119e+07
1.27488e+08	0	1.60889e+07
1.27472e+08	0	1.6066e+07
1.27457e+08	0	1.60432e+07
1.27442e+08	0	1.60203e+07
1.27427e+08	0	1.59975e+07
1.27412e+08	0	1.59747e+07
1.27398e+08	0	1.59522e+07
1.27384e+08	0	1.59295e+07
1.2737e+08	0	1.59068e+07
1.27356e+08	0	1.58842e+07
1.27342e+08	0	1.58616e+07
1.27328e+08	0	1.5839e+07
1.27314e+08	0	1.58165e+07
1.27301e+08	0	1.57939e+07
1.27287e+08	0	1.57715e+07
1.27274e+08	0	1.5749e+07
1.2726e+08	0	1.57266e+07
1.27247e+08	0	1.57042e+07
1.27234e+08	0	1.56819e+07
1.27221e+08	0	1.56596e+07
1.27208e+08	0	1.56373e+07
1.27195e+08	0	1.5615e+07
1.27182e+08	0	1.55928e+07
1.27169e+08	0	1.55707e+07
1.27156e+08	0	1.55485e+07
1.27144e+08	0	1.55264e+07
1.27131e+08	0	1.55043e+07
1.27119e+08	0	1.54825e+07
1.27107e+08	0	1.54604e+07
1.27096e+08	0	1.54385e+07
1.27084e+08	0	1.54165e+07
1.27073e+08	0	1.53946e+07
1.27061e+08	0	1.53727e+07
1.2705e+08	0	1.53509e+07
1.27039e+08	0	1.5329e+07
1.27028e+08	0	1.53072e+07
1.27017e+08	0	1.52855e+07
1.27006e+08	0	1.52637e+07
1.26995e+08	0	1.52421e+07
1.26984e+08	0	1.52204e+07
1.26973e+08	0	1.51988e+07
1.26963e+08	0	1.51772e+07
1.26952e+08	0	1.51556e+07
1.26942e+08	0	1.5134e+07
1.26931e+08	0	1.51125e+07
1.26921e+08	0	1.50911e+07
1.26911e+08	0	1.50696e+07
1.26901e+08	0	1.50482e+07
1.2689e+08	0	1.50268e+07
1.2688e+08	0	1.50055e+07
1.26871e+08	0	1.49841e+07
1.26861e+08	0	1.49629e+07
1.26851e+08	0	1.49416e+07
1.26841e+08	0	1.49204e+07
1.26832e+08	0	1.48992e+07
1.26822e+08	0	1.4878e+07
1.26813e+08	0	1.48569e+07
1.26804e+08	0	1.4836e+07
1.26796e+08	0	1.48149e+07
1.26787e+08	0	1.47939e+07
1.26779e+08	0	1.47729e+07
1.2677e+08	0	1.47519e+07
1.26762e+08	0	1.4731e+07
1.26754e+08	0	1.471e+07
1.26746e+08	0	1.46892e+07
1.26738e+08	0	1.46683e+07
1.2673e+08	0	1.46475e+07
1.26722e+08	0	1.46267e+07
1.26715e+08	0	1.46059e+07
1.26707e+08	0	1.45852e+07
1.26699e+08	0	1.45645e+07
1.26692e+08	0	1.45438e+07
1.26685e+08	0	1.45232e+07
1.26677e+08	0	1.45026e+07
1.2667e+08	0	1.4482e+07
1.26663e+08	0	1.44614e+07
1.26656e+08	0	1.44409e+07
1.26649e+08	0	1.44204e+07
1.26642e+08	0	1.44e+07
1.26635e+08	0	1.43795e+07
1.26628e+08	0	1.43591e+07
1.26622e+08	0	1.43388e+07
1.26615e+08	0	1.43184e+07
1.26608e+08	0	1.42981e+07
1.26602e+08	0	1.42778e+07
1.26596e+08	0	1.42576e+07
1.26589e+08	0	1.42373e+07
1.26583e+08	0	1.42171e+07
1.26577e+08	0	1.4197e+07
1.26571e+08	0	1.41768e+07
1.26565e+08	0	1.41567e+07
1.26559e+08	0	1.41366e+07
1.26554e+08	0	1.41166e+07
1.26548e+08	0	1.40966e+07
1.26542e+08	0	1.40766e+07
1.26537e+08	0	1.40566e+07
1.26531e+08	0	1.40367e+07
1.26526e+08	0	1.40168e+07
1.26521e+08	0	1.39969e+07
1.26515e+08	0	1.39771e+07
1.2651e+08	0	1.39572e+07
1.26505e+08	0	1.39375e+07
1.265e+08	0	1.39177e+07
1.26495e+08	0	1.3898e+07
1.2649e+08	0	1.38783e+07
1.26486e+08	0	1.38586e+07
1.26481e+08	0	1.38389e+07
1.26476e+08	0	1.38193e+07
1.26472e+08	0	1.37997e+07
1.26468e+08	0	1.37802e+07
1.26463e+08	0	1.37607e+07
1.26459e+08	0	1.37412e+07
1.26455e+08	0	1.37217e+07
1.26451e+08	0	1.37022e+07
1.26447e+08	0	1.36828e+07
1.26443e+08	0	1.36634e+07
1.26439e+08	0	1.36441e+07
1.26435e+08	0	1.36247e+07
1.26431e+08	0	1.36054e+07
1.26428e+08	0	1.35861e+07
1.26424e+08	0	1.35669e+07
1.26421e+08	0	1.35477e+07
1.26417e+08	0	1.35285e+07
1.26414e+08	0	1.35095e+07
1.26412e+08	0	1.34904e+07
1.26409e+08	0	1.34713e+07
1.26407e+08	0	1.34522e+07
1.26404e+08	0	1.34331e+07
1.26402e+08	0	1.34141e+07
1.264e+08	0	1.33951e+07
1.26398e+08	0	1.33762e+07
1.26396e+08	0	1.33572e+07
1.26394e+08	0	1.33383e+07
1.26392e+08	0	1.33194e+07
1.2639e+08	0	1.33006e+07
1.26388e+08	0	1.32817e+07
1.26386e+08	0	1.32629e+07
1.26385e+08	0	1.32442e+07
1.26383e+08	0	1.32254e+07
1.26381e+08	0	1.32067e+07
1.2638e+08	0	1.3188e+07
1.26379e+08	0	1.31693e+07
1.26377e+08	0	1.31507e+07
1.26376e+08	0	1.31321e+07
1.26375e+08	0	1.31135e+07
1.26374e+08	0	1.30949e+07
1.26373e+08	0	1.30764e+07
1.26372e+08	0	1.30579e+07
1.26371e+08	0	1.30394e+07
1.2637e+08	0	1.3021e+07
1.2637e+08	0	1.30025e+07
1.26369e+08	0	1.29841e+07
1.26368e+08	0	1.29658e+07
1.26368e+08	0	1.29474e+07
1.26367e+08	0	1.29291e+07
1.26367e+08	0	1.29108e+07
1.26367e+08	0	1.28925e+07
1.26366e+08	0	1.28743e+07
1.26366e+08	0	1.28561e+07
1.26366e+08	0	1.28379e+07
1.26366e+08	0	1.28197e+07
1.26366e+08	0	1.28016e+07
1.26366e+08	0	1.27835e+07
1.26366e+08	0	1.27654e+07
1.26366e+08	0	1.27474e+07
1.26367e+08	0	1.27293e+07
1.26367e+08	0	1.27113e+07
1.26367e+08	0	1.26933e+07
1.26368e+08	0	1.26754e+07
1.26368e+08	0	1.26575e+07
1.26369e+08	0	1.26396e+07
1.2637e+08	0	1.26217e+07
1.2637e+08	0	1.26038e+07
1.26371e+08	0	1.2586e+07
1.26372e+08	0	1.25682e+07
1.26373e+08	0	1.25505e+07
1.26374e+08	0	1.25327e+07
1.26375e+08	0	1.2515e+07
1.26376e+08	0	1.24973e+07
1.26377e+08	0	1.24796e+07
1.26379e+08	0	1.2462e+07
1.2638e+08	0	1.24444e+07
1.26381e+08	0	1.24268e+07
1.26383e+08	0	1.24092e+07
1.26384e+08	0	1.23917e+07
1.26386e+08	0	1.23741e+07
1.26387e+08	0	1.23567e+07
1.26389e+08	0	1.23392e+07
1.26391e+08	0	1.23217e+07
1.26393e+08	0	1.23043e+07
1.26395e+08	0	1.22869e+07
1.26397e+08	0	1.22696e+07
1.26398e+08	0	1.22522e+07
1.26401e+08	0	1.22349e+07
1.26403e+08	0	1.22176e+07
1.26405e+08	0	1.22004e+07
1.26407e+08	0	1.21831e+07
1.26409e+08	0	1.21659e+07
1.26412e+08	0	1.21487e+07
1.26414e+08	0	1.21315e+07
1.26417e+08	0	1.21144e+07
1.26419e+08	0	1.20973e+07
1.26422e+08	0	1.20802e+07
1.26424e+08	0	1.20631e+07
1.26427e+08	0	1.20461e+07
1.2643e+08	0	1.20291e+07
1.26433e+08	0	1.20121e+07
1.26435e+08	0	1.19951e+07
1.26438e+08	0	1.19782e+07
1.26441e+08	0	1.19612e+07
1.26444e+08	0	1.19443e+07
1.26448e+08	0	1.19275e+07
1.26451e+08	0	1.19106e+07
1.26454e+08	0	1.18938e+07
1.26457e+08	0	1.1877e+07
1.26461e+08	0	1.18602e+07
1.26464e+08	0	1.18435e+07
1.26467e+08	0	1.18267e+07
1.26471e+08	0	1.181e+07
1.26474e+08	0	1.17934e+07
1.26478e+08	0	1.17767e+07
1.26482e+08	0	1.17601e+07
1.26485e+08	0	1.17435e+07
1.26489e+08	0	1.17269e+07
1.26493e+08	0	1.17103e+07
1.26497e+08	0	1.16938e+07
1.26501e+08	0	1.16773e+07
1.26505e+08	0	1.16608e+07
1.26509e+08	0	1.16443e+07
1.26513e+08	0	1.16279e+07
1.26517e+08	0	1.16115e+07
1.26521e+08	0	1.15951e+07
1.26525e+08	0	1.15787e+07
1.2653e+08	0	1.15623e+07
1.26534e+08	0	1.1546e+07
1.26538e+08	0	1.15297e+07
1.26543e+08	0	1.15134e+07
1.26547e+08	0	1.14972e+07
1.26552e+08	0	1.1481e+07
1.26556e+08	0	1.14648e+07
1.26561e+08	0	1.14486e+07
1.26566e+08	0	1.14324e+07
1.26571e+08	0	1.14163e+07
1.26575e+08	0	1.14002e+07
1.2658e+08	0	1.13841e+07
1.26585e+08	0	1.1368e+07
1.2659e+08	0	1.1352e+07
1.26595e+08	0	1.13359e+07
1.266e+08	0	1.13199e+07
1.26605e+08	0	1.1304e+07
1.2661e+08	0	1.1288e+07
1.26615e+08	0	1.12721e+07
1.26621e+08	0	1.12562e+07
1.26626e+08	0	1.12403e+07
1.26631e+08	0	1.12244e+07
1.26637e+08	0	1.12086e+07
1.26642e+08	0	1.11928e+07
1.26647e+08	0	1.1177e+07
1.26653e+08	0	1.11612e+07
1.26659e+08	0	1.11454e+07
1.26664e+08	0	1.11297e+07
1.2667e+08	0	1.1114e+07
1.26675e+08	0	1.10983e+07
1.26681e+08	0	1.10827e+07
1.26687e+08	0	1.1067e+07
1.26693e+08	0	1.10514e+07
1.26699e+08	0	1.10358e+07
1.26705e+08	0	1.10203e+07
1.26711e+08	0	1.10047e+07
1.26717e+08	0	1.09892e+07
1.26723e+08	0	1.09737e+07
1.26729e+08	0	1.09582e+07
1.26735e+08	0	1.09428e+07
1.26741e+08	0	1.09273e+07
1.26747e+08	0	1.09119e+07
1.26753e+08	0	1.08965e+07
1.2676e+08	0	1.08811e+07
1.26766e+08	0	1.08658e+07
1.26772e+08	0	1.08505e+07
1.26779e+08	0	1.08352e+07
1.26785e+08	0	1.08199e+07
1.26792e+08	0	1.08046e+07
1.26798e+08	0	1.07894e+07
1.26805e+08	0	1.07742e+07
1.26812e+08	0	1.0759e+07
1.26818e+08	0	1.07438e+07
1.26825e+08	0	1.07286e+07
1.26832e+08	0	1.07135e+07
1.26839e+08	0	1.06984e+07
1.26845e+08	0	1.06833e+07
1.26852e+08	0	1.06683e+07
1.26859e+08	0	1.06532e+07
1.26866e+08	0	1.06382e+07
1.26873e+08	0	1.06232e+07
1.2688e+08	0	1.06082e+07
1.26887e+08	0	1.05933e+07
1.26894e+08	0	1.05783e+07
1.26901e+08	0	1.05634e+07
1.26909e+08	0	1.05485e+07
1.26916e+08	0	1.05336e+07
1.26923e+08	0	1.05188e+07
1.2693e+08	0	1.0504e+07
1.26938e+08	0	1.04891e+07
1.26945e+08	0	1.04744e+07
1.26953e+08	0	1.04596e+07
1.2696e+08	0	1.04448e+07
1.26967e+08	0	1.04301e+07
1.26975e+08	0	1.04154e+07
1.26982e+08	0	1.04007e+07
1.2699e+08	0	1.03861e+07
1.26998e+08	0	1.03714e+07
1.27005e+08	0	1.03568e+07
1.27013e+08	0	1.03422e+07
1.27021e+08	0	1.03276e+07
1.27028e+08	0	1.03131e+07
1.27036e+08	0	1.02985e+07
1.27044e+08	0	1.0284e+07
1.27052e+08	0	1.02695e+07
1.2706e+08	0	1.0255e+07
1.27068e+08	0	1.02406e+07
1.27076e+08	0	1.02262e+07
1.27084e+08	0	1.02117e+07
1.27092e+08	0	1.01974e+07
1.271e+08	0	1.0183e+07
1.27108e+08	0	1.01686e+07
1.27116e+08	0	1.01543e+07
1.27124e+08	0	1.014e+07
1.27132e+08	0	1.01257e+07
1.27141e+08	0	1.01114e+07
1.27149e+08	0	1.00972e+07
1.27157e+08	0	1.00829e+07
1.27165e+08	0	1.00687e+07
1.27174e+08	0	1.00545e+07
1.27182e+08	0	1.00404e+07
1.27191e+08	0	1.00262e+07
1.27199e+08	0	1.00121e+07
1.27207e+08	0	9.998e+06
1.27216e+08	0	9.98391e+06
1.27224e+08	0	9.96984e+06
1.27233e+08	0	9.95579e+06
1.27242e+08	0	9.94176e+06
1.2725e+08	0	9.92775e+06
1.27259e+08	0	9.91377e+06
1.27268e+08	0	9.8998e+06
1.27276e+08	0	9.88585e+06
1.27285e+08	0	9.87192e+06
1.27294e+08	0	9.85801e+06
1.27302e+08	0	9.84412e+06
1.27311e+08	0	9.83025e+06
1.2732e+08	0	9.8164e+06
1.27329e+08	0	9.80257e+06
1.27338e+08	0	9.78876e+06
1.27347e+08	0	9.77497e+06
1.27356e+08	0	9.7612e+06
1.27365e+08	0	9.74745e+06
1.27374e+08	0	9.73372e+06
1.27383e+08	0	9.72e+06
1.27392e+08	0	9.70631e+06
1.27401e+08	0	9.69264e+06
1.2741e+08	0	9.67898e+06
1.27419e+08	0	9.66535e+06
1.27428e+08	0	9.65173e+06
1.27438e+08	0	9.63814e+06
1.27447e+08	0	9.62456e+06
1.27456e+08	0	9.611e+06
1.27465e+08	0	9.59746e+06
1.27475e+08	0	9.58395e+06
1.27484e+08	0	9.57045e+06
1.27493e+08	0	9.55697e+06
1.27503e+08	0	9.5435e+06
1.27512e+08	0	9.53006e+06
1.27521e+08	0	9.51664e+06
1.27531e+08	0	9.50323e+06
1.2754e+08	0	9.48985e+06
1.2755e+08	0	9.47648e+06
1.27559e+08	0	9.46314e+06
1.27569e+08	0	9.44981e+06
1.27578e+08	0	9.4365e+06
1.27588e+08	0	9.42321e+06
1.27598e+08	0	9.40994e+06
1.27607e+08	0	9.39668e+06
1.27617e+08	0	9.38345e+06
1.27626e+08	0	9.37023e+06
1.27636e+08	0	9.35704e+06
1.27646e+08	0	9.34386e+06
1.27656e+08	0	9.3307e+06
1.27665e+08	0	9.31756e+06
1.27675e+08	0	9.30444e+06
1.27685e+08	0	9.29134e+06
1.27695e+08	0	9.27825e+06
1.27705e+08	0	9.26519e+06
1.27714e+08	0	9.25214e+06
1.27724e+08	0	9.23911e+06
1.27734e+08	0	9.2261e+06
1.27744e+08	0	9.21311e+06
1.27754e+08	0	9.20013e+06
1.27764e+08	0	9.18718e+06
1.27774e+08	0	9.17424e+06
1.27784e+08	0	9.16132e+06
1.27794e+08	0	9.14842e+06
1.27804e+08	0	9.13554e+06
1.27814e+08	0	9.12268e+06
1.27824e+08	0	9.10983e+06
1.27834e+08	0	9.097e+06
1.27845e+08	0	9.0842e+06
1.27855e+08	0	9.0714e+06
1.27865e+08	0	9.05863e+06
1.27875e+08	0	9.04588e+06
1.27885e+08	0	9.03314e+06
1.27895e+08	0	9.02042e+06
1.27906e+08	0	9.00772e+06
1.27916e+08	0	8.99504e+06
1.27926e+08	0	8.98237e+06
1.27936e+08	0	8.96973e+06
1.27947e+08	0	8.9571e+06
1.27957e+08	0	8.94449e+06
1.27967e+08	0	8.9319e+06
1.27978e+08	0	8.91932e+06
1.27988e+08	0	8.90676e+06
1.27999e+08	0	8.89422e+06
1.28009e+08	0	8.8817e+06
1.28019e+08	0	8.8692e+06
1.2803e+08	0	8.85671e+06
1.2804e+08	0	8.84424e+06
1.28051e+08	0	8.83179e+06
1.28061e+08	0	8.81936e+06
1.28072e+08	0	8.80694e+06
1.28082e+08	0	8.79454e+06
1.28093e+08	0	8.78216e+06
1.28103e+08	0	8.7698e+06
1.28114e+08	0	8.75745e+06
1.28124e+08	0	8.74513e+06
1.28135e+08	0	8.73281e+06
1.28146e+08	0	8.72052e+06
1.28156e+08	0	8.70824e+06
1.28167e+08	0	8.69599e+06
1.28178e+08	0	8.68374e+06
1.28188e+08	0	8.67152e+06
1.28199e+08	0	8.65931e+06
1.2821e+08	0	8.64712e+06
1.2822e+08	0	8.63495e+06
1.28231e+08	0	8.6228e+06
1.28242e+08	0	8.61066e+06
1.28252e+08	0	8.59854e+06
1.28263e+08	0	8.58644e+06
1.28274e+08	0	8.57435e+06
1.28285e+08	0	8.56228e+06
1.28296e+08	0	8.55023e+06
1.28306e+08	0	8.53819e+06
1.28317e+08	0	8.52617e+06
1.28328e+08	0	8.51417e+06
1.28339e+08	0	8.50219e+06
1.2835e+08	0	8.49022e+06
1.28361e+08	0	8.47827e+06
1.28372e+08	0	8.46634e+06
1.28382e+08	0	8.45442e+06
1.28393e+08	0	8.44252e+06
1.28404e+08	0	8.43064e+06
1.28415e+08	0	8.41877e+06
1.28426e+08	0	8.40692e+06
1.28437e+08	0	8.39509e+06
1.28448e+08	0	8.38327e+06
1.28459e+08	0	8.37147e+06
1.2847e+08	0	8.35969e+06
1.28481e+08	0	8.34793e+06
1.28492e+08	0	8.33618e+06
1.28503e+08	0	8.32444e+06
1.28514e+08	0	8.31273e+06
1.28525e+08	0	8.30103e+06
1.28536e+08	0	8.28935e+06
1.28547e+08	0	8.27768e+06
1.28558e+08	0	8.26603e+06
1.2857e+08	0	8.2544e+06
1.28581e+08	0	8.24278e+06
1.28592e+08	0	8.23118e+06
1.28603e+08	0	8.21959e+06
1.28614e+08	0	8.20802e+06
1.28625e+08	0	8.19647e+06
1.28636e+08	0	8.18494e+06
1.28647e+08	0	8.17342e+06
1.28659e+08	0	8.16192e+06
1.2867e+08	0	8.15043e+06
1.28681e+08	0	8.13896e+06
1.28692e+08	0	8.1275e+06
1.28703e+08	0	8.11607e+06
1.28714e+08	0	8.10464e+06
1.28726e+08	0	8.09324e+06
1.28737e+08	0	8.08185e+06
1.28748e+08	0	8.07048e+06
1.28759e+08	0	8.05912e+06
1.28771e+08	0	8.04778e+06
1.28782e+08	0	8.03645e+06
1.28793e+08	0	8.02514e+06
1.28804e+08	0	8.01385e+06
1.28816e+08	0	8.00257e+06
1.28827e+08	0	7.99131e+06
1.28838e+08	0	7.98006e+06
1.2885e+08	0	7.96883e+06
1.28861e+08	0	7.95762e+06
1.28872e+08	0	7.94642e+06
1.28884e+08	0	7.93524e+06
1.28895e+08	0	7.92407e+06
1.28906e+08	0	7.91292e+06
1.28918e+08	0	7.90178e+06
1.28929e+08	0	7.89067e+06
1.2894e+08	0	7.87956e+06
1.28952e+08	0	7.86847e+06
1.28963e+08	0	7.8574e+06
1.28974e+08	0	7.84634e+06
1.28986e+08	0	7.8353e+06
1.28997e+08	0	7.82428e+06
1.29009e+08	0	7.81327e+06
1.2902e+08	0	7.80227e+06
1.29031e+08	0	7.79129e+06
1.29043e+08	0	7.78033e+06
1.29054e+08	0	7.76938e+06
1.29066e+08	0	7.75845e+06
1.29077e+08	0	7.74753e+06
1.29088e+08	0	7.73663e+06
1.291e+08	0	7.72574e+06
1.29111e+08	0	7.71487e+06
1.29123e+08	0	7.70401e+06
1.29134e+08	0	7.69317e+06
1.29146e+08	0	7.68235e+06
1.29157e+08	0	7.67154e+06
1.29169e+08	0	7.66074e+06
1.2918e+08	0	7.64996e+06
1.29192e+08	0	7.6392e+06
1.29203e+08	0	7.62845e+06
1.29215e+08	0	7.61772e+06
1.29226e+08	0	7.607e+06
1.29237e+08	0	7.59629e+06
1.29249e+08	0	7.5856e+06
1.2926e+08	0	7.57493e+06
1.29272e+08	0	7.56427e+06
1.29283e+08	0	7.55363e+06
1.29295e+08	0	7.543e+06
1.29307e+08	0	7.53239e+06
1.29318e+08	0	7.52179e+06
1.2933e+08	0	7.5112e+06
1.29341e+08	0	7.50063e+06
1.29353e+08	0	7.49008e+06
1.29364e+08	0	7.47954e+06
1.29376e+08	0	7.46902e+06
1.29387e+08	0	7.45851e+06
1.29399e+08	0	7.44801e+06
1.2941e+08	0	7.43753e+06
1.29422e+08	0	7.42707e+06
1.29433e+08	0	7.41662e+06
1.29445e+08	0	7.40618e+06
1.29456e+08	0	7.39576e+06
1.29468e+08	0	7.38535e+06
1.2948e+08	0	7.37496e+06
1.29491e+08	0	7.36459e+06
1.29503e+08	0	7.35422e+06
1.29514e+08	0	7.34388e+06
1.29526e+08	0	7.33354e+06
1.29537e+08	0	7.32322e+06
1.29549e+08	0	7.31292e+06
1.29561e+08	0	7.30263e+06
1.29572e+08	0	7.29235e+06
1.29584e+08	0	7.28209e+06
1.29595e+08	0	7.27185e+06
1.29607e+08	0	7.26162e+06
1.29618e+08	0	7.2514e+06
1.2963e+08	0	7.2412e+06
1.29642e+08	0	7.23101e+06
1.29653e+08	0	7.22083e+06
1.29665e+08	0	7.21067e+06
1.29676e+08	0	7.20053e+06
1.29688e+08	0	7.1904e+06
1.297e+08	0	7.18028e+06
1.29711e+08	0	7.17018e+06
1.29723e+08	0	7.16009e+06
1.29734e+08	0	7.15001e+06
1.29746e+08	0	7.13995e+06
1.29757e+08	0	7.12991e+06
1.29769e+08	0	7.11987e+06
1.29781e+08	0	7.10986e+06
1.29792e+08	0	7.09985e+06
1.29804e+08	0	7.08986e+06
1.29815e+08	0	7.07989e+06
1.29827e+08	0	7.06993e+06
1.29839e+08	0	7.05998e+06
1.2985e+08	0	7.05005e+06
1.29862e+08	0	7.04013e+06
1.29873e+08	0	7.03022e+06
1.29885e+08	0	7.02033e+06
1.29897e+08	0	7.01045e+06
1.29908e+08	0	7.00059e+06
1.2992e+08	0	6.99074e+06
1.29931e+08	0	6.9809e+06
1.29943e+08	0	6.97108e+06
1.29954e+08	0	6.96127e+06
1.29966e+08	0	6.95148e+06
1.29978e+08	0	6.94169e+06
1.29989e+08	0	6.93193e+06
1.30001e+08	0	6.92217e+06
1.30012e+08	0	6.91243e+06
1.30024e+08	0	6.90271e+06
1.30036e+08	0	6.893e+06
1.30047e+08	0	6.8833e+06
1.30059e+08	0	6.87361e+06
1.3007e+08	0	6.86394e+06
1.30082e+08	0	6.85428e+06
1.30093e+08	0	6.84464e+06
1.30105e+08	0	6.83501e+06
1.30117e+08	0	6.82539e+06
1.30128e+08	0	6.81579e+06
1.3014e+08	0	6.8062e+06
1.30151e+08	0	6.79662e+06
1.30163e+08	0	6.78706e+06
1.30174e+08	0	6.77751e+06
1.30186e+08	0	6.76797e+06
1.30198e+08	0	6.75845e+06
1.30209e+08	0	6.74894e+06
1.30221e+08	0	6.73945e+06
1.30232e+08	0	6.72996e+06
1.30244e+08	0	6.72049e+06
1.30255e+08	0	6.71104e+06
1.30267e+08	0	6.7016e+06
1.30278e+08	0	6.69217e+06
1.3029e+08	0	6.68275e+06
1.30301e+08	0	6.67335e+06
1.30313e+08	0	6.66396e+06
1.30325e+08	0	6.65458e+06
1.30336e+08	0	6.64522e+06
1.30348e+08	0	6.63587e+06
1.30359e+08	0	6.62653e+06
1.30371e+08	0	6.61721e+06
1.30382e+08	0	6.6079e+06
1.30394e+08	0	6.5986e+06
1.30405e+08	0	6.58932e+06
1.30417e+08	0	6.58004e+06
1.30428e+08	0	6.57079e+06
1.3044e+08	0	6.56154e+06
1.30451e+08	0	6.55231e+06
1.30463e+08	0	6.54309e+06
1.30474e+08	0	6.53388e+06
1.30486e+08	0	6.52469e+06
1.30497e+08	0	6.51551e+06
1.30509e+08	0	6.50634e+06
1.3052e+08	0	6.49719e+06
1.30532e+08	0	6.48804e+06
1.30543e+08	0	6.47892e+06
1.30555e+08	0	6.4698e+06
1.30566e+08	0	6.4607e+06
1.30578e+08	0	6.4516e+06
1.30589e+08	0	6.44253e+06
1.306e+08	0	6.43346e+06
1.30612e+08	0	6.42441e+06
1.30623e+08	0	6.41537e+06
1.30635e+08	0	6.40634e+06
1.30646e+08	0	6.39733e+06
1.30658e+08	0	6.38833e+06
1.30669e+08	0	6.37934e+06
1.30681e+08	0	6.37036e+06
1.30692e+08	0	6.3614e+06
1.30703e+08	0	6.35245e+06
1.30715e+08	0	6.34351e+06
1.30726e+08	0	6.33458e+06
1.30738e+08	0	6.32567e+06
1.30749e+08	0	6.31677e+06
1.3076e+08	0	6.30788e+06
1.30772e+08	0	6.29901e+06
1.30783e+08	0	6.29014e+06
1.30795e+08	0	6.28129e+06
1.30806e+08	0	6.27245e+06
1.30817e+08	0	6.26363e+06
1.30829e+08	0	6.25481e+06
1.3084e+08	0	6.24601e+06
1.30851e+08	0	6.23722e+06
1.30863e+08	0	6.22845e+06
1.30874e+08	0	6.21968e+06
1.30886e+08	0	6.21093e+06
1.30897e+08	0	6.20219e+06
1.30908e+08	0	6.19346e+06
1.3092e+08	0	6.18475e+06
1.30931e+08	0	6.17605e+06
1.30942e+08	0	6.16736e+06
1.30954e+08	0	6.15868e+06
1.30965e+08	0	6.15001e+06
1.30976e+08	0	6.14136e+06
1.30987e+08	0	6.13272e+06
1.30999e+08	0	6.12409e+06
1.3101e+08	0	6.11547e+06
1.31021e+08	0	6.10686e+06
1.31033e+08	0	6.09827e+06
1.31044e+08	0	6.08969e+06
1.31055e+08	0	6.08112e+06
1.31066e+08	0	6.07256e+06
1.31078e+08	0	6.06402e+06
1.31089e+08	0	6.05549e+06
1.311e+08	0	6.04696e+06
1.31111e+08	0	6.03846e+06
1.31123e+08	0	6.02996e+06
1.31134e+08	0	6.02147e+06
1.31145e+08	0	6.013e+06
1.31156e+08	0	6.00454e+06
1.31168e+08	0	5.99609e+06
1.31179e+08	0	5.98765e+06
1.3119e+08	0	5.97923e+06
1.31201e+08	0	5.97081e+06
1.31212e+08	0	5.96241e+06
1.31224e+08	0	5.95402e+06
1.31235e+08	0	5.94564e+06
1.31246e+08	0	5.93727e+06
1.31257e+08	0	5.92892e+06
1.31268e+08	0	5.92058e+06
1.31279e+08	0	5.91224e+06
1.3129e+08	0	5.90392e+06
1.31302e+08	0	5.89562e+06
1.31313e+08	0	5.88732e+06
1.31324e+08	0	5.87904e+06
1.31335e+08	0	5.87076e+06
1.31346e+08	0	5.8625e+06
1.31357e+08	0	5.85425e+06
1.31368e+08	0	5.84601e+06
1.31379e+08	0	5.83779e+06
1.31391e+08	0	5.82957e+06
1.31402e+08	0	5.82137e+06
1.31413e+08	0	5.81317e+06
1.31424e+08	0	5.80499e+06
1.31435e+08	0	5.79682e+06
1.31446e+08	0	5.78867e+06
1.31457e+08	0	5.78052e+06
1.31468e+08	0	5.77239e+06
1.31479e+08	0	5.76426e+06
1.3149e+08	0	5.75615e+06
1.31501e+08	0	5.74805e+06
1.31512e+08	0	5.73996e+06
1.31523e+08	0	5.73188e+06
1.31534e+08	0	5.72382e+06
1.31545e+08	0	5.71576e+06
1.31556e+08	0	5.70772e+06
1.31567e+08	0	5.69969e+06
1.31578e+08	0	5.69166e+06
1.31589e+08	0	5.68365e+06
1.316e+08	0	5.67566e+06
1.31611e+08	0	5.66767e+06
1.31622e+08	0	5.65969e+06
1.31633e+08	0	5.65173e+06
1.31644e+08	0	5.64377e+06
1.31655e+08	0	5.63583e+06
1.31666e+08	0	5.6279e+06
1.31676e+08	0	5.61998e+06
1.31687e+08	0	5.61207e+06
1.31698e+08	0	5.60417e+06
1.31709e+08	0	5.59628e+06
1.3172e+08	0	5.58841e+06
1.31731e+08	0	5.58054e+06
1.31742e+08	0	5.57269e+06
1.31753e+08	0	5.56485e+06
1.31763e+08	0	5.55701e+06
1.31774e+08	0	5.54919e+06
1.31785e+08	0	5.54138e+06
1.31796e+08	0	5.53359e+06
1.31807e+08	0	5.5258e+06
1.31818e+08	0	5.51802e+06
1.31828e+08	0	5.51025e+06
1.31839e+08	0	5.5025e+06
1.3185e+08	0	5.49476e+06
1.31861e+08	0	5.48702e+06
1.31872e+08	0	5.4793e+06
1.31882e+08	0	5.47159e+06
1.31893e+08	0	5.46389e+06
1.31904e+08	0	5.4562e+06
1.31915e+08	0	5.44852e+06
1.31925e+08	0	5.44085e+06
1.31936e+08	0	5.43319e+06
1.31947e+08	0	5.42554e+06
1.31958e+08	0	5.41791e+06
1.31968e+08	0	5.41028e+06
1.31979e+08	0	5.40267e+06
1.3199e+08	0	5.39506e+06
1.32e+08	0	5.38747e+06
1.32011e+08	0	5.37989e+06
1.32022e+08	0	5.37232e+06
1.32032e+08	0	5.36475e+06
1.32043e+08	0	5.3572e+06
1.32054e+08	0	5.34966e+06
1.32064e+08	0	5.34213e+06
1.32075e+08	0	5.33462e+06
1.32085e+08	0	5.32711e+06
1.32096e+08	0	5.31961e+06
1.32107e+08	0	5.31212e+06
1.32117e+08	0	5.30464e+06
1.32128e+08	0	5.29718e+06
1.32138e+08	0	5.28972e+06
1.32149e+08	0	5.28228e+06
1.3216e+08	0	5.27484e+06
1.3217e+08	0	5.26742e+06
1.32181e+08	0	5.26e+06
1.32191e+08	0	5.2526e+06
1.32202e+08	0	5.24521e+06
1.32212e+08	0	5.23782e+06
1.32223e+08	0	5.23045e+06
1.32233e+08	0	5.22309e+06
1.32244e+08	0	5.21574e+06
1.32254e+08	0	5.2084e+06
1.32265e+08	0	5.20106e+06
1.32275e+08	0	5.19374e+06
1.32286e+08	0	5.18643e+06
1.32296e+08	0	5.17913e+06
1.32307e+08	0	5.17184e+06
1.32317e+08	0	5.16456e+06
1.32327e+08	0	5.15729e+06
1.32338e+08	0	5.15003e+06
1.32348e+08	0	5.14278e+06
1.32359e+08	0	5.13555e+06
1.32369e+08	0	5.12832e+06
1.32379e+08	0	5.1211e+06
1.3239e+08	0	5.11389e+06
1.324e+08	0	5.10669e+06
1.32411e+08	0	5.0995e+06
1.32421e+08	0	5.09232e+06
1.32431e+08	0	5.08516e+06
1.32442e+08	0	5.078e+06
1.32452e+08	0	5.07085e+06
1.32462e+08	0	5.06371e+06
1.32472e+08	0	5.05658e+06
1.32483e+08	0	5.04947e+06
1.32493e+08	0	5.04236e+06
1.32503e+08	0	5.03526e+06
1.32514e+08	0	5.02817e+06
1.32524e+08	0	5.02109e+06
1.32534e+08	0	5.01403e+06
1.32544e+08	0	5.00697e+06
1.32555e+08	0	4.99992e+06
1.32565e+08	0	4.99288e+06
1.32575e+08	0	4.98585e+06
1.32585e+08	0	4.97883e+06
1.32595e+08	0	4.97182e+06
1.32606e+08	0	4.96483e+06
1.32616e+08	0	4.95784e+06
1.32626e+08	0	4.95086e+06
1.32636e+08	0	4.94389e+06
1.32646e+08	0	4.93693e+06
1.32657e+08	0	4.92998e+06
1.32667e+08	0	4.92304e+06
1.32677e+08	0	4.91611e+06
1.32687e+08	0	4.90919e+06
1.32697e+08	0	4.90227e+06
1.32707e+08	0	4.89537e+06
1.32717e+08	0	4.88848e+06
1.32727e+08	0	4.8816e+06
1.32737e+08	0	4.87473e+06
1.32747e+08	0	4.86787e+06
1.32757e+08	0	4.86101e+06
1.32768e+08	0	4.85417e+06
1.32778e+08	0	4.84734e+06
1.32788e+08	0	4.84051e+06
1.32798e+08	0	4.8337e+06
1.32808e+08	0	4.82689e+06
1.32818e+08	0	4.8201e+06
1.32828e+08	0	4.81331e+06
1.32838e+08	0	4.80653e+06
1.32848e+08	0	4.79977e+06
1.32858e+08	0	4.79301e+06
1.32868e+08	0	4.78626e+06
1.32877e+08	0	4.77952e+06
1.32887e+08	0	4.77279e+06
1.32897e+08	0	4.76607e+06
1.32907e+08	0	4.75936e+06
1.32917e+08	0	4.75266e+06
1.32927e+08	0	4.74597e+06
1.32937e+08	0	4.73929e+06
1.32947e+08	0	4.73262e+06
1.32957e+08	0	4.72596e+06
1.32967e+08	0	4.7193e+06
1.32976e+08	0	4.71266e+06
1.32986e+08	0	4.70602e+06
1.32996e+08	0	4.6994e+06
1.33006e+08	0	4.69278e+06
1.33016e+08	0	4.68617e+06
1.33026e+08	0	4.67958e+06
1.33035e+08	0	4.67299e+06
1.33045e+08	0	4.66641e+06
1.33055e+08	0	4.65984e+06
1.33065e+08	0	4.65328e+06
1.33075e+08	0	4.64673e+06
1.33084e+08	0	4.64018e+06
1.33094e+08	0	4.63365e+06
1.33104e+08	0	4.62713e+06
1.33114e+08	0	4.62061e+06
1.33123e+08	0	4.6141e+06
1.33133e+08	0	4.60761e+06
1.33143e+08	0	4.60112e+06
1.33152e+08	0	4.59464e+06
1.33162e+08	0	4.58817e+06
1.33172e+08	0	4.58171e+06
1.33181e+08	0	4.57526e+06
1.33191e+08	0	4.56882e+06
1.33201e+08	0	4.56239e+06
1.3321e+08	0	4.55596e+06
1.3322e+08	0	4.54955e+06
1.3323e+08	0	4.54314e+06
1.33239e+08	0	4.53674e+06
1.33249e+08	0	4.53036e+06
1.33258e+08	0	4.52398e+06
1.33268e+08	0	4.51761e+06
1.33277e+08	0	4.51125e+06
1.33287e+08	0	4.50489e+06
1.33297e+08	0	4.49855e+06
1.33306e+08	0	4.49222e+06
1.33316e+08	0	4.48589e+06
1.33325e+08	0	4.47957e+06
1.33335e+08	0	4.47327e+06
1.33344e+08	0	4.46697e+06
1.33354e+08	0	4.46068e+06
1.33363e+08	0	4.4544e+06
1.33373e+08	0	4.44812e+06
1.33382e+08	0	4.44186e+06
1.33392e+08	0	4.43561e+06
1.33401e+08	0	4.42936e+06
1.3341e+08	0	4.42312e+06
1.3342e+08	0	4.41689e+06
1.33429e+08	0	4.41068e+06
1.33439e+08	0	4.40446e+06
1.33448e+08	0	4.39826e+06
1.33457e+08	0	4.39207e+06
1.33467e+08	0	4.38588e+06
1.33476e+08	0	4.37971e+06
1.33486e+08	0	4.37354e+06
1.33495e+08	0	4.36738e+06
1.33504e+08	0	4.36123e+06
1.33514e+08	0	4.35509e+06
1.33523e+08	0	4.34896e+06
1.33532e+08	0	4.34283e+06
1.33541e+08	0	4.33672e+06
1.33551e+08	0	4.33061e+06
1.3356e+08	0	4.32451e+06
1.33569e+08	0	4.31842e+06
1.33579e+08	0	4.31234e+06
1.33588e+08	0	4.30627e+06
1.33597e+08	0	4.3002e+06
1.33606e+08	0	4.29415e+06
1.33616e+08	0	4.2881e+06
1.33625e+08	0	4.28206e+06
1.33634e+08	0	4.27603e+06
1.33643e+08	0	4.27001e+06
1.33652e+08	0	4.264e+06
1.33662e+08	0	4.25799e+06
1.33671e+08	0	4.25199e+06
1.3368e+08	0	4.24601e+06
1.33689e+08	0	4.24003e+06
1.33698e+08	0	4.23406e+06
1.33707e+08	0	4.22809e+06
1.33716e+08	0	4.22214e+06
1.33725e+08	0	4.21619e+06
1.33735e+08	0	4.21025e+06
1.33744e+08	0	4.20432e+06
1.33753e+08	0	4.1984e+06
1.33762e+08	0	4.19249e+06
1.33771e+08	0	4.18659e+06
1.3378e+08	0	4.18069e+06
1.33789e+08	0	4.1748e+06
1.33798e+08	0	4.16892e+06
1.33807e+08	0	4.16305e+06
1.33816e+08	0	4.15719e+06
1.33825e+08	0	4.15133e+06
1.33834e+08	0	4.14549e+06
1.33843e+08	0	4.13965e+06
1.33852e+08	0	4.13382e+06
1.33861e+08	0	4.128e+06
1.3387e+08	0	4.12218e+06
1.33879e+08	0	4.11638e+06
1.33888e+08	0	4.11058e+06
1.33897e+08	0	4.10479e+06
1.33906e+08	0	4.09901e+06
1.33915e+08	0	4.09323e+06
1.33923e+08	0	4.08747e+06
1.33932e+08	0	4.08171e+06
1.33941e+08	0	4.07596e+06
1.3395e+08	0	4.07022e+06
1.33959e+08	0	4.06449e+06
1.33968e+08	0	4.05877e+06
1.33977e+08	0	4.05305e+06
1.33985e+08	0	4.04734e+06
1.33994e+08	0	4.04164e+06
1.34003e+08	0	4.03595e+06
1.34012e+08	0	4.03026e+06
1.34021e+08	0	4.02459e+06
1.3403e+08	0	4.01892e+06
1.34038e+08	0	4.01326e+06
1.34047e+08	0	4.0076e+06
1.34056e+08	0	4.00196e+06
1.34065e+08	0	3.99632e+06
1.34073e+08	0	3.99069e+06
1.34082e+08	0	3.98507e+06
1.34091e+08	0	3.97946e+06
1.34099e+08	0	3.97385e+06
1.34108e+08	0	3.96826e+06
1.34117e+08	0	3.96267e+06
1.34125e+08	0	3.95709e+06
1.34134e+08	0	3.95151e+06
1.34143e+08	0	3.94595e+06
1.34151e+08	0	3.94039e+06
1.3416e+08	0	3.93484e+06
1.34169e+08	0	3.92929e+06
1.34177e+08	0	3.92376e+06
1.34186e+08	0	3.91823e+06
1.34195e+08	0	3.91271e+06
1.34203e+08	0	3.9072e+06
1.34212e+08	0	3.9017e+06
1.3422e+08	0	3.8962e+06
1.34229e+08	0	3.89071e+06
1.34237e+08	0	3.88523e+06
1.34246e+08	0	3.87976e+06
1.34255e+08	0	3.8743e+06
1.34263e+08	0	3.86884e+06
1.34272e+08	0	3.86339e+06
1.3428e+08	0	3.85795e+06
1.34289e+08	0	3.85251e+06
1.34297e+08	0	3.84708e+06
1.34306e+08	0	3.84167e+06
1.34314e+08	0	3.83625e+06
1.34322e+08	0	3.83085e+06
1.34331e+08	0	3.82545e+06
1.34339e+08	0	3.82006e+06
1.34348e+08	0	3.81468e+06
1.34356e+08	0	3.80931e+06
1.34365e+08	0	3.80394e+06
1.34373e+08	0	3.79858e+06
1.34381e+08	0	3.79323e+06
1.3439e+08	0	3.78789e+06
1.34398e+08	0	3.78255e+06
1.34406e+08	0	3.77723e+06
1.34415e+08	0	3.7719e+06
1.34423e+08	0	3.76659e+06
1.34432e+08	0	3.76128e+06
1.3444e+08	0	3.75599e+06
1.34448e+08	0	3.75069e+06
1.34456e+08	0	3.74541e+06
1.34465e+08	0	3.74013e+06
1.34473e+08	0	3.73486e+06
1.34481e+08	0	3.7296e+06
1.3449e+08	0	3.72435e+06
1.34498e+08	0	3.7191e+06
1.34506e+08	0	3.71386e+06
1.34514e+08	0	3.70863e+06
1.34523e+08	0	3.70341e+06
1.34531e+08	0	3.69819e+06
1.34539e+08	0	3.69298e+06
1.34547e+08	0	3.68778e+06
1.34555e+08	0	3.68258e+06
1.34564e+08	0	3.67739e+06
1.34572e+08	0	3.67221e+06
1.3458e+08	0	3.66704e+06
1.34588e+08	0	3.66187e+06
1.34596e+08	0	3.65671e+06
1.34604e+08	0	3.65156e+06
1.34612e+08	0	3.64642e+06
1.34621e+08	0	3.64128e+06
1.34629e+08	0	3.63615e+06
1.34637e+08	0	3.63103e+06
1.34645e+08	0	3.62591e+06
1.34653e+08	0	3.6208e+06
1.34661e+08	0	3.6157e+06
1.34669e+08	0	3.61061e+06
1.34677e+08	0	3.60552e+06
1.34685e+08	0	3.60044e+06
1.34693e+08	0	3.59537e+06
1.34701e+08	0	3.5903e+06
1.34709e+08	0	3.58524e+06
1.34717e+08	0	3.58019e+06
1.34725e+08	0	3.57515e+06
1.34733e+08	0	3.57011e+06
1.34741e+08	0	3.56508e+06
1.34749e+08	0	3.56006e+06
1.34757e+08	0	3.55504e+06
1.34765e+08	0	3.55003e+06
1.34773e+08	0	3.54503e+06
1.34781e+08	0	3.54004e+06
1.34789e+08	0	3.53505e+06
1.34797e+08	0	3.53007e+06
1.34805e+08	0	3.52509e+06
1.34813e+08	0	3.52013e+06
1.3482e+08	0	3.51517e+06
1.34828e+08	0	3.51021e+06
1.34836e+08	0	3.50527e+06
1.34844e+08	0	3.50033e+06
1.34852e+08	0	3.4954e+06
1.3486e+08	0	3.49047e+06
1.34868e+08	0	3.48555e+06
1.34875e+08	0	3.48064e+06
1.34883e+08	0	3.47574e+06
1.34891e+08	0	3.47084e+06
1.34899e+08	0	3.46595e+06
1.34906e+08	0	3.46107e+06
1.34914e+08	0	3.45619e+06
1.34922e+08	0	3.45132e+06
1.3493e+08	0	3.44646e+06
1.34938e+08	0	3.4416e+06
1.34945e+08	0	3.43675e+06
1.34953e+08	0	3.43191e+06
1.34961e+08	0	3.42707e+06
1.34968e+08	0	3.42224e+06
1.34976e+08	0	3.41742e+06
1.34984e+08	0	3.4126e+06
1.34991e+08	0	3.4078e+06
1.34999e+08	0	3.40299e+06
1.35007e+08	0	3.3982e+06
1.35014e+08	0	3.39341e+06
1.35022e+08	0	3.38863e+06
1.3503e+08	0	3.38385e+06
1.35037e+08	0	3.37909e+06
1.35045e+08	0	3.37432e+06
1.35053e+08	0	3.36957e+06
1.3506e+08	0	3.36482e+06
1.35068e+08	0	3.36008e+06
1.35075e+08	0	3.35534e+06
1.35083e+08	0	3.35062e+06
1.3509e+08	0	3.34589e+06
1.35098e+08	0	3.34118e+06
1.35106e+08	0	3.33647e+06
1.35113e+08	0	3.33177e+06
1.35121e+08	0	3.32707e+06
1.35128e+08	0	3.32239e+06
1.35136e+08	0	3.3177e+06
1.35143e+08	0	3.31303e+06
1.35151e+08	0	3.30836e+06
1.35158e+08	0	3.3037e+06
1.35166e+08	0	3.29904e+06
1.35173e+08	0	3.29439e+06
1.3518e+08	0	3.28975e+06
1.35188e+08	0	3.28511e+06
1.35195e+08	0	3.28048e+06
1.35203e+08	0	3.27586e+06
1.3521e+08	0	3.27125e+06
1.35218e+08	0	3.26664e+06
1.35225e+08	0	3.26203e+06
1.35232e+08	0	3.25743e+06
1.3524e+08	0	3.25284e+06
1.35247e+08	0	3.24826e+06
1.35254e+08	0	3.24368e+06
1.35262e+08	0	3.23911e+06
1.35269e+08	0	3.23455e+06
1.35276e+08	0	3.22999e+06
1.35284e+08	0	3.22544e+06
1.35291e+08	0	3.22089e+06
1.35298e+08	0	3.21635e+06
1.35306e+08	0	3.21182e+06
1.35313e+08	0	3.20729e+06
1.3532e+08	0	3.20277e+06
1.35327e+08	0	3.19826e+06
1.35335e+08	0	3.19375e+06
1.35342e+08	0	3.18925e+06
1.35349e+08	0	3.18475e+06
1.35356e+08	0	3.18027e+06
1.35364e+08	0	3.17578e+06
1.35371e+08	0	3.17131e+06
1.35378e+08	0	3.16684e+06
1.35385e+08	0	3.16237e+06
1.35393e+08	0	3.15792e+06
1.354e+08	0	3.15347e+06
1.35407e+08	0	3.14902e+06
1.35414e+08	0	3.14458e+06
1.35421e+08	0	3.14015e+06
1.35428e+08	0	3.13573e+06
1.35435e+08	0	3.13131e+06
1.35443e+08	0	3.12689e+06
1.3545e+08	0	3.12249e+06
1.35457e+08	0	3.11809e+06
1.35464e+08	0	3.11369e+06
1.35471e+08	0	3.1093e+06
1.35478e+08	0	3.10492e+06
1.35485e+08	0	3.10054e+06
1.35492e+08	0	3.09617e+06
1.35499e+08	0	3.09181e+06
1.35506e+08	0	3.08745e+06
1.35513e+08	0	3.0831e+06
1.3552e+08	0	3.07876e+06
1.35527e+08	0	3.07442e+06
1.35534e+08	0	3.07008e+06
1.35541e+08	0	3.06576e+06
1.35548e+08	0	3.06143e+06
1.35555e+08	0	3.05712e+06
1.35562e+08	0	3.05281e+06
1.35569e+08	0	3.04851e+06
1.35576e+08	0	3.04421e+06
1.35583e+08	0	3.03992e+06
1.3559e+08	0	3.03564e+06
1.35597e+08	0	3.03136e+06
1.35604e+08	0	3.02708e+06
1.35611e+08	0	3.02282e+06
1.35618e+08	0	3.01856e+06
1.35625e+08	0	3.0143e+06
1.35632e+08	0	3.01005e+06
1.35639e+08	0	3.00581e+06
1.35645e+08	0	3.00157e+06
1.35652e+08	0	2.99734e+06
1.35659e+08	0	2.99312e+06
1.35666e+08	0	2.9889e+06
1.35673e+08	0	2.98469e+06
1.3568e+08	0	2.98048e+06
1.35687e+08	0	2.97628e+06
1.35693e+08	0	2.97208e+06
1.357e+08	0	2.96789e+06
1.35707e+08	0	2.96371e+06
1.35714e+08	0	2.95953e+06
1.3572e+08	0	2.95536e+06
1.35727e+08	0	2.95119e+06
1.35734e+08	0	2.94703e+06
1.35741e+08	0	2.94288e+06
1.35748e+08	0	2.93873e+06
1.35754e+08	0	2.93459e+06
1.35761e+08	0	2.93045e+06
1.35768e+08	0	2.92632e+06
1.35774e+08	0	2.9222e+06
1.35781e+08	0	2.91808e+06
1.35788e+08	0	2.91396e+06
1.35795e+08	0	2.90986e+06
1.35801e+08	0	2.90575e+06
1.35808e+08	0	2.90166e+06
1.35815e+08	0	2.89757e+06
1.35821e+08	0	2.89348e+06
1.35828e+08	0	2.8894e+06
1.35834e+08	0	2.88533e+06
1.35841e+08	0	2.88126e+06
1.35848e+08	0	2.8772e+06
1.35854e+08	0	2.87315e+06
1.35861e+08	0	2.8691e+06
1.35867e+08	0	2.86505e+06
1.35874e+08	0	2.86101e+06
1.35881e+08	0	2.85698e+06
1.35887e+08	0	2.85295e+06
1.35894e+08	0	2.84893e+06
1.359e+08	0	2.84491e+06
1.35907e+08	0	2.8409e+06
1.35913e+08	0	2.8369e+06
1.3592e+08	0	2.8329e+06
1.35926e+08	0	2.8289e+06
1.35933e+08	0	2.82492e+06
1.35939e+08	0	2.82093e+06
1.35946e+08	0	2.81696e+06
1.35952e+08	0	2.81299e+06
1.35959e+08	0	2.80902e+06
1.35965e+08	0	2.80506e+06
1.35972e+08	0	2.80111e+06
1.35978e+08	0	2.79716e+06
1.35985e+08	0	2.79321e+06
1.35991e+08	0	2.78928e+06
1.35998e+08	0	2.78534e+06
1.36004e+08	0	2.78142e+06
1.3601e+08	0	2.7775e+06
1.36017e+08	0	2.77358e+06
1.36023e+08	0	2.76967e+06
1.3603e+08	0	2.76576e+06
1.36036e+08	0	2.76187e+06
1.36042e+08	0	2.75797e+06
1.36049e+08	0	2.75408e+06
1.36055e+08	0	2.7502e+06
1.36061e+08	0	2.74632e+06
1.36068e+08	0	2.74245e+06
1.36074e+08	0	2.73858e+06
1.3608e+08	0	2.73472e+06
1.36087e+08	0	2.73087e+06
1.36093e+08	0	2.72702e+06
1.36099e+08	0	2.72317e+06
1.36106e+08	0	2.71933e+06
1.36112e+08	0	2.7155e+06
1.36118e+08	0	2.71167e+06
1.36124e+08	0	2.70785e+06
1.36131e+08	0	2.70403e+06
1.36137e+08	0	2.70022e+06
1.36143e+08	0	2.69641e+06
1.36149e+08	0	2.69261e+06
1.36156e+08	0	2.68881e+06
1.36162e+08	0	2.68502e+06
1.36168e+08	0	2.68124e+06
1.36174e+08	0	2.67746e+06
1.3618e+08	0	2.67368e+06
1.36187e+08	0	2.66991e+06
1.36193e+08	0	2.66615e+06
1.36199e+08	0	2.66239e+06
1.36205e+08	0	2.65863e+06
1.36211e+08	0	2.65489e+06
1.36217e+08	0	2.65114e+06
1.36224e+08	0	2.6474e+06
1.3623e+08	0	2.64367e+06
1.36236e+08	0	2.63994e+06
1.36242e+08	0	2.63622e+06
1.36248e+08	0	2.63251e+06
1.36254e+08	0	2.62879e+06
1.3626e+08	0	2.62509e+06
1.36266e+08	0	2.62139e+06
1.36272e+08	0	2.61769e+06
1.36278e+08	0	2.614e+06
1.36284e+08	0	2.61031e+06
1.3629e+08	0	2.60663e+06
1.36297e+08	0	2.60296e+06
1.36303e+08	0	2.59929e+06
1.36309e+08	0	2.59562e+06
1.36315e+08	0	2.59196e+06
1.36321e+08	0	2.58831e+06
1.36327e+08	0	2.58466e+06
1.36333e+08	0	2.58101e+06
1.36339e+08	0	2.57737e+06
1.36345e+08	0	2.57374e+06
1.36351e+08	0	2.57011e+06
1.36356e+08	0	2.56649e+06
1.36362e+08	0	2.56287e+06
1.36368e+08	0	2.55925e+06
1.36374e+08	0	2.55565e+06
1.3638e+08	0	2.55204e+06
1.36386e+08	0	2.54844e+06
1.36392e+08	0	2.54485e+06
1.36398e+08	0	2.54126e+06
1.36404e+08	0	2.53768e+06
1.3641e+08	0	2.5341e+06
1.36416e+08	0	2.53053e+06
1.36422e+08	0	2.52696e+06
1.36427e+08	0	2.5234e+06
1.36433e+08	0	2.51984e+06
1.36439e+08	0	2.51628e+06
1.36445e+08	0	2.51274e+06
1.36451e+08	0	2.50919e+06
1.36457e+08	0	2.50565e+06
1.36462e+08	0	2.50212e+06
1.36468e+08	0	2.49859e+06
1.36474e+08	0	2.49507e+06
1.3648e+08	0	2.49155e+06
1.36486e+08	0	2.48804e+06
1.36491e+08	0	2.48453e+06
1.36497e+08	0	2.48103e+06
1.36503e+08	0	2.47753e+06
1.36509e+08	0	2.47403e+06
1.36515e+08	0	2.47054e+06
1.3652e+08	0	2.46706e+06
1.36526e+08	0	2.46358e+06
1.36532e+08	0	2.46011e+06
1.36537e+08	0	2.45664e+06
1.36543e+08	0	2.45317e+06
1.36549e+08	0	2.44971e+06
1.36555e+08	0	2.44626e+06
1.3656e+08	0	2.44281e+06
1.36566e+08	0	2.43937e+06
1.36572e+08	0	2.43593e+06
1.36577e+08	0	2.43249e+06
1.36583e+08	0	2.42906e+06
1.36589e+08	0	2.42563e+06
1.36594e+08	0	2.42221e+06
1.366e+08	0	2.4188e+06
1.36606e+08	0	2.41539e+06
1.36611e+08	0	2.41198e+06
1.36617e+08	0	2.40858e+06
1.36622e+08	0	2.40518e+06
1.36628e+08	0	2.40179e+06
1.36634e+08	0	2.3984e+06
1.36639e+08	0	2.39502e+06
1.36645e+08	0	2.39164e+06
1.3665e+08	0	2.38827e+06
1.36656e+08	0	2.3849e+06
1.36662e+08	0	2.38154e+06
1.36667e+08	0	2.37818e+06
1.36673e+08	0	2.37483e+06
1.36678e+08	0	2.37148e+06
1.36684e+08	0	2.36813e+06
1.36689e+08	0	2.36479e+06
1.36695e+08	0	2.36146e+06
1.367e+08	0	2.35813e+06
1.36706e+08	0	2.3548e+06
1.36711e+08	0	2.35148e+06
1.36717e+08	0	2.34817e+06
1.36722e+08	0	2.34485e+06
1.36728e+08	0	2.34155e+06
1.36733e+08	0	2.33824e+06
1.36739e+08	0	2.33495e+06
1.36744e+08	0	2.33165e+06
1.3675e+08	0	2.32837e+06
1.36755e+08	0	2.32508e+06
1.3676e+08	0	2.3218e+06
1.36766e+08	0	2.31853e+06
1.36771e+08	0	2.31526e+06
1.36777e+08	0	2.31199e+06
1.36782e+08	0	2.30873e+06
1.36787e+08	0	2.30548e+06
1.36793e+08	0	2.30222e+06
1.36798e+08	0	2.29898e+06
1.36804e+08	0	2.29573e+06
1.36809e+08	0	2.2925e+06
1.36814e+08	0	2.28926e+06
1.3682e+08	0	2.28603e+06
1.36825e+08	0	2.28281e+06
1.3683e+08	0	2.27959e+06
1.36836e+08	0	2.27638e+06
1.36841e+08	0	2.27317e+06
1.36846e+08	0	2.26996e+06
1.36852e+08	0	2.26676e+06
1.36857e+08	0	2.26356e+06
1.36862e+08	0	2.26037e+06
1.36867e+08	0	2.25718e+06
1.36873e+08	0	2.254e+06
1.36878e+08	0	2.25082e+06
1.36883e+08	0	2.24764e+06
1.36889e+08	0	2.24447e+06
1.36894e+08	0	2.24131e+06
1.36899e+08	0	2.23815e+06
1.36904e+08	0	2.23499e+06
1.3691e+08	0	2.23184e+06
1.36915e+08	0	2.22869e+06
1.3692e+08	0	2.22555e+06
1.36925e+08	0	2.22241e+06
1.3693e+08	0	2.21927e+06
1.36936e+08	0	2.21614e+06
1.36941e+08	0	2.21302e+06
1.36946e+08	0	2.20989e+06
1.36951e+08	0	2.20678e+06
1.36956e+08	0	2.20366e+06
1.36961e+08	0	2.20056e+06
1.36967e+08	0	2.19745e+06
1.36972e+08	0	2.19435e+06
1.36977e+08	0	2.19126e+06
1.36982e+08	0	2.18817e+06
1.36987e+08	0	2.18508e+06
1.36992e+08	0	2.182e+06
1.36997e+08	0	2.17892e+06
1.37003e+08	0	2.17585e+06
1.37008e+08	0	2.17278e+06
1.37013e+08	0	2.16971e+06
1.37018e+08	0	2.16665e+06
1.37023e+08	0	2.1636e+06
1.37028e+08	0	2.16055e+06
1.37033e+08	0	2.1575e+06
1.37038e+08	0	2.15446e+06
1.37043e+08	0	2.15142e+06
1.37048e+08	0	2.14838e+06
1.37053e+08	0	2.14535e+06
1.37058e+08	0	2.14233e+06
1.37063e+08	0	2.1393e+06
1.37068e+08	0	2.13629e+06
1.37073e+08	0	2.13327e+06
1.37078e+08	0	2.13026e+06
1.37083e+08	0	2.12726e+06
1.37088e+08	0	2.12426e+06
1.37093e+08	0	2.12126e+06
1.37098e+08	0	2.11827e+06
1.37103e+08	0	2.11528e+06
1.37108e+08	0	2.1123e+06
1.37113e+08	0	2.10932e+06
1.37118e+08	0	2.10634e+06
1.37123e+08	0	2.10337e+06
1.37128e+08	0	2.1004e+06
1.37133e+08	0	2.09744e+06
1.37138e+08	0	2.09448e+06
1.37143e+08	0	2.09153e+06
1.37148e+08	0	2.08858e+06
1.37153e+08	0	2.08563e+06
1.37157e+08	0	2.08269e+06
1.37162e+08	0	2.07975e+06
1.37167e+08	0	2.07682e+06
1.37172e+08	0	2.07389e+06
1.37177e+08	0	2.07096e+06
1.37182e+08	0	2.06804e+06
1.37187e+08	0	2.06512e+06
1.37192e+08	0	2.06221e+06
1.37196e+08	0	2.0593e+06
1.37201e+08	0	2.0564e+06
1.37206e+08	0	2.0535e+06
1.37211e+08	0	2.0506e+06
1.37216e+08	0	2.04771e+06
1.37221e+08	0	2.04482e+06
1.37225e+08	0	2.04193e+06
1.3723e+08	0	2.03905e+06
1.37235e+08	0	2.03618e+06
1.3724e+08	0	2.0333e+06
1.37245e+08	0	2.03044e+06
1.37249e+08	0	2.02757e+06
1.37254e+08	0	2.02471e+06
1.37259e+08	0	2.02185e+06
1.37264e+08	0	2.019e+06
1.37268e+08	0	2.01615e+06
1.37273e+08	0	2.01331e+06
1.37278e+08	0	2.01047e+06
1.37283e+08	0	2.00763e+06
1.37287e+08	0	2.0048e+06
1.37292e+08	0	2.00197e+06
1.37297e+08	0	1.99915e+06
1.37301e+08	0	1.99633e+06
1.37306e+08	0	1.99351e+06
1.37311e+08	0	1.9907e+06
1.37315e+08	0	1.98789e+06
1.3732e+08	0	1.98509e+06
1.37325e+08	0	1.98229e+06
1.37329e+08	0	1.97949e+06
1.37334e+08	0	1.9767e+06
1.37339e+08	0	1.97391e+06
1.37343e+08	0	1.97112e+06
1.37348e+08	0	1.96834e+06
1.37353e+08	0	1.96557e+06
1.37357e+08	0	1.96279e+06
1.37362e+08	0	1.96003e+06
1.37367e+08	0	1.95726e+06
1.37371e+08	0	1.9545e+06
1.37376e+08	0	1.95174e+06
1.3738e+08	0	1.94899e+06
1.37385e+08	0	1.94624e+06
1.3739e+08	0	1.94349e+06
1.37394e+08	0	1.94075e+06
1.37399e+08	0	1.93801e+06
1.37403e+08	0	1.93528e+06
1.37408e+08	0	1.93255e+06
1.37412e+08	0	1.92982e+06
1.37417e+08	0	1.9271e+06
1.37421e+08	0	1.92438e+06
1.37426e+08	0	1.92167e+06
1.37431e+08	0	1.91895e+06
1.37435e+08	0	1.91625e+06
1.3744e+08	0	1.91354e+06
1.37444e+08	0	1.91084e+06
1.37449e+08	0	1.90815e+06
1.37453e+08	0	1.90546e+06
1.37458e+08	0	1.90277e+06
1.37462e+08	0	1.90008e+06
1.37467e+08	0	1.8974e+06
1.37471e+08	0	1.89473e+06
1.37476e+08	0	1.89205e+06
1.3748e+08	0	1.88938e+06
1.37484e+08	0	1.88672e+06
1.37489e+08	0	1.88406e+06
1.37493e+08	0	1.8814e+06
1.37498e+08	0	1.87874e+06
1.37502e+08	0	1.87609e+06
1.37507e+08	0	1.87345e+06
1.37511e+08	0	1.8708e+06
1.37515e+08	0	1.86816e+06
1.3752e+08	0	1.86553e+06
1.37524e+08	0	1.86289e+06
1.37529e+08	0	1.86027e+06
1.37533e+08	0	1.85764e+06
1.37537e+08	0	1.85502e+06
1.37542e+08	0	1.8524e+06
1.37546e+08	0	1.84979e+06
1.37551e+08	0	1.84718e+06
1.37555e+08	0	1.84457e+06
1.37559e+08	0	1.84197e+06
1.37564e+08	0	1.83937e+06
