6.89476e+06	0
8.49986e+06	4.81531e+06
9.53699e+06	7.9267e+06
1.03733e+07	1.04356e+07
1.11083e+07	1.26406e+07
1.17752e+07	1.46414e+07
1.24071e+07	1.65369e+07
1.30039e+07	1.83274e+07
1.35657e+07	2.00128e+07
1.40924e+07	2.15929e+07
1.4584e+07	2.30676e+07
1.50735e+07	2.45361e+07
1.55609e+07	2.59984e+07
1.60131e+07	2.73552e+07
1.64302e+07	2.86063e+07
1.68451e+07	2.98512e+07
1.7258e+07	3.10899e+07
1.76357e+07	3.22228e+07
1.80113e+07	3.33497e+07
1.8385e+07	3.44706e+07
1.87234e+07	3.54858e+07
1.90598e+07	3.64951e+07
1.93943e+07	3.74986e+07
1.97269e+07	3.84966e+07
2.00244e+07	3.93889e+07
2.032e+07	4.02757e+07
2.05804e+07	4.1057e+07
2.08725e+07	4.19333e+07
2.11295e+07	4.27042e+07
2.13848e+07	4.347e+07
2.16384e+07	4.4231e+07
2.1857e+07	4.48867e+07
2.2074e+07	4.55378e+07
2.2323e+07	4.62849e+07
2.25035e+07	4.68264e+07
2.27162e+07	4.74642e+07
2.29274e+07	4.80979e+07
2.31037e+07	4.86269e+07
2.32787e+07	4.91519e+07
2.34525e+07	4.96732e+07
2.3625e+07	5.01908e+07
2.37964e+07	5.07048e+07
2.3933e+07	5.11146e+07
2.40684e+07	5.1521e+07
2.42365e+07	5.20253e+07
2.43699e+07	5.24255e+07
2.44687e+07	5.27217e+07
2.46002e+07	5.31162e+07
2.47307e+07	5.3508e+07
2.48268e+07	5.3796e+07
2.49557e+07	5.41827e+07
2.50501e+07	5.44659e+07
2.51437e+07	5.47468e+07
2.52366e+07	5.50256e+07
2.53288e+07	5.53023e+07
2.53867e+07	5.54757e+07
2.54776e+07	5.57487e+07
2.55342e+07	5.59184e+07
2.56241e+07	5.6188e+07
2.56796e+07	5.63546e+07
2.57347e+07	5.65197e+07
2.57893e+07	5.66835e+07
2.58434e+07	5.6846e+07
2.58972e+07	5.70073e+07
2.59506e+07	5.71674e+07
2.60036e+07	5.73265e+07
2.60225e+07	5.73833e+07
2.6075e+07	5.75406e+07
2.60933e+07	5.75957e+07
2.61114e+07	5.76499e+07
2.61631e+07	5.78051e+07
2.61808e+07	5.78583e+07
2.61984e+07	5.79109e+07
2.62158e+07	5.79631e+07
2.6233e+07	5.80149e+07
2.62502e+07	5.80663e+07
2.62334e+07	5.8016e+07
2.62505e+07	5.80671e+07
2.62675e+07	5.81181e+07
2.62505e+07	5.80674e+07
2.62675e+07	5.81183e+07
2.62506e+07	5.80676e+07
2.62676e+07	5.81187e+07
2.62508e+07	5.80683e+07
2.62341e+07	5.8018e+07
2.62513e+07	5.80696e+07
2.62348e+07	5.802e+07
2.62183e+07	5.79707e+07
2.6202e+07	5.79218e+07
2.61858e+07	5.78733e+07
2.61698e+07	5.78252e+07
2.6154e+07	5.77776e+07
2.61383e+07	5.77305e+07
2.60889e+07	5.75825e+07
2.60737e+07	5.75367e+07
2.60586e+07	5.74915e+07
2.60099e+07	5.73454e+07
2.59953e+07	5.73016e+07
2.59809e+07	5.72584e+07
2.5933e+07	5.71146e+07
2.59191e+07	5.7073e+07
2.58717e+07	5.69308e+07
2.58583e+07	5.68908e+07
2.58115e+07	5.67504e+07
2.5765e+07	5.66107e+07
2.57525e+07	5.65733e+07
2.57066e+07	5.64357e+07
2.56611e+07	5.62989e+07
2.56158e+07	5.6163e+07
2.55708e+07	5.60281e+07
2.556e+07	5.59956e+07
2.55157e+07	5.58628e+07
2.54718e+07	5.57311e+07
2.54282e+07	5.56004e+07
2.5385e+07	5.54708e+07
2.53422e+07	5.53422e+07
2.52997e+07	5.52147e+07
2.52575e+07	5.50883e+07
2.5182e+07	5.48618e+07
2.51407e+07	5.47378e+07
2.50997e+07	5.46149e+07
2.50591e+07	5.44932e+07
2.50189e+07	5.43725e+07
2.4979e+07	5.42528e+07
2.49059e+07	5.40334e+07
2.48669e+07	5.39164e+07
2.48282e+07	5.38004e+07
2.47562e+07	5.35843e+07
2.47184e+07	5.3471e+07
2.46809e+07	5.33586e+07
2.46101e+07	5.31462e+07
2.45736e+07	5.30364e+07
2.45373e+07	5.29275e+07
2.44678e+07	5.2719e+07
2.44323e+07	5.26127e+07
2.43636e+07	5.24065e+07
2.4329e+07	5.23027e+07
2.42611e+07	5.2099e+07
2.42273e+07	5.19976e+07
2.41602e+07	5.17964e+07
2.41272e+07	5.16974e+07
2.4061e+07	5.14987e+07
2.40287e+07	5.1402e+07
2.39634e+07	5.1206e+07
2.38983e+07	5.10106e+07
2.38674e+07	5.0918e+07
2.38032e+07	5.07254e+07
2.3773e+07	5.06346e+07
2.37097e+07	5.04449e+07
2.36467e+07	5.02559e+07
2.36177e+07	5.01688e+07
2.35557e+07	4.99827e+07
2.34939e+07	4.97974e+07
2.34324e+07	4.96129e+07
2.34052e+07	4.95313e+07
2.33447e+07	4.93497e+07
2.32844e+07	4.91691e+07
2.32582e+07	4.90903e+07
2.3199e+07	4.89127e+07
2.314e+07	4.87359e+07
2.30814e+07	4.856e+07
2.30231e+07	4.8385e+07
2.2999e+07	4.83128e+07
2.29417e+07	4.81408e+07
2.28847e+07	4.79698e+07
2.2828e+07	4.77997e+07
2.27716e+07	4.76305e+07
2.27494e+07	4.75638e+07
2.2694e+07	4.73977e+07
2.26389e+07	4.72325e+07
2.25842e+07	4.70683e+07
2.25298e+07	4.6905e+07
2.24756e+07	4.67426e+07
2.24555e+07	4.66821e+07
2.24024e+07	4.65228e+07
2.23496e+07	4.63645e+07
2.22971e+07	4.62071e+07
2.2245e+07	4.60507e+07
2.21932e+07	4.58952e+07
2.21416e+07	4.57407e+07
2.20904e+07	4.55871e+07
2.20396e+07	4.54344e+07
2.1989e+07	4.52827e+07
2.19726e+07	4.52334e+07
2.1923e+07	4.50848e+07
2.18738e+07	4.49371e+07
2.18249e+07	4.47904e+07
2.17763e+07	4.46446e+07
2.1728e+07	4.44997e+07
2.168e+07	4.43558e+07
2.16324e+07	4.42128e+07
2.1585e+07	4.40707e+07
2.1538e+07	4.39296e+07
2.14912e+07	4.37894e+07
2.14448e+07	4.36501e+07
2.13987e+07	4.35118e+07
2.13529e+07	4.33743e+07
2.13074e+07	4.32378e+07
2.12622e+07	4.31022e+07
2.12173e+07	4.29676e+07
2.11727e+07	4.28338e+07
2.11284e+07	4.27009e+07
2.10844e+07	4.25689e+07
2.10407e+07	4.24379e+07
2.09973e+07	4.23077e+07
2.09542e+07	4.21784e+07
2.09114e+07	4.205e+07
2.08689e+07	4.19224e+07
2.08267e+07	4.17958e+07
2.07848e+07	4.167e+07
2.07431e+07	4.15451e+07
2.07018e+07	4.14211e+07
2.06607e+07	4.12979e+07
2.06199e+07	4.11756e+07
2.05795e+07	4.10541e+07
2.05392e+07	4.09335e+07
2.04993e+07	4.08137e+07
2.04597e+07	4.06947e+07
2.04203e+07	4.05766e+07
2.03812e+07	4.04593e+07
2.03424e+07	4.03428e+07
2.03038e+07	4.02272e+07
2.02655e+07	4.01123e+07
2.02275e+07	3.99983e+07
2.01898e+07	3.98851e+07
2.01523e+07	3.97726e+07
2.01151e+07	3.9661e+07
2.00781e+07	3.95502e+07
2.00415e+07	3.94401e+07
2.0005e+07	3.93308e+07
1.99688e+07	3.92223e+07
1.99329e+07	3.91145e+07
1.98973e+07	3.90075e+07
1.98618e+07	3.89013e+07
1.98267e+07	3.87958e+07
1.97918e+07	3.8691e+07
1.97571e+07	3.8587e+07
1.97227e+07	3.84838e+07
1.96885e+07	3.83812e+07
1.96546e+07	3.82794e+07
1.96209e+07	3.81783e+07
1.95874e+07	3.8078e+07
1.95542e+07	3.79783e+07
1.95212e+07	3.78794e+07
1.94885e+07	3.77811e+07
1.94559e+07	3.76835e+07
1.94236e+07	3.75867e+07
1.93916e+07	3.74905e+07
1.93597e+07	3.7395e+07
1.93281e+07	3.73001e+07
1.92968e+07	3.7206e+07
1.92656e+07	3.71125e+07
1.92346e+07	3.70197e+07
1.92039e+07	3.69275e+07
1.91734e+07	3.68359e+07
1.91431e+07	3.67451e+07
1.9113e+07	3.66548e+07
1.90832e+07	3.65652e+07
1.90535e+07	3.64762e+07
1.90241e+07	3.63879e+07
1.89948e+07	3.63002e+07
1.89658e+07	3.6213e+07
1.89369e+07	3.61265e+07
1.89083e+07	3.60407e+07
1.88799e+07	3.59554e+07
1.88517e+07	3.58707e+07
1.88236e+07	3.57866e+07
1.87958e+07	3.57031e+07
1.87681e+07	3.56202e+07
1.87407e+07	3.55378e+07
1.87134e+07	3.5456e+07
1.86864e+07	3.53749e+07
1.86595e+07	3.52942e+07
1.86328e+07	3.52142e+07
1.86063e+07	3.51347e+07
1.858e+07	3.50557e+07
1.85539e+07	3.49773e+07
1.85279e+07	3.48994e+07
1.85021e+07	3.48221e+07
1.84765e+07	3.47453e+07
1.84511e+07	3.46691e+07
1.84259e+07	3.45934e+07
1.84008e+07	3.45182e+07
1.83759e+07	3.44435e+07
1.83512e+07	3.43693e+07
1.83267e+07	3.42957e+07
1.83023e+07	3.42226e+07
1.82781e+07	3.41499e+07
1.8254e+07	3.40778e+07
1.82301e+07	3.40062e+07
1.82064e+07	3.3935e+07
1.81829e+07	3.38644e+07
1.81595e+07	3.37942e+07
1.81363e+07	3.37245e+07
1.81132e+07	3.36553e+07
1.80903e+07	3.35866e+07
1.80675e+07	3.35183e+07
1.80449e+07	3.34505e+07
1.80225e+07	3.33832e+07
1.80002e+07	3.33163e+07
1.79781e+07	3.32499e+07
1.79561e+07	3.3184e+07
1.79342e+07	3.31184e+07
1.79125e+07	3.30534e+07
1.7891e+07	3.29887e+07
1.78696e+07	3.29246e+07
1.78484e+07	3.28608e+07
1.78273e+07	3.27975e+07
1.78063e+07	3.27346e+07
1.77855e+07	3.26721e+07
1.77648e+07	3.26101e+07
1.77442e+07	3.25485e+07
1.77238e+07	3.24873e+07
1.77036e+07	3.24265e+07
1.76835e+07	3.23661e+07
1.76635e+07	3.23061e+07
1.76436e+07	3.22465e+07
1.76239e+07	3.21874e+07
1.76043e+07	3.21286e+07
1.75848e+07	3.20702e+07
1.75655e+07	3.20122e+07
1.75463e+07	3.19546e+07
1.75272e+07	3.18974e+07
1.75083e+07	3.18406e+07
1.74895e+07	3.17841e+07
1.74708e+07	3.17281e+07
1.74522e+07	3.16724e+07
1.74338e+07	3.1617e+07
1.74155e+07	3.15621e+07
1.73973e+07	3.15075e+07
1.73792e+07	3.14533e+07
1.73612e+07	3.13994e+07
1.73434e+07	3.13459e+07
1.73257e+07	3.12927e+07
1.73081e+07	3.12399e+07
1.72906e+07	3.11875e+07
1.72732e+07	3.11354e+07
1.7256e+07	3.10836e+07
1.72388e+07	3.10322e+07
1.72218e+07	3.09811e+07
1.72049e+07	3.09304e+07
1.71881e+07	3.088e+07
1.71714e+07	3.08299e+07
1.71548e+07	3.07802e+07
1.71383e+07	3.07307e+07
1.7122e+07	3.06817e+07
1.71057e+07	3.06329e+07
1.70896e+07	3.05844e+07
1.70735e+07	3.05363e+07
1.70576e+07	3.04885e+07
1.70418e+07	3.0441e+07
1.7026e+07	3.03938e+07
1.70104e+07	3.03469e+07
1.69949e+07	3.03004e+07
1.69795e+07	3.02541e+07
1.69641e+07	3.02082e+07
1.69489e+07	3.01625e+07
1.69338e+07	3.01171e+07
1.69188e+07	3.00721e+07
1.69039e+07	3.00273e+07
1.6889e+07	2.99828e+07
1.68743e+07	2.99386e+07
1.68597e+07	2.98947e+07
1.68451e+07	2.98511e+07
1.68307e+07	2.98078e+07
1.68163e+07	2.97647e+07
1.68021e+07	2.9722e+07
1.67879e+07	2.96795e+07
1.67738e+07	2.96373e+07
1.67599e+07	2.95953e+07
1.6746e+07	2.95537e+07
1.67322e+07	2.95123e+07
1.67185e+07	2.94711e+07
1.67048e+07	2.94303e+07
1.66913e+07	2.93897e+07
1.66779e+07	2.93494e+07
1.66645e+07	2.93093e+07
1.66512e+07	2.92695e+07
1.66381e+07	2.92299e+07
1.6625e+07	2.91906e+07
1.66119e+07	2.91516e+07
1.6599e+07	2.91128e+07
1.65862e+07	2.90742e+07
1.65734e+07	2.9036e+07
1.65607e+07	2.89979e+07
1.65481e+07	2.89601e+07
1.65356e+07	2.89226e+07
1.65232e+07	2.88853e+07
1.65108e+07	2.88482e+07
1.64985e+07	2.88114e+07
1.64863e+07	2.87748e+07
1.64742e+07	2.87384e+07
1.64622e+07	2.87023e+07
1.64502e+07	2.86664e+07
1.64383e+07	2.86308e+07
1.64265e+07	2.85953e+07
1.64148e+07	2.85601e+07
1.64031e+07	2.85252e+07
1.63916e+07	2.84904e+07
1.63801e+07	2.84559e+07
1.63686e+07	2.84216e+07
1.63573e+07	2.83875e+07
1.6346e+07	2.83537e+07
1.63348e+07	2.83201e+07
1.63236e+07	2.82866e+07
1.63126e+07	2.82534e+07
1.63016e+07	2.82204e+07
1.62906e+07	2.81877e+07
1.62798e+07	2.81551e+07
1.6269e+07	2.81227e+07
1.62583e+07	2.80906e+07
1.62476e+07	2.80587e+07
1.62371e+07	2.80269e+07
1.62266e+07	2.79954e+07
1.62161e+07	2.79641e+07
1.62057e+07	2.79329e+07
1.61954e+07	2.7902e+07
1.61852e+07	2.78713e+07
1.6175e+07	2.78408e+07
1.61649e+07	2.78104e+07
1.61549e+07	2.77803e+07
1.61449e+07	2.77504e+07
1.6135e+07	2.77206e+07
1.61251e+07	2.76911e+07
1.61153e+07	2.76617e+07
1.61056e+07	2.76326e+07
1.60959e+07	2.76036e+07
1.60864e+07	2.75748e+07
1.60768e+07	2.75462e+07
1.60673e+07	2.75178e+07
1.60579e+07	2.74895e+07
1.60486e+07	2.74615e+07
1.60393e+07	2.74336e+07
1.60301e+07	2.74059e+07
1.60209e+07	2.73784e+07
1.60118e+07	2.7351e+07
1.60027e+07	2.73239e+07
1.59937e+07	2.72969e+07
1.59848e+07	2.72701e+07
1.59759e+07	2.72435e+07
1.59671e+07	2.7217e+07
1.59583e+07	2.71907e+07
1.59496e+07	2.71646e+07
1.5941e+07	2.71387e+07
1.59324e+07	2.71129e+07
1.59239e+07	2.70873e+07
1.59154e+07	2.70619e+07
1.5907e+07	2.70366e+07
1.58986e+07	2.70115e+07
1.58903e+07	2.69865e+07
1.5882e+07	2.69617e+07
1.58738e+07	2.69371e+07
1.58656e+07	2.69127e+07
1.58575e+07	2.68884e+07
1.58495e+07	2.68642e+07
1.58415e+07	2.68403e+07
1.58336e+07	2.68164e+07
1.58257e+07	2.67928e+07
1.58178e+07	2.67693e+07
1.58101e+07	2.67459e+07
1.58023e+07	2.67227e+07
1.57946e+07	2.66997e+07
1.5787e+07	2.66768e+07
1.57794e+07	2.6654e+07
1.57719e+07	2.66314e+07
1.57644e+07	2.6609e+07
1.5757e+07	2.65867e+07
1.57496e+07	2.65645e+07
1.57423e+07	2.65425e+07
1.5735e+07	2.65207e+07
1.57277e+07	2.6499e+07
1.57206e+07	2.64774e+07
1.57134e+07	2.6456e+07
1.57063e+07	2.64347e+07
1.56993e+07	2.64135e+07
1.56923e+07	2.63926e+07
1.56853e+07	2.63717e+07
1.56784e+07	2.6351e+07
1.56716e+07	2.63304e+07
1.56647e+07	2.631e+07
1.5658e+07	2.62897e+07
1.56513e+07	2.62695e+07
1.56446e+07	2.62495e+07
1.56379e+07	2.62296e+07
1.56314e+07	2.62098e+07
1.56248e+07	2.61902e+07
1.56183e+07	2.61707e+07
1.56119e+07	2.61513e+07
1.56055e+07	2.61321e+07
1.55991e+07	2.6113e+07
1.55928e+07	2.6094e+07
1.55865e+07	2.60752e+07
1.55802e+07	2.60565e+07
1.5574e+07	2.60379e+07
1.55679e+07	2.60194e+07
1.55618e+07	2.60011e+07
1.55557e+07	2.59829e+07
1.55497e+07	2.59648e+07
1.55437e+07	2.59468e+07
1.55378e+07	2.5929e+07
1.55318e+07	2.59113e+07
1.5526e+07	2.58937e+07
1.55202e+07	2.58762e+07
1.55144e+07	2.58589e+07
1.55086e+07	2.58416e+07
1.55029e+07	2.58245e+07
1.54973e+07	2.58075e+07
1.54916e+07	2.57907e+07
1.54861e+07	2.57739e+07
1.54805e+07	2.57573e+07
1.5475e+07	2.57408e+07
1.54695e+07	2.57244e+07
1.54641e+07	2.57081e+07
1.54587e+07	2.56919e+07
1.54534e+07	2.56758e+07
1.54481e+07	2.56599e+07
1.54428e+07	2.56441e+07
1.54375e+07	2.56283e+07
1.54323e+07	2.56127e+07
1.54272e+07	2.55972e+07
1.5422e+07	2.55818e+07
1.54169e+07	2.55666e+07
1.54119e+07	2.55514e+07
1.54069e+07	2.55363e+07
1.54019e+07	2.55214e+07
1.53969e+07	2.55065e+07
1.5392e+07	2.54918e+07
1.53871e+07	2.54772e+07
1.53823e+07	2.54626e+07
1.53775e+07	2.54482e+07
1.53727e+07	2.54339e+07
1.5368e+07	2.54197e+07
1.53633e+07	2.54056e+07
1.53586e+07	2.53916e+07
1.5354e+07	2.53777e+07
1.53494e+07	2.53639e+07
1.53448e+07	2.53502e+07
1.53403e+07	2.53366e+07
1.53358e+07	2.53231e+07
1.53313e+07	2.53097e+07
1.53269e+07	2.52964e+07
1.53225e+07	2.52832e+07
1.53181e+07	2.52701e+07
1.53138e+07	2.52571e+07
1.53095e+07	2.52442e+07
1.53052e+07	2.52313e+07
1.5301e+07	2.52186e+07
1.52968e+07	2.5206e+07
1.52926e+07	2.51935e+07
1.52884e+07	2.51811e+07
1.52843e+07	2.51687e+07
1.52803e+07	2.51565e+07
1.52762e+07	2.51443e+07
1.52722e+07	2.51323e+07
1.52682e+07	2.51203e+07
1.52642e+07	2.51085e+07
1.52603e+07	2.50967e+07
1.52564e+07	2.5085e+07
1.52526e+07	2.50734e+07
1.52487e+07	2.50619e+07
1.52449e+07	2.50505e+07
1.52411e+07	2.50392e+07
1.52374e+07	2.50279e+07
1.52337e+07	2.50168e+07
1.523e+07	2.50057e+07
1.52263e+07	2.49948e+07
1.52227e+07	2.49839e+07
1.52191e+07	2.49731e+07
1.52155e+07	2.49624e+07
1.5212e+07	2.49517e+07
1.52085e+07	2.49412e+07
1.5205e+07	2.49308e+07
1.52016e+07	2.49204e+07
1.51981e+07	2.49101e+07
1.51947e+07	2.48999e+07
1.51913e+07	2.48898e+07
1.5188e+07	2.48797e+07
1.51847e+07	2.48698e+07
1.51814e+07	2.48599e+07
1.51781e+07	2.48501e+07
1.51749e+07	2.48404e+07
1.51717e+07	2.48308e+07
1.51685e+07	2.48212e+07
1.51653e+07	2.48118e+07
1.51622e+07	2.48024e+07
1.51591e+07	2.47931e+07
1.5156e+07	2.47838e+07
1.5153e+07	2.47747e+07
1.515e+07	2.47656e+07
1.5147e+07	2.47566e+07
1.5144e+07	2.47477e+07
1.5141e+07	2.47389e+07
1.51381e+07	2.47301e+07
1.51352e+07	2.47214e+07
1.51324e+07	2.47128e+07
1.51295e+07	2.47043e+07
1.51267e+07	2.46958e+07
1.51239e+07	2.46874e+07
1.51211e+07	2.46791e+07
1.51184e+07	2.46709e+07
1.51157e+07	2.46627e+07
1.5113e+07	2.46546e+07
1.51103e+07	2.46466e+07
1.51076e+07	2.46386e+07
1.5105e+07	2.46308e+07
1.51024e+07	2.46229e+07
1.50998e+07	2.46152e+07
1.50973e+07	2.46076e+07
1.50947e+07	2.46e+07
1.50922e+07	2.45924e+07
1.50898e+07	2.4585e+07
1.50873e+07	2.45776e+07
1.50849e+07	2.45703e+07
1.50824e+07	2.45631e+07
1.50801e+07	2.45559e+07
1.50777e+07	2.45488e+07
1.50753e+07	2.45417e+07
1.5073e+07	2.45348e+07
1.50707e+07	2.45279e+07
1.50684e+07	2.4521e+07
1.50662e+07	2.45143e+07
1.50639e+07	2.45076e+07
1.50617e+07	2.45009e+07
1.50595e+07	2.44944e+07
1.50574e+07	2.44879e+07
1.50552e+07	2.44814e+07
1.50531e+07	2.44751e+07
1.5051e+07	2.44687e+07
1.50489e+07	2.44625e+07
1.50469e+07	2.44563e+07
1.50448e+07	2.44502e+07
1.50428e+07	2.44441e+07
1.50408e+07	2.44381e+07
1.50388e+07	2.44322e+07
1.50369e+07	2.44264e+07
1.50349e+07	2.44205e+07
1.5033e+07	2.44148e+07
1.50311e+07	2.44091e+07
1.50293e+07	2.44035e+07
1.50274e+07	2.43979e+07
1.50256e+07	2.43924e+07
1.50238e+07	2.4387e+07
1.5022e+07	2.43816e+07
1.50202e+07	2.43763e+07
1.50184e+07	2.4371e+07
1.50167e+07	2.43658e+07
1.5015e+07	2.43607e+07
1.50133e+07	2.43556e+07
1.50116e+07	2.43506e+07
1.501e+07	2.43456e+07
1.50083e+07	2.43407e+07
1.50067e+07	2.43359e+07
1.50051e+07	2.43311e+07
1.50035e+07	2.43263e+07
1.5002e+07	2.43216e+07
1.50004e+07	2.4317e+07
1.49989e+07	2.43124e+07
1.49974e+07	2.43079e+07
1.49959e+07	2.43035e+07
1.49944e+07	2.42991e+07
1.4993e+07	2.42947e+07
1.49916e+07	2.42904e+07
1.49902e+07	2.42862e+07
1.49888e+07	2.4282e+07
1.49874e+07	2.42779e+07
1.4986e+07	2.42738e+07
1.49847e+07	2.42698e+07
1.49834e+07	2.42658e+07
1.4982e+07	2.42619e+07
1.49808e+07	2.4258e+07
1.49795e+07	2.42542e+07
1.49782e+07	2.42504e+07
1.4977e+07	2.42467e+07
1.49758e+07	2.4243e+07
1.49746e+07	2.42394e+07
1.49734e+07	2.42359e+07
1.49722e+07	2.42324e+07
1.49711e+07	2.42289e+07
1.49699e+07	2.42255e+07
1.49688e+07	2.42222e+07
1.49677e+07	2.42188e+07
1.49666e+07	2.42156e+07
1.49656e+07	2.42124e+07
1.49645e+07	2.42092e+07
1.49635e+07	2.42061e+07
1.49624e+07	2.42031e+07
1.49614e+07	2.42e+07
1.49604e+07	2.41971e+07
1.49595e+07	2.41942e+07
1.49585e+07	2.41913e+07
1.49576e+07	2.41885e+07
1.49567e+07	2.41857e+07
1.49557e+07	2.4183e+07
1.49548e+07	2.41803e+07
1.4954e+07	2.41776e+07
1.49531e+07	2.41751e+07
1.49523e+07	2.41725e+07
1.49514e+07	2.417e+07
1.49506e+07	2.41676e+07
1.49498e+07	2.41652e+07
1.4949e+07	2.41628e+07
1.49482e+07	2.41605e+07
1.49475e+07	2.41582e+07
1.49467e+07	2.4156e+07
1.4946e+07	2.41538e+07
1.49453e+07	2.41516e+07
1.49446e+07	2.41495e+07
1.49439e+07	2.41475e+07
1.49433e+07	2.41455e+07
1.49426e+07	2.41435e+07
1.4942e+07	2.41416e+07
1.49413e+07	2.41397e+07
1.49407e+07	2.41379e+07
1.49401e+07	2.41361e+07
1.49395e+07	2.41343e+07
1.4939e+07	2.41326e+07
1.49384e+07	2.41309e+07
1.49379e+07	2.41293e+07
1.49373e+07	2.41277e+07
1.49368e+07	2.41262e+07
1.49363e+07	2.41247e+07
1.49358e+07	2.41232e+07
1.49353e+07	2.41218e+07
1.49349e+07	2.41204e+07
1.49344e+07	2.4119e+07
1.4934e+07	2.41177e+07
1.49336e+07	2.41165e+07
1.49332e+07	2.41152e+07
1.49328e+07	2.4114e+07
1.49324e+07	2.41129e+07
1.4932e+07	2.41118e+07
1.49317e+07	2.41107e+07
1.49313e+07	2.41097e+07
1.4931e+07	2.41087e+07
1.49307e+07	2.41077e+07
1.49304e+07	2.41068e+07
1.49301e+07	2.41059e+07
1.49298e+07	2.41051e+07
1.49295e+07	2.41042e+07
1.49292e+07	2.41035e+07
1.4929e+07	2.41027e+07
1.49288e+07	2.4102e+07
1.49285e+07	2.41014e+07
1.49283e+07	2.41007e+07
1.49281e+07	2.41002e+07
1.4928e+07	2.40996e+07
1.49278e+07	2.40991e+07
1.49276e+07	2.40986e+07
1.49275e+07	2.40981e+07
1.49273e+07	2.40977e+07
1.49272e+07	2.40973e+07
1.49271e+07	2.4097e+07
1.4927e+07	2.40967e+07
1.49269e+07	2.40964e+07
1.49268e+07	2.40962e+07
1.49267e+07	2.4096e+07
1.49267e+07	2.40958e+07
1.49266e+07	2.40956e+07
1.49266e+07	2.40955e+07
1.49266e+07	2.40955e+07
1.49266e+07	2.40954e+07
1.49266e+07	2.40954e+07
1.49266e+07	2.40954e+07
1.49266e+07	2.40955e+07
1.49266e+07	2.40956e+07
1.49267e+07	2.40957e+07
1.49267e+07	2.40959e+07
1.49268e+07	2.4096e+07
1.49268e+07	2.40963e+07
1.49269e+07	2.40965e+07
1.4927e+07	2.40968e+07
1.49271e+07	2.40971e+07
1.49272e+07	2.40974e+07
1.49274e+07	2.40978e+07
1.49275e+07	2.40982e+07
1.49276e+07	2.40986e+07
1.49278e+07	2.40991e+07
1.4928e+07	2.40996e+07
1.49281e+07	2.41001e+07
1.49283e+07	2.41007e+07
1.49285e+07	2.41013e+07
1.49287e+07	2.41019e+07
1.49289e+07	2.41025e+07
1.49291e+07	2.41032e+07
1.49294e+07	2.41039e+07
1.49296e+07	2.41046e+07
1.49299e+07	2.41054e+07
1.49301e+07	2.41061e+07
1.49304e+07	2.4107e+07
1.49307e+07	2.41078e+07
1.4931e+07	2.41087e+07
1.49313e+07	2.41096e+07
1.49316e+07	2.41105e+07
1.49319e+07	2.41114e+07
1.49322e+07	2.41124e+07
1.49326e+07	2.41134e+07
1.49329e+07	2.41145e+07
1.49333e+07	2.41155e+07
1.49336e+07	2.41166e+07
1.4934e+07	2.41177e+07
1.49344e+07	2.41189e+07
1.49348e+07	2.412e+07
1.49352e+07	2.41212e+07
1.49356e+07	2.41224e+07
1.4936e+07	2.41237e+07
1.49364e+07	2.4125e+07
1.49368e+07	2.41263e+07
1.49373e+07	2.41276e+07
1.49377e+07	2.41289e+07
1.49382e+07	2.41303e+07
1.49387e+07	2.41317e+07
1.49391e+07	2.41331e+07
1.49396e+07	2.41346e+07
1.49401e+07	2.4136e+07
1.49406e+07	2.41375e+07
1.49411e+07	2.4139e+07
1.49416e+07	2.41406e+07
1.49421e+07	2.41422e+07
1.49427e+07	2.41437e+07
1.49432e+07	2.41454e+07
1.49438e+07	2.4147e+07
1.49443e+07	2.41487e+07
1.49449e+07	2.41503e+07
1.49454e+07	2.4152e+07
1.4946e+07	2.41538e+07
1.49466e+07	2.41555e+07
1.49472e+07	2.41573e+07
1.49478e+07	2.41591e+07
1.49484e+07	2.41609e+07
1.4949e+07	2.41628e+07
1.49496e+07	2.41646e+07
1.49503e+07	2.41665e+07
1.49509e+07	2.41684e+07
1.49515e+07	2.41704e+07
1.49522e+07	2.41723e+07
1.49529e+07	2.41743e+07
1.49535e+07	2.41763e+07
1.49542e+07	2.41783e+07
1.49549e+07	2.41803e+07
1.49556e+07	2.41824e+07
1.49563e+07	2.41845e+07
1.4957e+07	2.41866e+07
1.49577e+07	2.41887e+07
1.49584e+07	2.41908e+07
1.49591e+07	2.4193e+07
1.49598e+07	2.41952e+07
1.49606e+07	2.41974e+07
1.49613e+07	2.41996e+07
1.4962e+07	2.42019e+07
1.49628e+07	2.42041e+07
1.49636e+07	2.42064e+07
1.49643e+07	2.42087e+07
1.49651e+07	2.4211e+07
1.49659e+07	2.42134e+07
1.49667e+07	2.42157e+07
1.49675e+07	2.42181e+07
1.49683e+07	2.42205e+07
1.49691e+07	2.42229e+07
1.49699e+07	2.42253e+07
1.49707e+07	2.42278e+07
1.49715e+07	2.42303e+07
1.49723e+07	2.42327e+07
1.49732e+07	2.42352e+07
1.4974e+07	2.42378e+07
1.49749e+07	2.42403e+07
1.49757e+07	2.42429e+07
1.49766e+07	2.42454e+07
1.49774e+07	2.4248e+07
1.49783e+07	2.42507e+07
1.49792e+07	2.42533e+07
1.49801e+07	2.42559e+07
1.4981e+07	2.42586e+07
1.49818e+07	2.42613e+07
1.49827e+07	2.4264e+07
1.49836e+07	2.42667e+07
1.49846e+07	2.42694e+07
1.49855e+07	2.42722e+07
1.49864e+07	2.42749e+07
1.49873e+07	2.42777e+07
1.49883e+07	2.42805e+07
1.49892e+07	2.42833e+07
1.49901e+07	2.42861e+07
1.49911e+07	2.4289e+07
1.4992e+07	2.42918e+07
1.4993e+07	2.42947e+07
1.4994e+07	2.42976e+07
1.49949e+07	2.43005e+07
1.49959e+07	2.43034e+07
1.49969e+07	2.43063e+07
1.49979e+07	2.43093e+07
1.49988e+07	2.43123e+07
1.49998e+07	2.43152e+07
1.50008e+07	2.43182e+07
1.50018e+07	2.43212e+07
1.50028e+07	2.43243e+07
1.50039e+07	2.43273e+07
1.50049e+07	2.43304e+07
1.50059e+07	2.43334e+07
1.50069e+07	2.43365e+07
1.5008e+07	2.43396e+07
1.5009e+07	2.43427e+07
1.501e+07	2.43458e+07
1.50111e+07	2.4349e+07
1.50121e+07	2.43521e+07
1.50132e+07	2.43553e+07
1.50142e+07	2.43584e+07
1.50153e+07	2.43616e+07
1.50164e+07	2.43648e+07
1.50174e+07	2.4368e+07
1.50185e+07	2.43713e+07
1.50196e+07	2.43745e+07
1.50207e+07	2.43778e+07
1.50218e+07	2.4381e+07
1.50229e+07	2.43843e+07
1.5024e+07	2.43876e+07
1.50251e+07	2.43909e+07
1.50262e+07	2.43942e+07
1.50273e+07	2.43975e+07
1.50284e+07	2.44009e+07
1.50295e+07	2.44042e+07
1.50306e+07	2.44076e+07
1.50318e+07	2.4411e+07
1.50329e+07	2.44144e+07
1.5034e+07	2.44178e+07
1.50351e+07	2.44212e+07
1.50363e+07	2.44246e+07
1.50374e+07	2.4428e+07
1.50386e+07	2.44315e+07
1.50397e+07	2.44349e+07
1.50409e+07	2.44384e+07
1.5042e+07	2.44419e+07
1.50432e+07	2.44454e+07
1.50444e+07	2.44489e+07
1.50455e+07	2.44524e+07
1.50467e+07	2.44559e+07
1.50479e+07	2.44594e+07
1.50491e+07	2.4463e+07
1.50503e+07	2.44665e+07
1.50514e+07	2.44701e+07
1.50526e+07	2.44736e+07
1.50538e+07	2.44772e+07
1.5055e+07	2.44808e+07
1.50562e+07	2.44844e+07
1.50574e+07	2.4488e+07
1.50586e+07	2.44917e+07
1.50599e+07	2.44953e+07
1.50611e+07	2.44989e+07
1.50623e+07	2.45026e+07
1.50635e+07	2.45062e+07
1.50647e+07	2.45099e+07
1.5066e+07	2.45136e+07
1.50672e+07	2.45173e+07
1.50684e+07	2.4521e+07
1.50696e+07	2.45247e+07
1.50709e+07	2.45284e+07
1.50721e+07	2.45321e+07
1.50734e+07	2.45358e+07
1.50746e+07	2.45396e+07
1.50759e+07	2.45433e+07
1.50771e+07	2.45471e+07
1.50784e+07	2.45509e+07
1.50796e+07	2.45546e+07
1.50809e+07	2.45584e+07
1.50822e+07	2.45622e+07
1.50834e+07	2.4566e+07
1.50847e+07	2.45698e+07
1.5086e+07	2.45736e+07
1.50872e+07	2.45774e+07
1.50885e+07	2.45813e+07
1.50898e+07	2.45851e+07
1.50911e+07	2.4589e+07
1.50924e+07	2.45928e+07
1.50936e+07	2.45967e+07
1.50949e+07	2.46005e+07
1.50962e+07	2.46044e+07
1.50975e+07	2.46083e+07
1.50988e+07	2.46122e+07
1.51001e+07	2.46161e+07
1.51014e+07	2.462e+07
1.51027e+07	2.46239e+07
1.5104e+07	2.46278e+07
1.51053e+07	2.46317e+07
1.51066e+07	2.46357e+07
1.5108e+07	2.46396e+07
1.51093e+07	2.46436e+07
1.51106e+07	2.46475e+07
1.51119e+07	2.46515e+07
1.51132e+07	2.46554e+07
1.51146e+07	2.46594e+07
1.51159e+07	2.46634e+07
1.51172e+07	2.46674e+07
1.51185e+07	2.46713e+07
1.51199e+07	2.46753e+07
1.51212e+07	2.46793e+07
1.51225e+07	2.46833e+07
1.51239e+07	2.46874e+07
1.51252e+07	2.46914e+07
1.51266e+07	2.46954e+07
1.51279e+07	2.46994e+07
1.51292e+07	2.47035e+07
1.51306e+07	2.47075e+07
1.51319e+07	2.47116e+07
1.51333e+07	2.47156e+07
1.51346e+07	2.47197e+07
1.5136e+07	2.47237e+07
1.51374e+07	2.47278e+07
1.51387e+07	2.47319e+07
1.51401e+07	2.47359e+07
1.51414e+07	2.474e+07
1.51428e+07	2.47441e+07
1.51442e+07	2.47482e+07
1.51455e+07	2.47523e+07
1.51469e+07	2.47564e+07
1.51483e+07	2.47605e+07
1.51496e+07	2.47646e+07
1.5151e+07	2.47687e+07
1.51524e+07	2.47729e+07
1.51538e+07	2.4777e+07
1.51551e+07	2.47811e+07
1.51565e+07	2.47853e+07
1.51579e+07	2.47894e+07
1.51593e+07	2.47935e+07
1.51607e+07	2.47977e+07
1.5162e+07	2.48018e+07
1.51634e+07	2.4806e+07
1.51648e+07	2.48101e+07
1.51662e+07	2.48143e+07
1.51676e+07	2.48185e+07
1.5169e+07	2.48226e+07
1.51704e+07	2.48268e+07
1.51718e+07	2.4831e+07
1.51732e+07	2.48352e+07
1.51745e+07	2.48394e+07
1.51759e+07	2.48436e+07
1.51773e+07	2.48477e+07
1.51787e+07	2.48519e+07
1.51801e+07	2.48561e+07
1.51815e+07	2.48603e+07
1.51829e+07	2.48645e+07
1.51843e+07	2.48688e+07
1.51857e+07	2.4873e+07
1.51871e+07	2.48772e+07
1.51886e+07	2.48814e+07
1.519e+07	2.48856e+07
1.51914e+07	2.48898e+07
1.51928e+07	2.48941e+07
1.51942e+07	2.48983e+07
1.51956e+07	2.49025e+07
1.5197e+07	2.49068e+07
1.51984e+07	2.4911e+07
1.51998e+07	2.49152e+07
1.52012e+07	2.49195e+07
1.52027e+07	2.49237e+07
1.52041e+07	2.4928e+07
1.52055e+07	2.49322e+07
1.52069e+07	2.49365e+07
1.52083e+07	2.49407e+07
1.52098e+07	2.4945e+07
1.52112e+07	2.49492e+07
1.52126e+07	2.49535e+07
1.5214e+07	2.49578e+07
1.52154e+07	2.4962e+07
1.52169e+07	2.49663e+07
1.52183e+07	2.49706e+07
1.52197e+07	2.49748e+07
1.52211e+07	2.49791e+07
1.52226e+07	2.49834e+07
1.5224e+07	2.49877e+07
1.52254e+07	2.49919e+07
1.52268e+07	2.49962e+07
1.52283e+07	2.50005e+07
1.52297e+07	2.50048e+07
1.52311e+07	2.50091e+07
1.52325e+07	2.50133e+07
1.5234e+07	2.50176e+07
1.52354e+07	2.50219e+07
1.52368e+07	2.50262e+07
1.52383e+07	2.50305e+07
1.52397e+07	2.50348e+07
1.52411e+07	2.50391e+07
1.52426e+07	2.50434e+07
1.5244e+07	2.50477e+07
1.52454e+07	2.5052e+07
1.52469e+07	2.50563e+07
1.52483e+07	2.50606e+07
1.52497e+07	2.50649e+07
1.52512e+07	2.50692e+07
1.52526e+07	2.50735e+07
1.5254e+07	2.50778e+07
1.52555e+07	2.50821e+07
1.52569e+07	2.50864e+07
1.52583e+07	2.50907e+07
1.52598e+07	2.5095e+07
1.52612e+07	2.50993e+07
1.52626e+07	2.51036e+07
1.52641e+07	2.51079e+07
1.52655e+07	2.51122e+07
1.52669e+07	2.51165e+07
1.52684e+07	2.51209e+07
1.52698e+07	2.51252e+07
1.52712e+07	2.51295e+07
1.52727e+07	2.51338e+07
1.52741e+07	2.51381e+07
1.52756e+07	2.51424e+07
1.5277e+07	2.51467e+07
1.52784e+07	2.5151e+07
1.52799e+07	2.51553e+07
1.52813e+07	2.51597e+07
1.52827e+07	2.5164e+07
1.52842e+07	2.51683e+07
1.52856e+07	2.51726e+07
1.52871e+07	2.51769e+07
1.52885e+07	2.51812e+07
1.52899e+07	2.51855e+07
1.52914e+07	2.51898e+07
1.52928e+07	2.51941e+07
1.52942e+07	2.51985e+07
1.52957e+07	2.52028e+07
1.52971e+07	2.52071e+07
1.52986e+07	2.52114e+07
1.53e+07	2.52157e+07
1.53014e+07	2.522e+07
1.53029e+07	2.52243e+07
1.53043e+07	2.52286e+07
1.53057e+07	2.52329e+07
1.53072e+07	2.52372e+07
1.53086e+07	2.52415e+07
1.531e+07	2.52458e+07
1.53115e+07	2.52501e+07
1.53129e+07	2.52545e+07
1.53143e+07	2.52588e+07
1.53158e+07	2.52631e+07
1.53172e+07	2.52674e+07
1.53186e+07	2.52717e+07
1.53201e+07	2.5276e+07
1.53215e+07	2.52803e+07
1.53229e+07	2.52846e+07
1.53244e+07	2.52889e+07
1.53258e+07	2.52932e+07
1.53272e+07	2.52975e+07
1.53287e+07	2.53018e+07
1.53301e+07	2.5306e+07
1.53315e+07	2.53103e+07
1.5333e+07	2.53146e+07
1.53344e+07	2.53189e+07
1.53358e+07	2.53232e+07
1.53373e+07	2.53275e+07
1.53387e+07	2.53318e+07
1.53401e+07	2.53361e+07
1.53415e+07	2.53404e+07
1.5343e+07	2.53446e+07
1.53444e+07	2.53489e+07
1.53458e+07	2.53532e+07
1.53473e+07	2.53575e+07
1.53487e+07	2.53618e+07
1.53501e+07	2.5366e+07
1.53515e+07	2.53703e+07
1.5353e+07	2.53746e+07
1.53544e+07	2.53789e+07
1.53558e+07	2.53831e+07
1.53572e+07	2.53874e+07
1.53586e+07	2.53917e+07
1.53601e+07	2.53959e+07
1.53615e+07	2.54002e+07
1.53629e+07	2.54045e+07
1.53643e+07	2.54087e+07
1.53657e+07	2.5413e+07
1.53672e+07	2.54172e+07
1.53686e+07	2.54215e+07
1.537e+07	2.54257e+07
1.53714e+07	2.543e+07
1.53728e+07	2.54342e+07
1.53743e+07	2.54385e+07
1.53757e+07	2.54427e+07
1.53771e+07	2.5447e+07
1.53785e+07	2.54512e+07
1.53799e+07	2.54555e+07
1.53813e+07	2.54597e+07
1.53827e+07	2.54639e+07
1.53841e+07	2.54682e+07
1.53856e+07	2.54724e+07
1.5387e+07	2.54766e+07
1.53884e+07	2.54809e+07
1.53898e+07	2.54851e+07
1.53912e+07	2.54893e+07
1.53926e+07	2.54935e+07
1.5394e+07	2.54977e+07
1.53954e+07	2.5502e+07
1.53968e+07	2.55062e+07
1.53982e+07	2.55104e+07
1.53996e+07	2.55146e+07
1.5401e+07	2.55188e+07
1.54024e+07	2.5523e+07
1.54038e+07	2.55272e+07
1.54052e+07	2.55314e+07
1.54066e+07	2.55356e+07
1.5408e+07	2.55398e+07
1.54094e+07	2.5544e+07
1.54108e+07	2.55482e+07
1.54122e+07	2.55524e+07
1.54136e+07	2.55566e+07
1.5415e+07	2.55607e+07
1.54164e+07	2.55649e+07
1.54178e+07	2.55691e+07
1.54192e+07	2.55733e+07
1.54206e+07	2.55774e+07
1.5422e+07	2.55816e+07
1.54234e+07	2.55858e+07
1.54247e+07	2.55899e+07
1.54261e+07	2.55941e+07
1.54275e+07	2.55983e+07
1.54289e+07	2.56024e+07
1.54303e+07	2.56066e+07
1.54317e+07	2.56107e+07
1.54331e+07	2.56149e+07
1.54344e+07	2.5619e+07
1.54358e+07	2.56232e+07
1.54372e+07	2.56273e+07
1.54386e+07	2.56314e+07
1.544e+07	2.56356e+07
1.54413e+07	2.56397e+07
1.54427e+07	2.56438e+07
1.54441e+07	2.5648e+07
1.54455e+07	2.56521e+07
1.54468e+07	2.56562e+07
1.54482e+07	2.56603e+07
1.54496e+07	2.56644e+07
1.54509e+07	2.56685e+07
1.54523e+07	2.56727e+07
1.54537e+07	2.56768e+07
1.5455e+07	2.56809e+07
1.54564e+07	2.5685e+07
1.54578e+07	2.56891e+07
1.54591e+07	2.56931e+07
1.54605e+07	2.56972e+07
1.54619e+07	2.57013e+07
1.54632e+07	2.57054e+07
1.54646e+07	2.57095e+07
1.54659e+07	2.57136e+07
1.54673e+07	2.57176e+07
1.54687e+07	2.57217e+07
1.547e+07	2.57258e+07
1.54714e+07	2.57298e+07
1.54727e+07	2.57339e+07
1.54741e+07	2.5738e+07
1.54754e+07	2.5742e+07
1.54768e+07	2.57461e+07
1.54781e+07	2.57501e+07
1.54795e+07	2.57541e+07
1.54808e+07	2.57582e+07
1.54822e+07	2.57622e+07
1.54835e+07	2.57663e+07
1.54849e+07	2.57703e+07
1.54862e+07	2.57743e+07
1.54875e+07	2.57783e+07
1.54889e+07	2.57824e+07
1.54902e+07	2.57864e+07
1.54916e+07	2.57904e+07
1.54929e+07	2.57944e+07
1.54942e+07	2.57984e+07
1.54956e+07	2.58024e+07
1.54969e+07	2.58064e+07
1.54982e+07	2.58104e+07
1.54996e+07	2.58144e+07
1.55009e+07	2.58184e+07
1.55022e+07	2.58224e+07
1.55035e+07	2.58264e+07
1.55049e+07	2.58303e+07
1.55062e+07	2.58343e+07
1.55075e+07	2.58383e+07
1.55088e+07	2.58423e+07
1.55102e+07	2.58462e+07
1.55115e+07	2.58502e+07
1.55128e+07	2.58541e+07
1.55141e+07	2.58581e+07
1.55154e+07	2.5862e+07
1.55168e+07	2.5866e+07
1.55181e+07	2.58699e+07
1.55194e+07	2.58739e+07
1.55207e+07	2.58778e+07
1.5522e+07	2.58817e+07
1.55233e+07	2.58857e+07
1.55246e+07	2.58896e+07
1.55259e+07	2.58935e+07
1.55272e+07	2.58974e+07
1.55285e+07	2.59013e+07
1.55298e+07	2.59052e+07
1.55311e+07	2.59092e+07
1.55324e+07	2.59131e+07
1.55337e+07	2.5917e+07
1.5535e+07	2.59208e+07
1.55363e+07	2.59247e+07
1.55376e+07	2.59286e+07
1.55389e+07	2.59325e+07
1.55402e+07	2.59364e+07
1.55415e+07	2.59403e+07
1.55428e+07	2.59441e+07
1.55441e+07	2.5948e+07
1.55454e+07	2.59519e+07
1.55467e+07	2.59557e+07
1.55479e+07	2.59596e+07
1.55492e+07	2.59634e+07
1.55505e+07	2.59673e+07
1.55518e+07	2.59711e+07
1.55531e+07	2.5975e+07
1.55544e+07	2.59788e+07
1.55556e+07	2.59826e+07
1.55569e+07	2.59865e+07
1.55582e+07	2.59903e+07
1.55595e+07	2.59941e+07
1.55607e+07	2.59979e+07
1.5562e+07	2.60017e+07
1.55633e+07	2.60055e+07
1.55645e+07	2.60094e+07
1.55658e+07	2.60132e+07
1.55671e+07	2.60169e+07
1.55683e+07	2.60207e+07
1.55696e+07	2.60245e+07
1.55709e+07	2.60283e+07
1.55721e+07	2.60321e+07
1.55734e+07	2.60359e+07
1.55746e+07	2.60396e+07
1.55759e+07	2.60434e+07
1.55772e+07	2.60472e+07
1.55784e+07	2.60509e+07
1.55797e+07	2.60547e+07
1.55809e+07	2.60585e+07
1.55822e+07	2.60622e+07
1.55834e+07	2.60659e+07
1.55847e+07	2.60697e+07
1.55859e+07	2.60734e+07
1.55871e+07	2.60772e+07
1.55884e+07	2.60809e+07
1.55896e+07	2.60846e+07
1.55909e+07	2.60883e+07
1.55921e+07	2.6092e+07
1.55933e+07	2.60958e+07
1.55946e+07	2.60995e+07
1.55958e+07	2.61032e+07
1.5597e+07	2.61069e+07
1.55983e+07	2.61106e+07
1.55995e+07	2.61143e+07
1.56007e+07	2.61179e+07
1.5602e+07	2.61216e+07
1.56032e+07	2.61253e+07
1.56044e+07	2.6129e+07
1.56056e+07	2.61327e+07
1.56069e+07	2.61363e+07
1.56081e+07	2.614e+07
1.56093e+07	2.61436e+07
1.56105e+07	2.61473e+07
1.56117e+07	2.61509e+07
1.5613e+07	2.61546e+07
1.56142e+07	2.61582e+07
1.56154e+07	2.61619e+07
1.56166e+07	2.61655e+07
1.56178e+07	2.61691e+07
1.5619e+07	2.61728e+07
1.56202e+07	2.61764e+07
1.56214e+07	2.618e+07
1.56226e+07	2.61836e+07
1.56238e+07	2.61872e+07
1.5625e+07	2.61908e+07
1.56262e+07	2.61944e+07
1.56274e+07	2.6198e+07
1.56286e+07	2.62016e+07
1.56298e+07	2.62052e+07
1.5631e+07	2.62088e+07
1.56322e+07	2.62124e+07
1.56334e+07	2.62159e+07
1.56346e+07	2.62195e+07
1.56358e+07	2.62231e+07
1.5637e+07	2.62266e+07
1.56382e+07	2.62302e+07
1.56393e+07	2.62337e+07
1.56405e+07	2.62373e+07
1.56417e+07	2.62408e+07
1.56429e+07	2.62444e+07
1.56441e+07	2.62479e+07
1.56452e+07	2.62514e+07
1.56464e+07	2.6255e+07
1.56476e+07	2.62585e+07
1.56488e+07	2.6262e+07
1.56499e+07	2.62655e+07
1.56511e+07	2.6269e+07
1.56523e+07	2.62725e+07
1.56534e+07	2.62761e+07
1.56546e+07	2.62795e+07
1.56558e+07	2.6283e+07
1.56569e+07	2.62865e+07
1.56581e+07	2.629e+07
1.56593e+07	2.62935e+07
1.56604e+07	2.6297e+07
1.56616e+07	2.63004e+07
1.56627e+07	2.63039e+07
1.56639e+07	2.63074e+07
1.5665e+07	2.63108e+07
1.56662e+07	2.63143e+07
1.56673e+07	2.63177e+07
1.56685e+07	2.63212e+07
1.56696e+07	2.63246e+07
1.56708e+07	2.63281e+07
1.56719e+07	2.63315e+07
1.56731e+07	2.63349e+07
1.56742e+07	2.63384e+07
1.56754e+07	2.63418e+07
1.56765e+07	2.63452e+07
1.56776e+07	2.63486e+07
1.56788e+07	2.6352e+07
1.56799e+07	2.63554e+07
1.5681e+07	2.63588e+07
1.56822e+07	2.63622e+07
1.56833e+07	2.63656e+07
1.56844e+07	2.6369e+07
1.56856e+07	2.63724e+07
1.56867e+07	2.63758e+07
1.56878e+07	2.63791e+07
1.56889e+07	2.63825e+07
1.569e+07	2.63859e+07
1.56912e+07	2.63892e+07
1.56923e+07	2.63926e+07
1.56934e+07	2.63959e+07
1.56945e+07	2.63993e+07
1.56956e+07	2.64026e+07
1.56967e+07	2.6406e+07
1.56979e+07	2.64093e+07
1.5699e+07	2.64126e+07
1.57001e+07	2.6416e+07
1.57012e+07	2.64193e+07
1.57023e+07	2.64226e+07
1.57034e+07	2.64259e+07
1.57045e+07	2.64292e+07
1.57056e+07	2.64325e+07
1.57067e+07	2.64358e+07
1.57078e+07	2.64391e+07
1.57089e+07	2.64424e+07
1.571e+07	2.64457e+07
1.57111e+07	2.6449e+07
1.57122e+07	2.64523e+07
1.57133e+07	2.64555e+07
1.57144e+07	2.64588e+07
1.57155e+07	2.64621e+07
1.57165e+07	2.64653e+07
1.57176e+07	2.64686e+07
1.57187e+07	2.64719e+07
1.57198e+07	2.64751e+07
1.57209e+07	2.64783e+07
1.5722e+07	2.64816e+07
1.5723e+07	2.64848e+07
1.57241e+07	2.64881e+07
1.57252e+07	2.64913e+07
1.57263e+07	2.64945e+07
1.57273e+07	2.64977e+07
1.57284e+07	2.65009e+07
1.57295e+07	2.65042e+07
1.57305e+07	2.65074e+07
1.57316e+07	2.65106e+07
1.57327e+07	2.65138e+07
1.57337e+07	2.6517e+07
1.57348e+07	2.65201e+07
1.57359e+07	2.65233e+07
1.57369e+07	2.65265e+07
1.5738e+07	2.65297e+07
1.5739e+07	2.65329e+07
1.57401e+07	2.6536e+07
1.57412e+07	2.65392e+07
1.57422e+07	2.65423e+07
1.57433e+07	2.65455e+07
1.57443e+07	2.65487e+07
1.57454e+07	2.65518e+07
1.57464e+07	2.65549e+07
1.57475e+07	2.65581e+07
1.57485e+07	2.65612e+07
1.57495e+07	2.65643e+07
1.57506e+07	2.65675e+07
1.57516e+07	2.65706e+07
1.57527e+07	2.65737e+07
1.57537e+07	2.65768e+07
1.57547e+07	2.65799e+07
1.57558e+07	2.6583e+07
1.57568e+07	2.65861e+07
1.57578e+07	2.65892e+07
1.57589e+07	2.65923e+07
1.57599e+07	2.65954e+07
1.57609e+07	2.65985e+07
1.57619e+07	2.66016e+07
1.5763e+07	2.66046e+07
1.5764e+07	2.66077e+07
1.5765e+07	2.66108e+07
1.5766e+07	2.66138e+07
1.57671e+07	2.66169e+07
1.57681e+07	2.662e+07
1.57691e+07	2.6623e+07
1.57701e+07	2.6626e+07
1.57711e+07	2.66291e+07
1.57721e+07	2.66321e+07
1.57731e+07	2.66352e+07
1.57742e+07	2.66382e+07
1.57752e+07	2.66412e+07
1.57762e+07	2.66442e+07
1.57772e+07	2.66472e+07
1.57782e+07	2.66503e+07
1.57792e+07	2.66533e+07
1.57802e+07	2.66563e+07
1.57812e+07	2.66593e+07
1.57822e+07	2.66623e+07
1.57832e+07	2.66653e+07
1.57842e+07	2.66682e+07
1.57852e+07	2.66712e+07
1.57862e+07	2.66742e+07
1.57871e+07	2.66772e+07
1.57881e+07	2.66801e+07
1.57891e+07	2.66831e+07
1.57901e+07	2.66861e+07
1.57911e+07	2.6689e+07
1.57921e+07	2.6692e+07
1.57931e+07	2.66949e+07
1.5794e+07	2.66979e+07
1.5795e+07	2.67008e+07
1.5796e+07	2.67038e+07
1.5797e+07	2.67067e+07
1.5798e+07	2.67096e+07
1.57989e+07	2.67125e+07
1.57999e+07	2.67155e+07
1.58009e+07	2.67184e+07
1.58019e+07	2.67213e+07
1.58028e+07	2.67242e+07
1.58038e+07	2.67271e+07
1.58048e+07	2.673e+07
1.58057e+07	2.67329e+07
1.58067e+07	2.67358e+07
1.58076e+07	2.67387e+07
1.58086e+07	2.67416e+07
1.58096e+07	2.67444e+07
1.58105e+07	2.67473e+07
1.58115e+07	2.67502e+07
1.58124e+07	2.6753e+07
1.58134e+07	2.67559e+07
1.58143e+07	2.67588e+07
1.58153e+07	2.67616e+07
1.58162e+07	2.67645e+07
1.58172e+07	2.67673e+07
1.58181e+07	2.67702e+07
1.58191e+07	2.6773e+07
1.582e+07	2.67758e+07
1.5821e+07	2.67787e+07
1.58219e+07	2.67815e+07
1.58229e+07	2.67843e+07
1.58238e+07	2.67871e+07
1.58247e+07	2.67899e+07
1.58257e+07	2.67928e+07
1.58266e+07	2.67956e+07
1.58275e+07	2.67984e+07
1.58285e+07	2.68012e+07
1.58294e+07	2.6804e+07
1.58303e+07	2.68067e+07
1.58313e+07	2.68095e+07
1.58322e+07	2.68123e+07
1.58331e+07	2.68151e+07
1.5834e+07	2.68179e+07
1.5835e+07	2.68206e+07
1.58359e+07	2.68234e+07
1.58368e+07	2.68262e+07
1.58377e+07	2.68289e+07
1.58386e+07	2.68317e+07
1.58396e+07	2.68344e+07
1.58405e+07	2.68372e+07
1.58414e+07	2.68399e+07
1.58423e+07	2.68427e+07
1.58432e+07	2.68454e+07
1.58441e+07	2.68481e+07
1.5845e+07	2.68508e+07
1.58459e+07	2.68536e+07
1.58469e+07	2.68563e+07
1.58478e+07	2.6859e+07
1.58487e+07	2.68617e+07
1.58496e+07	2.68644e+07
1.58505e+07	2.68671e+07
1.58514e+07	2.68698e+07
1.58523e+07	2.68725e+07
1.58532e+07	2.68752e+07
1.58541e+07	2.68779e+07
1.58549e+07	2.68806e+07
1.58558e+07	2.68832e+07
1.58567e+07	2.68859e+07
1.58576e+07	2.68886e+07
1.58585e+07	2.68913e+07
1.58594e+07	2.68939e+07
1.58603e+07	2.68966e+07
1.58612e+07	2.68992e+07
1.58621e+07	2.69019e+07
1.58629e+07	2.69045e+07
1.58638e+07	2.69072e+07
1.58647e+07	2.69098e+07
1.58656e+07	2.69125e+07
1.58665e+07	2.69151e+07
1.58673e+07	2.69177e+07
1.58682e+07	2.69203e+07
1.58691e+07	2.6923e+07
1.587e+07	2.69256e+07
1.58708e+07	2.69282e+07
1.58717e+07	2.69308e+07
1.58726e+07	2.69334e+07
1.58734e+07	2.6936e+07
1.58743e+07	2.69386e+07
1.58752e+07	2.69412e+07
1.5876e+07	2.69438e+07
1.58769e+07	2.69464e+07
1.58777e+07	2.6949e+07
1.58786e+07	2.69515e+07
1.58795e+07	2.69541e+07
1.58803e+07	2.69567e+07
1.58812e+07	2.69592e+07
1.5882e+07	2.69618e+07
1.58829e+07	2.69644e+07
1.58837e+07	2.69669e+07
1.58846e+07	2.69695e+07
1.58854e+07	2.6972e+07
1.58863e+07	2.69746e+07
1.58871e+07	2.69771e+07
1.5888e+07	2.69797e+07
1.58888e+07	2.69822e+07
1.58897e+07	2.69847e+07
1.58905e+07	2.69872e+07
1.58913e+07	2.69898e+07
1.58922e+07	2.69923e+07
1.5893e+07	2.69948e+07
1.58939e+07	2.69973e+07
1.58947e+07	2.69998e+07
1.58955e+07	2.70023e+07
1.58964e+07	2.70048e+07
1.58972e+07	2.70073e+07
1.5898e+07	2.70098e+07
1.58989e+07	2.70123e+07
1.58997e+07	2.70148e+07
1.59005e+07	2.70173e+07
1.59013e+07	2.70197e+07
1.59022e+07	2.70222e+07
1.5903e+07	2.70247e+07
1.59038e+07	2.70271e+07
1.59046e+07	2.70296e+07
1.59054e+07	2.70321e+07
1.59063e+07	2.70345e+07
1.59071e+07	2.7037e+07
1.59079e+07	2.70394e+07
1.59087e+07	2.70419e+07
1.59095e+07	2.70443e+07
1.59103e+07	2.70467e+07
1.59111e+07	2.70492e+07
1.5912e+07	2.70516e+07
1.59128e+07	2.7054e+07
1.59136e+07	2.70565e+07
1.59144e+07	2.70589e+07
1.59152e+07	2.70613e+07
1.5916e+07	2.70637e+07
1.59168e+07	2.70661e+07
1.59176e+07	2.70685e+07
1.59184e+07	2.70709e+07
1.59192e+07	2.70733e+07
1.592e+07	2.70757e+07
1.59208e+07	2.70781e+07
1.59216e+07	2.70805e+07
1.59224e+07	2.70829e+07
1.59232e+07	2.70852e+07
1.5924e+07	2.70876e+07
1.59248e+07	2.709e+07
1.59255e+07	2.70924e+07
1.59263e+07	2.70947e+07
1.59271e+07	2.70971e+07
1.59279e+07	2.70994e+07
1.59287e+07	2.71018e+07
1.59295e+07	2.71042e+07
1.59303e+07	2.71065e+07
1.5931e+07	2.71088e+07
1.59318e+07	2.71112e+07
1.59326e+07	2.71135e+07
1.59334e+07	2.71159e+07
1.59342e+07	2.71182e+07
1.59349e+07	2.71205e+07
1.59357e+07	2.71228e+07
1.59365e+07	2.71252e+07
1.59372e+07	2.71275e+07
1.5938e+07	2.71298e+07
1.59388e+07	2.71321e+07
1.59396e+07	2.71344e+07
1.59403e+07	2.71367e+07
1.59411e+07	2.7139e+07
1.59419e+07	2.71413e+07
1.59426e+07	2.71436e+07
1.59434e+07	2.71459e+07
1.59441e+07	2.71482e+07
1.59449e+07	2.71504e+07
1.59457e+07	2.71527e+07
1.59464e+07	2.7155e+07
1.59472e+07	2.71573e+07
1.59479e+07	2.71595e+07
1.59487e+07	2.71618e+07
1.59494e+07	2.71641e+07
1.59502e+07	2.71663e+07
1.59509e+07	2.71686e+07
1.59517e+07	2.71708e+07
1.59524e+07	2.71731e+07
1.59532e+07	2.71753e+07
1.59539e+07	2.71775e+07
1.59547e+07	2.71798e+07
1.59554e+07	2.7182e+07
1.59562e+07	2.71842e+07
1.59569e+07	2.71865e+07
1.59577e+07	2.71887e+07
1.59584e+07	2.71909e+07
1.59591e+07	2.71931e+07
1.59599e+07	2.71953e+07
1.59606e+07	2.71976e+07
1.59613e+07	2.71998e+07
1.59621e+07	2.7202e+07
1.59628e+07	2.72042e+07
1.59635e+07	2.72064e+07
1.59643e+07	2.72086e+07
1.5965e+07	2.72107e+07
1.59657e+07	2.72129e+07
1.59665e+07	2.72151e+07
1.59672e+07	2.72173e+07
1.59679e+07	2.72195e+07
1.59686e+07	2.72216e+07
1.59694e+07	2.72238e+07
1.59701e+07	2.7226e+07
1.59708e+07	2.72281e+07
1.59715e+07	2.72303e+07
1.59722e+07	2.72325e+07
1.5973e+07	2.72346e+07
1.59737e+07	2.72368e+07
1.59744e+07	2.72389e+07
1.59751e+07	2.72411e+07
1.59758e+07	2.72432e+07
1.59765e+07	2.72453e+07
1.59772e+07	2.72475e+07
1.5978e+07	2.72496e+07
1.59787e+07	2.72517e+07
1.59794e+07	2.72539e+07
1.59801e+07	2.7256e+07
1.59808e+07	2.72581e+07
1.59815e+07	2.72602e+07
1.59822e+07	2.72623e+07
1.59829e+07	2.72644e+07
1.59836e+07	2.72665e+07
1.59843e+07	2.72686e+07
1.5985e+07	2.72707e+07
1.59857e+07	2.72728e+07
1.59864e+07	2.72749e+07
1.59871e+07	2.7277e+07
1.59878e+07	2.72791e+07
1.59885e+07	2.72812e+07
1.59892e+07	2.72833e+07
1.59899e+07	2.72853e+07
1.59906e+07	2.72874e+07
1.59912e+07	2.72895e+07
1.59919e+07	2.72915e+07
1.59926e+07	2.72936e+07
1.59933e+07	2.72957e+07
1.5994e+07	2.72977e+07
1.59947e+07	2.72998e+07
1.59954e+07	2.73018e+07
1.59961e+07	2.73039e+07
1.59967e+07	2.73059e+07
1.59974e+07	2.7308e+07
1.59981e+07	2.731e+07
1.59988e+07	2.7312e+07
1.59994e+07	2.73141e+07
1.60001e+07	2.73161e+07
1.60008e+07	2.73181e+07
1.60015e+07	2.73202e+07
1.60021e+07	2.73222e+07
1.60028e+07	2.73242e+07
1.60035e+07	2.73262e+07
1.60042e+07	2.73282e+07
1.60048e+07	2.73302e+07
1.60055e+07	2.73322e+07
1.60062e+07	2.73342e+07
1.60068e+07	2.73362e+07
1.60075e+07	2.73382e+07
1.60082e+07	2.73402e+07
1.60088e+07	2.73422e+07
1.60095e+07	2.73442e+07
1.60101e+07	2.73462e+07
1.60108e+07	2.73482e+07
1.60115e+07	2.73501e+07
1.60121e+07	2.73521e+07
1.60128e+07	2.73541e+07
1.60134e+07	2.7356e+07
1.60141e+07	2.7358e+07
1.60147e+07	2.736e+07
1.60154e+07	2.73619e+07
1.60161e+07	2.73639e+07
1.60167e+07	2.73658e+07
1.60174e+07	2.73678e+07
1.6018e+07	2.73697e+07
1.60187e+07	2.73717e+07
1.60193e+07	2.73736e+07
1.60199e+07	2.73756e+07
1.60206e+07	2.73775e+07
1.60212e+07	2.73794e+07
1.60219e+07	2.73814e+07
1.60225e+07	2.73833e+07
1.60232e+07	2.73852e+07
1.60238e+07	2.73871e+07
1.60244e+07	2.73891e+07
1.60251e+07	2.7391e+07
1.60257e+07	2.73929e+07
1.60264e+07	2.73948e+07
1.6027e+07	2.73967e+07
1.60276e+07	2.73986e+07
1.60283e+07	2.74005e+07
1.60289e+07	2.74024e+07
1.60295e+07	2.74043e+07
1.60302e+07	2.74062e+07
1.60308e+07	2.74081e+07
1.60314e+07	2.741e+07
1.6032e+07	2.74118e+07
1.60327e+07	2.74137e+07
1.60333e+07	2.74156e+07
1.60339e+07	2.74175e+07
1.60345e+07	2.74193e+07
1.60352e+07	2.74212e+07
1.60358e+07	2.74231e+07
1.60364e+07	2.74249e+07
1.6037e+07	2.74268e+07
1.60376e+07	2.74287e+07
1.60383e+07	2.74305e+07
1.60389e+07	2.74324e+07
1.60395e+07	2.74342e+07
1.60401e+07	2.74361e+07
1.60407e+07	2.74379e+07
1.60413e+07	2.74397e+07
1.6042e+07	2.74416e+07
1.60426e+07	2.74434e+07
1.60432e+07	2.74453e+07
1.60438e+07	2.74471e+07
1.60444e+07	2.74489e+07
1.6045e+07	2.74507e+07
1.60456e+07	2.74526e+07
1.60462e+07	2.74544e+07
1.60468e+07	2.74562e+07
1.60474e+07	2.7458e+07
1.6048e+07	2.74598e+07
1.60486e+07	2.74616e+07
1.60492e+07	2.74634e+07
1.60498e+07	2.74652e+07
1.60504e+07	2.7467e+07
1.6051e+07	2.74688e+07
1.60516e+07	2.74706e+07
1.60522e+07	2.74724e+07
1.60528e+07	2.74742e+07
1.60534e+07	2.7476e+07
1.6054e+07	2.74778e+07
1.60546e+07	2.74795e+07
1.60552e+07	2.74813e+07
1.60558e+07	2.74831e+07
1.60564e+07	2.74849e+07
1.6057e+07	2.74866e+07
1.60576e+07	2.74884e+07
1.60581e+07	2.74901e+07
1.60587e+07	2.74919e+07
1.60593e+07	2.74937e+07
1.60599e+07	2.74954e+07
1.60605e+07	2.74972e+07
1.60611e+07	2.74989e+07
1.60616e+07	2.75007e+07
1.60622e+07	2.75024e+07
1.60628e+07	2.75042e+07
1.60634e+07	2.75059e+07
1.6064e+07	2.75076e+07
1.60645e+07	2.75094e+07
1.60651e+07	2.75111e+07
1.60657e+07	2.75128e+07
1.60663e+07	2.75146e+07
1.60668e+07	2.75163e+07
1.60674e+07	2.7518e+07
1.6068e+07	2.75197e+07
1.60686e+07	2.75214e+07
1.60691e+07	2.75231e+07
1.60697e+07	2.75249e+07
1.60703e+07	2.75266e+07
1.60708e+07	2.75283e+07
1.60714e+07	2.753e+07
1.6072e+07	2.75317e+07
1.60725e+07	2.75334e+07
1.60731e+07	2.75351e+07
1.60737e+07	2.75367e+07
1.60742e+07	2.75384e+07
1.60748e+07	2.75401e+07
1.60754e+07	2.75418e+07
1.60759e+07	2.75435e+07
1.60765e+07	2.75452e+07
1.6077e+07	2.75468e+07
1.60776e+07	2.75485e+07
1.60782e+07	2.75502e+07
1.60787e+07	2.75519e+07
1.60793e+07	2.75535e+07
1.60798e+07	2.75552e+07
1.60804e+07	2.75568e+07
1.60809e+07	2.75585e+07
1.60815e+07	2.75602e+07
1.6082e+07	2.75618e+07
1.60826e+07	2.75635e+07
1.60831e+07	2.75651e+07
1.60837e+07	2.75668e+07
1.60842e+07	2.75684e+07
1.60848e+07	2.757e+07
1.60853e+07	2.75717e+07
1.60859e+07	2.75733e+07
1.60864e+07	2.75749e+07
1.6087e+07	2.75766e+07
1.60875e+07	2.75782e+07
1.6088e+07	2.75798e+07
1.60886e+07	2.75815e+07
1.60891e+07	2.75831e+07
1.60897e+07	2.75847e+07
1.60902e+07	2.75863e+07
1.60907e+07	2.75879e+07
1.60913e+07	2.75895e+07
1.60918e+07	2.75911e+07
1.60923e+07	2.75927e+07
1.60929e+07	2.75944e+07
1.60934e+07	2.7596e+07
1.60939e+07	2.75976e+07
1.60945e+07	2.75991e+07
1.6095e+07	2.76007e+07
1.60955e+07	2.76023e+07
1.60961e+07	2.76039e+07
1.60966e+07	2.76055e+07
1.60971e+07	2.76071e+07
1.60976e+07	2.76087e+07
1.60982e+07	2.76103e+07
1.60987e+07	2.76118e+07
1.60992e+07	2.76134e+07
1.60997e+07	2.7615e+07
1.61003e+07	2.76165e+07
1.61008e+07	2.76181e+07
1.61013e+07	2.76197e+07
1.61018e+07	2.76212e+07
1.61024e+07	2.76228e+07
1.61029e+07	2.76244e+07
1.61034e+07	2.76259e+07
1.61039e+07	2.76275e+07
1.61044e+07	2.7629e+07
1.61049e+07	2.76306e+07
1.61055e+07	2.76321e+07
1.6106e+07	2.76336e+07
1.61065e+07	2.76352e+07
1.6107e+07	2.76367e+07
1.61075e+07	2.76383e+07
1.6108e+07	2.76398e+07
1.61085e+07	2.76413e+07
1.6109e+07	2.76429e+07
1.61096e+07	2.76444e+07
1.61101e+07	2.76459e+07
1.61106e+07	2.76474e+07
1.61111e+07	2.7649e+07
1.61116e+07	2.76505e+07
1.61121e+07	2.7652e+07
1.61126e+07	2.76535e+07
1.61131e+07	2.7655e+07
1.61136e+07	2.76565e+07
1.61141e+07	2.7658e+07
1.61146e+07	2.76595e+07
1.61151e+07	2.7661e+07
1.61156e+07	2.76625e+07
1.61161e+07	2.7664e+07
1.61166e+07	2.76655e+07
1.61171e+07	2.7667e+07
1.61176e+07	2.76685e+07
1.61181e+07	2.767e+07
1.61186e+07	2.76715e+07
1.61191e+07	2.7673e+07
1.61196e+07	2.76744e+07
1.61201e+07	2.76759e+07
1.61206e+07	2.76774e+07
1.6121e+07	2.76789e+07
1.61215e+07	2.76803e+07
1.6122e+07	2.76818e+07
1.61225e+07	2.76833e+07
1.6123e+07	2.76847e+07
1.61235e+07	2.76862e+07
1.6124e+07	2.76877e+07
1.61245e+07	2.76891e+07
1.61249e+07	2.76906e+07
1.61254e+07	2.7692e+07
1.61259e+07	2.76935e+07
1.61264e+07	2.76949e+07
1.61269e+07	2.76964e+07
1.61274e+07	2.76978e+07
1.61278e+07	2.76993e+07
1.61283e+07	2.77007e+07
1.61288e+07	2.77021e+07
1.61293e+07	2.77036e+07
1.61298e+07	2.7705e+07
1.61302e+07	2.77064e+07
1.61307e+07	2.77079e+07
1.61312e+07	2.77093e+07
1.61317e+07	2.77107e+07
