0.379991
0.378749
0.378053
0.377662
0.377472
0.377439
0.377549
0.37776
0.378086
0.378487
0.378954
0.379496
0.380108
0.380768
0.38149
0.38225
0.383046
0.383895
0.384795
0.385723
0.386677
0.387654
0.388675
0.389717
0.390801
0.391902
0.393021
0.394155
0.395327
0.396512
0.397711
0.398945
0.40019
0.401446
0.402712
0.403988
0.405295
0.406611
0.407935
0.409266
0.410627
0.411995
0.413369
0.414748
0.416132
0.417545
0.418938
0.42036
0.421785
0.423213
0.424644
0.426103
0.427539
0.429002
0.430468
0.431935
0.433403
0.434872
0.436343
0.437814
0.439311
0.440808
0.44228
0.443778
0.445275
0.446772
0.448268
0.449789
0.451284
0.452779
0.454297
0.455789
0.457304
0.458818
0.460331
0.461817
0.463326
0.464834
0.466339
0.467867
0.469368
0.470866
0.472363
0.473881
0.475373
0.476886
0.478373
0.47988
0.481385
0.482863
0.484362
0.485858
0.487351
0.488841
0.490328
0.491811
0.493291
0.494767
0.49624
0.497709
0.499175
0.500637
0.502096
0.503576
0.505026
0.506474
0.507943
0.509381
0.510818
0.512274
0.513702
0.515152
0.516571
0.518012
0.519423
0.520856
0.52226
0.523684
0.525082
0.526495
0.527907
0.529292
0.530693
0.532093
0.533466
0.534854
0.536239
0.537623
0.538979
0.540349
0.541717
0.543082
0.544445
0.545779
0.547127
0.548473
0.549815
0.551154
0.552491
0.553824
0.555129
0.556447
0.55776
0.55907
0.560377
0.56168
0.562979
0.564274
0.565566
0.566854
0.568137
0.569417
0.570693
0.571965
0.573233
0.574496
0.575756
0.577011
0.578262
0.579509
0.580752
0.58199
0.583224
0.584454
0.585679
0.5869
0.588116
0.589328
0.590535
0.591739
0.592937
0.594131
0.595321
0.596506
0.597686
0.598862
0.600034
0.601201
0.602363
0.603521
0.604674
0.605823
0.606967
0.608106
0.609241
0.610371
0.611497
0.612618
0.613735
0.614847
0.615955
0.617058
0.618156
0.61925
0.620339
0.621424
0.622504
0.623579
0.62465
0.625717
0.626779
0.627837
0.62889
0.629938
0.630982
0.632022
0.633057
0.634087
0.635114
0.636135
0.637153
0.638165
0.639174
0.640178
0.641178
0.642173
0.643164
0.644151
0.645133
0.646111
0.647084
0.648053
0.649018
0.649979
0.650935
0.651888
0.652835
0.653779
0.654718
0.655654
0.656585
0.657511
0.658434
0.659352
0.660267
0.661177
0.662083
0.662985
0.663882
0.664776
0.665666
0.666551
0.667433
0.66831
0.669183
0.670053
0.670918
0.67178
0.672637
0.67349
0.67434
0.675185
0.676027
0.676865
0.677698
0.678528
0.679354
0.680176
0.680995
0.681809
0.68262
0.683427
0.68423
0.685029
0.685824
0.686616
0.687404
0.688188
0.688968
0.689745
0.690518
0.691287
0.692053
0.692815
0.693573
0.694328
0.695079
0.695826
0.69657
0.69731
0.698047
0.69878
0.699509
0.700235
0.700958
0.701676
0.702392
0.703104
0.703812
0.704517
0.705218
0.705916
0.706611
0.707302
0.707989
0.708674
0.709354
0.710032
0.710706
0.711377
0.712044
0.712708
0.713369
0.714026
0.71468
0.715331
0.715978
0.716623
0.717264
0.717901
0.718536
0.719167
0.719795
0.72042
0.721041
0.72166
0.722275
0.722887
0.723496
0.724101
0.724704
0.725303
0.7259
0.726493
0.727083
0.72767
0.728254
0.728835
0.729413
0.729988
0.73056
0.731128
0.731694
0.732257
0.732817
0.733374
0.733927
0.734478
0.735026
0.735571
0.736113
0.736652
0.737188
0.737722
0.738252
0.73878
0.739304
0.739826
0.740345
0.740861
0.741374
0.741884
0.742392
0.742897
0.743399
0.743898
0.744394
0.744888
0.745379
0.745867
0.746352
0.746835
0.747315
0.747792
0.748266
0.748738
0.749207
0.749674
0.750137
0.750598
0.751057
0.751513
0.751966
0.752416
0.752864
0.753309
0.753752
0.754192
0.75463
0.755065
0.755497
0.755927
0.756354
0.756779
0.757201
0.75762
0.758037
0.758452
0.758864
0.759274
0.759681
0.760086
0.760488
0.760887
0.761285
0.76168
0.762072
0.762462
0.762849
0.763235
0.763617
0.763998
0.764376
0.764751
0.765124
0.765495
0.765864
0.76623
0.766594
0.766955
0.767314
0.767671
0.768026
0.768378
0.768728
0.769075
0.769421
0.769764
0.770105
0.770443
0.770779
0.771113
0.771445
0.771775
0.772102
0.772427
0.77275
0.773071
0.77339
0.773706
0.77402
0.774332
0.774642
0.77495
0.775256
0.775559
0.77586
0.77616
0.776457
0.776752
0.777045
0.777335
0.777624
0.777911
0.778195
0.778478
0.778758
0.779036
0.779313
0.779587
0.779859
0.780129
0.780397
0.780663
0.780928
0.78119
0.78145
0.781708
0.781964
0.782218
0.78247
0.782721
0.782969
0.783215
0.78346
0.783702
0.783943
0.784181
0.784418
0.784653
0.784886
0.785117
0.785346
0.785573
0.785798
0.786022
0.786243
0.786463
0.786681
0.786897
0.787111
0.787324
0.787534
0.787743
0.78795
0.788155
0.788358
0.78856
0.788759
0.788957
0.789153
0.789348
0.78954
0.789731
0.78992
0.790108
0.790293
0.790477
0.790659
0.79084
0.791018
0.791195
0.79137
0.791544
0.791716
0.791886
0.792054
0.792221
0.792386
0.79255
0.792712
0.792872
0.79303
0.793187
0.793342
0.793496
0.793648
0.793798
0.793947
0.794094
0.79424
0.794383
0.794526
0.794666
0.794806
0.794943
0.795079
0.795214
0.795346
0.795478
0.795607
0.795736
0.795862
0.795987
0.796111
0.796233
0.796354
0.796473
0.79659
0.796706
0.796821
0.796934
0.797046
0.797156
0.797264
0.797372
0.797477
0.797581
0.797684
0.797786
0.797885
0.797984
0.798081
0.798177
0.798271
0.798363
0.798455
0.798545
0.798633
0.79872
0.798806
0.798891
0.798974
0.799055
0.799135
0.799214
0.799292
0.799368
0.799443
0.799516
0.799588
0.799659
0.799728
0.799797
0.799863
0.799929
0.799993
0.800056
0.800117
0.800178
0.800237
0.800294
0.800351
0.800406
0.80046
0.800512
0.800564
0.800614
0.800662
0.80071
0.800756
0.800801
0.800845
0.800888
0.800929
0.800969
0.801008
0.801046
0.801083
0.801118
0.801152
0.801185
0.801217
0.801247
0.801277
0.801305
0.801332
0.801358
0.801383
0.801406
0.801429
0.80145
0.80147
0.801489
0.801507
0.801523
0.801539
0.801554
0.801567
0.801579
0.80159
0.8016
0.801609
0.801617
0.801624
0.80163
0.801634
0.801638
0.80164
0.801642
0.801642
0.801641
0.801639
0.801637
0.801633
0.801628
0.801622
0.801615
0.801607
0.801598
0.801588
0.801577
0.801565
0.801552
0.801538
0.801522
0.801506
0.801489
0.801471
0.801452
0.801432
0.801411
0.801389
0.801366
0.801343
0.801318
0.801292
0.801265
0.801238
0.801209
0.801179
0.801149
0.801118
0.801085
0.801052
0.801018
0.800983
0.800947
0.80091
0.800872
0.800834
0.800794
0.800754
0.800712
0.80067
0.800627
0.800583
0.800538
0.800493
0.800446
0.800399
0.80035
0.800301
0.800251
0.800201
0.800149
0.800097
0.800043
0.799989
0.799934
0.799879
0.799822
0.799765
0.799707
0.799648
0.799588
0.799528
0.799466
0.799404
0.799341
0.799278
0.799213
0.799148
0.799082
0.799015
0.798948
0.79888
0.798811
0.798741
0.79867
0.798599
0.798527
0.798455
0.798381
0.798307
0.798232
0.798157
0.79808
0.798003
0.797926
0.797847
0.797768
0.797688
0.797608
0.797527
0.797445
0.797362
0.797279
0.797195
0.797111
0.797025
0.79694
0.796853
0.796766
0.796678
0.796589
0.7965
0.79641
0.79632
0.796229
0.796137
0.796045
0.795952
0.795858
0.795764
0.795669
0.795574
0.795478
0.795381
0.795284
0.795186
0.795088
0.794989
0.794889
0.794789
0.794688
0.794587
0.794485
0.794383
0.794279
0.794176
0.794072
0.793967
0.793862
0.793756
0.793649
0.793543
0.793435
0.793327
0.793219
0.79311
0.793
0.79289
0.792779
0.792668
0.792556
0.792444
0.792331
0.792218
0.792105
0.79199
0.791876
0.791761
0.791645
0.791529
0.791412
0.791295
0.791177
0.791059
0.790941
0.790822
0.790702
0.790582
0.790462
0.790341
0.79022
0.790098
0.789976
0.789853
0.78973
0.789607
0.789483
0.789359
0.789234
0.789108
0.788983
0.788857
0.78873
0.788603
0.788476
0.788348
0.78822
0.788092
0.787963
0.787834
0.787704
0.787574
0.787443
0.787313
0.787181
0.78705
0.786918
0.786785
0.786653
0.78652
0.786386
0.786252
0.786118
0.785984
0.785849
0.785714
0.785578
0.785442
0.785306
0.785169
0.785032
0.784895
0.784757
0.78462
0.784481
0.784343
0.784204
0.784065
0.783925
0.783785
0.783645
0.783505
0.783364
0.783223
0.783082
0.78294
0.782798
0.782656
0.782513
0.782371
0.782228
0.782084
0.781941
0.781797
0.781653
0.781508
0.781363
0.781218
0.781073
0.780928
0.780782
0.780636
0.78049
0.780343
0.780197
0.78005
0.779902
0.779755
0.779607
0.779459
0.779311
0.779163
0.779014
0.778865
0.778716
0.778567
0.778417
0.778268
0.778118
0.777968
0.777817
0.777667
0.777516
0.777365
0.777214
0.777062
0.776911
0.776759
0.776607
0.776455
0.776303
0.77615
0.775998
0.775845
0.775692
0.775539
0.775385
0.775232
0.775078
0.774924
0.77477
0.774616
0.774462
0.774307
0.774153
0.773998
0.773843
0.773688
0.773533
0.773377
0.773222
0.773066
0.77291
0.772754
0.772598
0.772442
0.772286
0.772129
0.771973
0.771816
0.771659
0.771502
0.771345
0.771188
0.771031
0.770873
0.770716
0.770558
0.770401
0.770243
0.770085
0.769927
0.769769
0.769611
0.769453
0.769294
0.769136
0.768977
0.768819
0.76866
0.768501
0.768342
0.768183
0.768024
0.767865
0.767706
0.767547
0.767388
0.767228
0.767069
0.766909
0.76675
0.76659
0.766431
0.766271
0.766111
0.765951
0.765791
0.765632
0.765472
0.765312
0.765152
0.764992
0.764831
0.764671
0.764511
0.764351
0.764191
0.76403
0.76387
0.76371
0.763549
0.763389
0.763228
0.763068
0.762908
0.762747
0.762587
0.762426
0.762266
0.762105
0.761945
0.761784
0.761623
0.761463
0.761302
0.761142
0.760981
0.760821
0.76066
0.7605
0.760339
0.760179
0.760018
0.759857
0.759697
0.759536
0.759376
0.759216
0.759055
0.758895
0.758734
0.758574
0.758414
0.758253
0.758093
0.757933
0.757772
0.757612
0.757452
0.757292
0.757132
0.756972
0.756812
0.756652
0.756492
0.756332
0.756172
0.756012
0.755852
0.755692
0.755533
0.755373
0.755214
0.755054
0.754894
0.754735
0.754576
0.754416
0.754257
0.754098
0.753939
0.75378
0.753621
0.753462
0.753303
0.753144
0.752985
0.752826
0.752668
0.752509
0.752351
0.752192
0.752034
0.751876
0.751717
0.751559
0.751401
0.751243
0.751085
0.750928
0.75077
0.750612
0.750455
0.750297
0.75014
0.749983
0.749826
0.749668
0.749511
0.749354
0.749198
0.749041
0.748884
0.748728
0.748571
0.748415
0.748259
0.748103
0.747947
0.747791
0.747635
0.747479
0.747323
0.747168
0.747012
0.746857
0.746702
0.746547
0.746392
0.746237
0.746082
0.745928
0.745773
0.745619
0.745464
0.74531
0.745156
0.745002
0.744848
0.744695
0.744541
0.744388
0.744234
0.744081
0.743928
0.743775
0.743622
0.743469
0.743317
0.743164
0.743012
0.74286
0.742708
0.742556
0.742404
0.742252
0.742101
0.741949
0.741798
0.741647
0.741496
0.741345
0.741194
0.741044
0.740893
0.740743
0.740593
0.740443
0.740293
0.740143
0.739993
0.739844
0.739695
0.739545
0.739396
0.739247
0.739099
0.73895
0.738802
0.738653
0.738505
0.738357
0.738209
0.738062
0.737914
0.737767
0.737619
0.737472
0.737325
0.737179
0.737032
0.736885
0.736739
0.736593
0.736447
0.736301
0.736155
0.73601
0.735865
0.735719
0.735574
0.735429
0.735285
0.73514
0.734996
0.734851
0.734707
0.734563
0.73442
0.734276
0.734133
0.733989
0.733846
0.733703
0.73356
0.733418
0.733275
0.733133
0.732991
0.732849
0.732707
0.732566
0.732424
0.732283
0.732142
0.732001
0.73186
0.73172
0.731579
0.731439
0.731299
0.731159
0.731019
0.73088
0.73074
0.730601
0.730462
0.730323
0.730185
0.730046
0.729908
0.72977
0.729632
0.729494
0.729356
0.729219
0.729082
0.728944
0.728808
0.728671
0.728534
0.728398
0.728262
0.728126
0.72799
0.727854
0.727719
0.727583
0.727448
0.727313
0.727179
0.727044
0.72691
0.726775
0.726641
0.726508
0.726374
0.72624
0.726107
0.725974
0.725841
0.725708
0.725576
0.725443
0.725311
0.725179
0.725047
0.724916
0.724784
0.724653
0.724522
0.724391
0.72426
0.72413
0.723999
0.723869
0.723739
0.72361
0.72348
0.723351
0.723221
0.723092
0.722963
0.722835
0.722706
0.722578
0.72245
0.722322
0.722194
0.722067
0.721939
0.721812
0.721685
0.721558
0.721432
0.721305
0.721179
0.721053
0.720927
0.720801
0.720676
0.720551
0.720426
0.720301
0.720176
0.720051
0.719927
0.719803
0.719679
0.719555
0.719432
0.719308
0.719185
0.719062
0.718939
0.718816
0.718694
0.718572
0.71845
0.718328
0.718206
0.718085
0.717963
0.717842
0.717721
0.7176
0.71748
0.717359
0.717239
0.717119
0.716999
0.71688
0.71676
0.716641
0.716522
0.716403
0.716285
0.716166
0.716048
0.71593
0.715812
0.715694
0.715577
0.715459
0.715342
0.715225
0.715108
0.714992
0.714875
0.714759
0.714643
0.714527
0.714412
0.714296
0.714181
0.714066
0.713951
0.713836
0.713722
0.713607
0.713493
0.713379
0.713265
0.713152
0.713038
0.712925
0.712812
0.712699
0.712587
0.712474
0.712362
0.71225
0.712138
0.712026
0.711915
0.711803
0.711692
0.711581
0.71147
0.71136
0.711249
0.711139
0.711029
0.710919
0.71081
0.7107
0.710591
0.710482
0.710373
0.710264
0.710156
0.710047
0.709939
0.709831
0.709723
0.709616
0.709508
0.709401
0.709294
0.709187
0.70908
0.708974
0.708867
0.708761
0.708655
0.708549
0.708444
0.708338
0.708233
0.708128
0.708023
0.707918
0.707814
0.707709
0.707605
0.707501
0.707397
0.707294
0.70719
0.707087
0.706984
0.706881
0.706778
0.706676
0.706574
0.706471
0.706369
0.706268
0.706166
0.706064
0.705963
0.705862
0.705761
0.70566
0.70556
0.705459
0.705359
0.705259
0.705159
0.70506
0.70496
0.704861
0.704762
0.704663
0.704564
0.704465
0.704367
0.704269
0.70417
0.704073
0.703975
0.703877
0.70378
0.703683
0.703586
0.703489
0.703392
0.703295
0.703199
0.703103
0.703007
0.702911
0.702815
0.70272
0.702625
0.702529
0.702434
0.70234
0.702245
0.70215
0.702056
0.701962
0.701868
0.701774
0.701681
0.701587
0.701494
0.701401
0.701308
0.701215
0.701123
0.70103
0.700938
0.700846
0.700754
0.700662
0.70057
0.700479
0.700388
0.700297
0.700206
0.700115
0.700024
0.699934
0.699844
0.699754
0.699664
0.699574
0.699484
0.699395
0.699306
0.699217
0.699128
0.699039
0.69895
0.698862
0.698773
0.698685
0.698597
0.698509
0.698422
0.698334
0.698247
0.69816
0.698073
0.697986
0.697899
0.697813
0.697726
0.69764
0.697554
0.697468
0.697383
0.697297
0.697212
0.697126
0.697041
0.696956
0.696872
0.696787
0.696702
0.696618
0.696534
0.69645
0.696366
0.696282
0.696199
0.696116
0.696032
0.695949
0.695866
0.695784
0.695701
0.695619
0.695536
0.695454
0.695372
0.69529
0.695209
0.695127
0.695046
0.694965
0.694883
0.694803
0.694722
0.694641
0.694561
0.69448
0.6944
0.69432
0.69424
0.694161
0.694081
0.694002
0.693922
0.693843
0.693764
0.693685
0.693607
0.693528
0.69345
0.693372
0.693294
0.693216
0.693138
0.69306
0.692983
0.692905
0.692828
0.692751
0.692674
0.692597
0.692521
0.692444
0.692368
0.692292
0.692215
0.69214
0.692064
0.691988
0.691913
0.691837
0.691762
0.691687
0.691612
0.691537
0.691463
0.691388
0.691314
0.69124
0.691165
0.691092
0.691018
0.690944
0.690871
0.690797
0.690724
0.690651
0.690578
0.690505
0.690432
0.69036
0.690287
0.690215
0.690143
0.690071
0.689999
0.689927
0.689856
0.689784
0.689713
0.689641
0.68957
0.689499
0.689429
0.689358
0.689287
0.689217
0.689147
0.689077
0.689007
0.688937
0.688867
0.688797
0.688728
0.688659
0.688589
0.68852
0.688451
0.688382
0.688314
0.688245
0.688177
0.688108
0.68804
0.687972
0.687904
0.687836
0.687769
0.687701
0.687634
0.687567
0.687499
0.687432
0.687365
0.687299
0.687232
0.687165
0.687099
0.687033
0.686967
0.686901
0.686835
0.686769
0.686703
0.686638
0.686572
0.686507
0.686442
0.686377
0.686312
0.686247
0.686182
0.686118
0.686054
0.685989
0.685925
0.685861
0.685797
0.685733
0.685669
0.685606
0.685542
0.685479
0.685416
0.685353
0.68529
0.685227
0.685164
0.685102
0.685039
0.684977
0.684914
0.684852
0.68479
0.684728
0.684666
0.684605
0.684543
0.684482
0.68442
0.684359
0.684298
0.684237
0.684176
0.684115
0.684055
0.683994
0.683934
0.683873
0.683813
0.683753
0.683693
0.683633
0.683574
0.683514
0.683454
0.683395
0.683336
0.683277
0.683218
0.683159
0.6831
0.683041
0.682982
0.682924
0.682865
0.682807
0.682749
0.682691
0.682633
0.682575
0.682517
0.68246
0.682402
0.682345
0.682287
0.68223
0.682173
0.682116
0.682059
0.682002
0.681946
0.681889
0.681833
0.681776
0.68172
0.681664
0.681608
0.681552
0.681496
0.68144
0.681385
0.681329
0.681274
0.681218
0.681163
0.681108
0.681053
0.680998
0.680943
0.680889
0.680834
0.680779
0.680725
0.680671
0.680617
0.680562
0.680508
0.680455
0.680401
0.680347
0.680294
0.68024
0.680187
0.680133
0.68008
0.680027
0.679974
0.679921
0.679868
0.679816
0.679763
0.679711
0.679658
0.679606
0.679554
0.679502
0.67945
0.679398
0.679346
0.679294
0.679243
0.679191
0.67914
0.679088
0.679037
0.678986
0.678935
0.678884
0.678833
0.678782
0.678731
0.678681
0.67863
0.67858
0.67853
0.67848
0.678429
0.678379
0.678329
0.67828
0.67823
0.67818
0.678131
0.678081
0.678032
0.677983
0.677933
0.677884
0.677835
0.677786
0.677737
0.677689
0.67764
0.677592
0.677543
0.677495
0.677446
0.677398
0.67735
0.677302
0.677254
0.677206
0.677158
0.677111
0.677063
0.677016
0.676968
0.676921
0.676874
0.676827
0.67678
0.676733
0.676686
0.676639
0.676592
0.676545
0.676499
0.676452
0.676406
0.67636
0.676314
0.676267
0.676221
0.676176
0.67613
0.676084
0.676038
0.675993
0.675947
0.675902
0.675856
0.675811
0.675766
0.675721
0.675676
0.675631
0.675586
0.675541
0.675496
0.675452
0.675407
0.675363
0.675318
0.675274
0.67523
0.675186
0.675142
0.675098
0.675054
0.67501
0.674966
0.674922
0.674879
0.674835
0.674792
0.674749
0.674705
0.674662
0.674619
0.674576
0.674533
0.67449
0.674447
0.674405
0.674362
0.674319
0.674277
0.674235
0.674192
0.67415
0.674108
0.674066
0.674024
0.673982
0.67394
0.673898
0.673856
0.673815
0.673773
0.673732
0.67369
0.673649
0.673608
0.673566
0.673525
0.673484
0.673443
0.673402
0.673362
0.673321
0.67328
0.67324
0.673199
0.673159
0.673118
0.673078
0.673038
0.672997
0.672957
0.672917
0.672877
0.672838
0.672798
0.672758
0.672718
0.672679
0.672639
0.6726
0.67256
0.672521
0.672482
0.672443
0.672404
0.672365
0.672326
0.672287
0.672248
0.672209
0.67217
0.672132
0.672093
0.672055
0.672016
0.671978
0.67194
0.671902
0.671863
0.671825
0.671787
0.67175
0.671712
0.671674
0.671636
0.671598
0.671561
0.671523
0.671486
0.671449
0.671411
0.671374
0.671337
0.6713
0.671263
0.671226
0.671189
0.671152
0.671115
0.671078
0.671042
0.671005
0.670968
0.670932
0.670896
0.670859
0.670823
0.670787
0.670751
0.670715
0.670679
0.670643
0.670607
0.670571
0.670535
0.670499
0.670464
0.670428
0.670393
0.670357
0.670322
0.670286
0.670251
0.670216
0.670181
0.670146
0.670111
0.670076
0.670041
0.670006
0.669971
0.669937
0.669902
0.669867
0.669833
0.669798
0.669764
0.66973
0.669695
0.669661
0.669627
0.669593
0.669559
0.669525
0.669491
0.669457
0.669423
0.669389
0.669356
0.669322
0.669289
0.669255
0.669222
0.669188
