1e+08	0	3e+07
1.00757e+08	0	2.99941e+07
1.01477e+08	0	2.99805e+07
1.0213e+08	0	2.99624e+07
1.02715e+08	0	2.99418e+07
1.0326e+08	0	2.99187e+07
1.03755e+08	0	2.98942e+07
1.04214e+08	0	2.98681e+07
1.04638e+08	0	2.9841e+07
1.05026e+08	0	2.98132e+07
1.05391e+08	0	2.97842e+07
1.0573e+08	0	2.97543e+07
1.06043e+08	0	2.97239e+07
1.06332e+08	0	2.96931e+07
1.06601e+08	0	2.96615e+07
1.06852e+08	0	2.96292e+07
1.07083e+08	0	2.95966e+07
1.07295e+08	0	2.95637e+07
1.07492e+08	0	2.95301e+07
1.07672e+08	0	2.94962e+07
1.07837e+08	0	2.94621e+07
1.07989e+08	0	2.94273e+07
1.08125e+08	0	2.93928e+07
1.0825e+08	0	2.93572e+07
1.08361e+08	0	2.93219e+07
1.0846e+08	0	2.92859e+07
1.08547e+08	0	2.92502e+07
1.08624e+08	0	2.9214e+07
1.0869e+08	0	2.91771e+07
1.08745e+08	0	2.91406e+07
1.08791e+08	0	2.91035e+07
1.08827e+08	0	2.90663e+07
1.08854e+08	0	2.90289e+07
1.08871e+08	0	2.89915e+07
1.08881e+08	0	2.89539e+07
1.08882e+08	0	2.89158e+07
1.08875e+08	0	2.8878e+07
1.0886e+08	0	2.88398e+07
1.08838e+08	0	2.88014e+07
1.08809e+08	0	2.8763e+07
1.08773e+08	0	2.87245e+07
1.0873e+08	0	2.86855e+07
1.08681e+08	0	2.86469e+07
1.08625e+08	0	2.86078e+07
1.08564e+08	0	2.8569e+07
1.08496e+08	0	2.85298e+07
1.08423e+08	0	2.84905e+07
1.08344e+08	0	2.84512e+07
1.08261e+08	0	2.84118e+07
1.08171e+08	0	2.8372e+07
1.08077e+08	0	2.83326e+07
1.07979e+08	0	2.82931e+07
1.07875e+08	0	2.82532e+07
1.07767e+08	0	2.82133e+07
1.07656e+08	0	2.81737e+07
1.0754e+08	0	2.81337e+07
1.07419e+08	0	2.80937e+07
1.07295e+08	0	2.80537e+07
1.07167e+08	0	2.80137e+07
1.07034e+08	0	2.79732e+07
1.069e+08	0	2.79332e+07
1.06762e+08	0	2.78931e+07
1.06619e+08	0	2.78526e+07
1.06475e+08	0	2.78126e+07
1.06326e+08	0	2.77721e+07
1.06175e+08	0	2.77316e+07
1.0602e+08	0	2.76911e+07
1.05865e+08	0	2.76511e+07
1.05706e+08	0	2.76106e+07
1.05544e+08	0	2.75702e+07
1.0538e+08	0	2.75297e+07
1.05213e+08	0	2.74893e+07
1.05043e+08	0	2.74485e+07
1.04872e+08	0	2.74081e+07
1.047e+08	0	2.73677e+07
1.04523e+08	0	2.73269e+07
1.04347e+08	0	2.72866e+07
1.04167e+08	0	2.72458e+07
1.03987e+08	0	2.72055e+07
1.03804e+08	0	2.71648e+07
1.03621e+08	0	2.71246e+07
1.03434e+08	0	2.7084e+07
1.03247e+08	0	2.70433e+07
1.03058e+08	0	2.70028e+07
1.02867e+08	0	2.69622e+07
1.02676e+08	0	2.69217e+07
1.02483e+08	0	2.68812e+07
1.02289e+08	0	2.68408e+07
1.02094e+08	0	2.68004e+07
1.01899e+08	0	2.676e+07
1.01702e+08	0	2.67196e+07
1.01504e+08	0	2.66793e+07
1.01304e+08	0	2.66386e+07
1.01104e+08	0	2.65984e+07
1.00904e+08	0	2.65582e+07
1.00702e+08	0	2.65177e+07
1.005e+08	0	2.64776e+07
1.00296e+08	0	2.64371e+07
1.00094e+08	0	2.63971e+07
9.98889e+07	0	2.63567e+07
9.96855e+07	0	2.63168e+07
9.94797e+07	0	2.62765e+07
9.92733e+07	0	2.62362e+07
9.90687e+07	0	2.61965e+07
9.88618e+07	0	2.61563e+07
9.86546e+07	0	2.61162e+07
9.84471e+07	0	2.60761e+07
9.82394e+07	0	2.60361e+07
9.80315e+07	0	2.59962e+07
9.78235e+07	0	2.59563e+07
9.76153e+07	0	2.59164e+07
9.74071e+07	0	2.58767e+07
9.71989e+07	0	2.58369e+07
9.69906e+07	0	2.57972e+07
9.67824e+07	0	2.57576e+07
9.65741e+07	0	2.5718e+07
9.63659e+07	0	2.56785e+07
9.61578e+07	0	2.5639e+07
9.59477e+07	0	2.55992e+07
9.57399e+07	0	2.55598e+07
9.55322e+07	0	2.55205e+07
9.53226e+07	0	2.54809e+07
9.51153e+07	0	2.54417e+07
9.49082e+07	0	2.54025e+07
9.46993e+07	0	2.5363e+07
9.44927e+07	0	2.5324e+07
9.42843e+07	0	2.52847e+07
9.40784e+07	0	2.52458e+07
9.38706e+07	0	2.52065e+07
9.36654e+07	0	2.51677e+07
9.34583e+07	0	2.51286e+07
9.32537e+07	0	2.50899e+07
9.30475e+07	0	2.50509e+07
9.28437e+07	0	2.50124e+07
9.26384e+07	0	2.49735e+07
9.24334e+07	0	2.49347e+07
9.22309e+07	0	2.48963e+07
9.20269e+07	0	2.48576e+07
9.18234e+07	0	2.4819e+07
9.16203e+07	0	2.47804e+07
9.14198e+07	0	2.47423e+07
9.12178e+07	0	2.47038e+07
9.10164e+07	0	2.46655e+07
9.08155e+07	0	2.46271e+07
9.06151e+07	0	2.45889e+07
9.04153e+07	0	2.45507e+07
9.02161e+07	0	2.45125e+07
9.00195e+07	0	2.44749e+07
8.98216e+07	0	2.44369e+07
8.96242e+07	0	2.43989e+07
8.94275e+07	0	2.4361e+07
8.92313e+07	0	2.43232e+07
8.90359e+07	0	2.42855e+07
8.8841e+07	0	2.42478e+07
8.86468e+07	0	2.42101e+07
8.84533e+07	0	2.41726e+07
8.82604e+07	0	2.41351e+07
8.80663e+07	0	2.40973e+07
8.78749e+07	0	2.40599e+07
8.76841e+07	0	2.40226e+07
8.74941e+07	0	2.39854e+07
8.73047e+07	0	2.39482e+07
8.7116e+07	0	2.39111e+07
8.6928e+07	0	2.3874e+07
8.67388e+07	0	2.38367e+07
8.65524e+07	0	2.37998e+07
8.63667e+07	0	2.37629e+07
8.61816e+07	0	2.37261e+07
8.59972e+07	0	2.36894e+07
8.58118e+07	0	2.36524e+07
8.56291e+07	0	2.36158e+07
8.5447e+07	0	2.35792e+07
8.52655e+07	0	2.35428e+07
8.50833e+07	0	2.3506e+07
8.49035e+07	0	2.34697e+07
8.47244e+07	0	2.34334e+07
8.45444e+07	0	2.33968e+07
8.4367e+07	0	2.33607e+07
8.41901e+07	0	2.33246e+07
8.40125e+07	0	2.32883e+07
8.38374e+07	0	2.32523e+07
8.36611e+07	0	2.32161e+07
8.34877e+07	0	2.31803e+07
8.33147e+07	0	2.31445e+07
8.3141e+07	0	2.31085e+07
8.29698e+07	0	2.30728e+07
8.27976e+07	0	2.30369e+07
8.2628e+07	0	2.30014e+07
8.24572e+07	0	2.29656e+07
8.22894e+07	0	2.29303e+07
8.21218e+07	0	2.2895e+07
8.19539e+07	0	2.28594e+07
8.17879e+07	0	2.28242e+07
8.16216e+07	0	2.27887e+07
8.14572e+07	0	2.27537e+07
8.12925e+07	0	2.27184e+07
8.11281e+07	0	2.26831e+07
8.09666e+07	0	2.26482e+07
8.08039e+07	0	2.26131e+07
8.06439e+07	0	2.25784e+07
8.04829e+07	0	2.25434e+07
8.03243e+07	0	2.25088e+07
8.0165e+07	0	2.24739e+07
8.00078e+07	0	2.24394e+07
7.98503e+07	0	2.24047e+07
7.96932e+07	0	2.237e+07
7.95387e+07	0	2.23357e+07
7.93834e+07	0	2.23011e+07
7.92301e+07	0	2.2267e+07
7.90766e+07	0	2.22326e+07
7.89236e+07	0	2.21982e+07
7.87728e+07	0	2.21642e+07
7.86216e+07	0	2.213e+07
7.84709e+07	0	2.20958e+07
7.83226e+07	0	2.2062e+07
7.81737e+07	0	2.2028e+07
7.80254e+07	0	2.1994e+07
7.78794e+07	0	2.19604e+07
7.77329e+07	0	2.19265e+07
7.75869e+07	0	2.18927e+07
7.74431e+07	0	2.18593e+07
7.72991e+07	0	2.18256e+07
7.71555e+07	0	2.1792e+07
7.70125e+07	0	2.17585e+07
7.68722e+07	0	2.17253e+07
7.67311e+07	0	2.16919e+07
7.65905e+07	0	2.16585e+07
7.6452e+07	0	2.16255e+07
7.63134e+07	0	2.15923e+07
7.61753e+07	0	2.15591e+07
7.60378e+07	0	2.1526e+07
7.59024e+07	0	2.14933e+07
7.57668e+07	0	2.14603e+07
7.56318e+07	0	2.14273e+07
7.54973e+07	0	2.13944e+07
7.53648e+07	0	2.1362e+07
7.52323e+07	0	2.13292e+07
7.51003e+07	0	2.12965e+07
7.49688e+07	0	2.12639e+07
7.48379e+07	0	2.12313e+07
7.47095e+07	0	2.11991e+07
7.45806e+07	0	2.11667e+07
7.44522e+07	0	2.11343e+07
7.43245e+07	0	2.11019e+07
7.41972e+07	0	2.10697e+07
7.40724e+07	0	2.10378e+07
7.39472e+07	0	2.10056e+07
7.38225e+07	0	2.09735e+07
7.36984e+07	0	2.09415e+07
7.35748e+07	0	2.09095e+07
7.34531e+07	0	2.08779e+07
7.33316e+07	0	2.08461e+07
7.32106e+07	0	2.08143e+07
7.30902e+07	0	2.07825e+07
7.29704e+07	0	2.07509e+07
7.28511e+07	0	2.07192e+07
7.27323e+07	0	2.06877e+07
7.26161e+07	0	2.06565e+07
7.24994e+07	0	2.0625e+07
7.23832e+07	0	2.05936e+07
7.22676e+07	0	2.05623e+07
7.21526e+07	0	2.0531e+07
7.20382e+07	0	2.04998e+07
7.19242e+07	0	2.04687e+07
7.18126e+07	0	2.04379e+07
7.17007e+07	0	2.04068e+07
7.15894e+07	0	2.03758e+07
7.14786e+07	0	2.03449e+07
7.13684e+07	0	2.0314e+07
7.12587e+07	0	2.02832e+07
7.11497e+07	0	2.02525e+07
7.10411e+07	0	2.02218e+07
7.09332e+07	0	2.01911e+07
7.08277e+07	0	2.01608e+07
7.07218e+07	0	2.01303e+07
7.06164e+07	0	2.00998e+07
7.05115e+07	0	2.00694e+07
7.04072e+07	0	2.0039e+07
7.03035e+07	0	2.00087e+07
7.02003e+07	0	1.99785e+07
7.00976e+07	0	1.99483e+07
6.99956e+07	0	1.99181e+07
6.9894e+07	0	1.9888e+07
6.97943e+07	0	1.98583e+07
6.96947e+07	0	1.98283e+07
6.95957e+07	0	1.97984e+07
6.94973e+07	0	1.97685e+07
6.93994e+07	0	1.97387e+07
6.9302e+07	0	1.97089e+07
6.92052e+07	0	1.96792e+07
6.91089e+07	0	1.96496e+07
6.90131e+07	0	1.962e+07
6.89179e+07	0	1.95904e+07
6.88233e+07	0	1.95609e+07
6.87292e+07	0	1.95315e+07
6.86356e+07	0	1.95021e+07
6.85425e+07	0	1.94728e+07
6.845e+07	0	1.94435e+07
6.83593e+07	0	1.94145e+07
6.82688e+07	0	1.93854e+07
6.81787e+07	0	1.93563e+07
6.80892e+07	0	1.93272e+07
6.80002e+07	0	1.92982e+07
6.79117e+07	0	1.92692e+07
6.78237e+07	0	1.92403e+07
6.77363e+07	0	1.92115e+07
6.76494e+07	0	1.91827e+07
6.7563e+07	0	1.91539e+07
6.74772e+07	0	1.91252e+07
6.73918e+07	0	1.90965e+07
6.7307e+07	0	1.90679e+07
6.72227e+07	0	1.90394e+07
6.71389e+07	0	1.90109e+07
6.70556e+07	0	1.89824e+07
6.69728e+07	0	1.8954e+07
6.68905e+07	0	1.89257e+07
6.68088e+07	0	1.88974e+07
6.67275e+07	0	1.88691e+07
6.66467e+07	0	1.8841e+07
6.65665e+07	0	1.88128e+07
6.64868e+07	0	1.87847e+07
6.64075e+07	0	1.87567e+07
6.63288e+07	0	1.87287e+07
6.62505e+07	0	1.87007e+07
6.61728e+07	0	1.86728e+07
6.60955e+07	0	1.8645e+07
6.60187e+07	0	1.86172e+07
6.59432e+07	0	1.85897e+07
6.58683e+07	0	1.8562e+07
6.57938e+07	0	1.85344e+07
6.57198e+07	0	1.85068e+07
6.56462e+07	0	1.84792e+07
6.55732e+07	0	1.84517e+07
6.55006e+07	0	1.84243e+07
6.54285e+07	0	1.83969e+07
6.53569e+07	0	1.83696e+07
6.52857e+07	0	1.83423e+07
6.5215e+07	0	1.8315e+07
6.51448e+07	0	1.82878e+07
6.50751e+07	0	1.82606e+07
6.50058e+07	0	1.82335e+07
6.4937e+07	0	1.82065e+07
6.48686e+07	0	1.81795e+07
6.48007e+07	0	1.81525e+07
6.47332e+07	0	1.81256e+07
6.46662e+07	0	1.80987e+07
6.45997e+07	0	1.80719e+07
6.45336e+07	0	1.80451e+07
6.4468e+07	0	1.80184e+07
6.44028e+07	0	1.79917e+07
6.4338e+07	0	1.79651e+07
6.42737e+07	0	1.79385e+07
6.42098e+07	0	1.79119e+07
6.41464e+07	0	1.78854e+07
6.40834e+07	0	1.7859e+07
6.40209e+07	0	1.78326e+07
6.39588e+07	0	1.78062e+07
6.38971e+07	0	1.77799e+07
6.38359e+07	0	1.77537e+07
6.37751e+07	0	1.77274e+07
6.37147e+07	0	1.77013e+07
6.36547e+07	0	1.76751e+07
6.35952e+07	0	1.7649e+07
6.35361e+07	0	1.7623e+07
6.34774e+07	0	1.7597e+07
6.34191e+07	0	1.75711e+07
6.33612e+07	0	1.75452e+07
6.33038e+07	0	1.75193e+07
6.32468e+07	0	1.74935e+07
6.31902e+07	0	1.74677e+07
6.3134e+07	0	1.7442e+07
6.30782e+07	0	1.74163e+07
6.30228e+07	0	1.73907e+07
6.29678e+07	0	1.73651e+07
6.29132e+07	0	1.73395e+07
6.2859e+07	0	1.7314e+07
6.28052e+07	0	1.72886e+07
6.27518e+07	0	1.72632e+07
6.26988e+07	0	1.72378e+07
6.26462e+07	0	1.72125e+07
6.2594e+07	0	1.71872e+07
6.25422e+07	0	1.71619e+07
6.24908e+07	0	1.71367e+07
6.24397e+07	0	1.71116e+07
6.23891e+07	0	1.70865e+07
6.23388e+07	0	1.70614e+07
6.22889e+07	0	1.70364e+07
6.22394e+07	0	1.70114e+07
6.21903e+07	0	1.69865e+07
6.21415e+07	0	1.69616e+07
6.20931e+07	0	1.69367e+07
6.20451e+07	0	1.69119e+07
6.19974e+07	0	1.68871e+07
6.19502e+07	0	1.68624e+07
6.19032e+07	0	1.68377e+07
6.18567e+07	0	1.68131e+07
6.18105e+07	0	1.67885e+07
6.17647e+07	0	1.67639e+07
6.17192e+07	0	1.67394e+07
6.16741e+07	0	1.67149e+07
6.16294e+07	0	1.66905e+07
6.1585e+07	0	1.66661e+07
6.15409e+07	0	1.66418e+07
6.14972e+07	0	1.66175e+07
6.14539e+07	0	1.65932e+07
6.14109e+07	0	1.6569e+07
6.13682e+07	0	1.65448e+07
6.13259e+07	0	1.65206e+07
6.1284e+07	0	1.64965e+07
6.12423e+07	0	1.64725e+07
6.12011e+07	0	1.64484e+07
6.11601e+07	0	1.64245e+07
6.11195e+07	0	1.64005e+07
6.10792e+07	0	1.63766e+07
6.10393e+07	0	1.63527e+07
6.09997e+07	0	1.63289e+07
6.09604e+07	0	1.63051e+07
6.09214e+07	0	1.62814e+07
6.08828e+07	0	1.62577e+07
6.08445e+07	0	1.6234e+07
6.08065e+07	0	1.62104e+07
6.07688e+07	0	1.61868e+07
6.07315e+07	0	1.61633e+07
6.06944e+07	0	1.61398e+07
6.06577e+07	0	1.61163e+07
6.06213e+07	0	1.60929e+07
6.05852e+07	0	1.60695e+07
6.05494e+07	0	1.60462e+07
6.0514e+07	0	1.60229e+07
6.04788e+07	0	1.59996e+07
6.0444e+07	0	1.59764e+07
6.04094e+07	0	1.59532e+07
6.03752e+07	0	1.593e+07
6.03412e+07	0	1.59069e+07
6.03076e+07	0	1.58838e+07
6.02742e+07	0	1.58608e+07
6.02412e+07	0	1.58378e+07
6.02084e+07	0	1.58148e+07
6.0176e+07	0	1.57919e+07
6.01438e+07	0	1.5769e+07
6.01119e+07	0	1.57462e+07
6.00803e+07	0	1.57234e+07
6.0049e+07	0	1.57006e+07
6.0018e+07	0	1.56778e+07
5.99873e+07	0	1.56552e+07
5.99568e+07	0	1.56325e+07
5.99267e+07	0	1.56099e+07
5.98968e+07	0	1.55873e+07
5.98672e+07	0	1.55647e+07
5.98378e+07	0	1.55422e+07
5.98088e+07	0	1.55198e+07
5.978e+07	0	1.54973e+07
5.97515e+07	0	1.54749e+07
5.97233e+07	0	1.54526e+07
5.96953e+07	0	1.54302e+07
5.96676e+07	0	1.54079e+07
5.96402e+07	0	1.53857e+07
5.9613e+07	0	1.53635e+07
5.95861e+07	0	1.53413e+07
5.95594e+07	0	1.53191e+07
5.95331e+07	0	1.5297e+07
5.9507e+07	0	1.5275e+07
5.94811e+07	0	1.52529e+07
5.94555e+07	0	1.52309e+07
5.94302e+07	0	1.5209e+07
5.94051e+07	0	1.5187e+07
5.93802e+07	0	1.51651e+07
5.93556e+07	0	1.51433e+07
5.93313e+07	0	1.51214e+07
5.93072e+07	0	1.50997e+07
5.92834e+07	0	1.50779e+07
5.92598e+07	0	1.50562e+07
5.92364e+07	0	1.50345e+07
5.92133e+07	0	1.50129e+07
5.91905e+07	0	1.49913e+07
5.91679e+07	0	1.49697e+07
5.91455e+07	0	1.49481e+07
5.91233e+07	0	1.49266e+07
5.91014e+07	0	1.49052e+07
5.90798e+07	0	1.48837e+07
5.90583e+07	0	1.48623e+07
5.90371e+07	0	1.48409e+07
5.90161e+07	0	1.48196e+07
5.89954e+07	0	1.47983e+07
5.89749e+07	0	1.47771e+07
5.89546e+07	0	1.47558e+07
5.89346e+07	0	1.47346e+07
5.89147e+07	0	1.47135e+07
5.88951e+07	0	1.46923e+07
5.88758e+07	0	1.46712e+07
5.88566e+07	0	1.46502e+07
5.88377e+07	0	1.46291e+07
5.88189e+07	0	1.46082e+07
5.88004e+07	0	1.45872e+07
5.87822e+07	0	1.45663e+07
5.87641e+07	0	1.45454e+07
5.87462e+07	0	1.45245e+07
5.87286e+07	0	1.45037e+07
5.87112e+07	0	1.44829e+07
5.8694e+07	0	1.44621e+07
5.8677e+07	0	1.44414e+07
5.86602e+07	0	1.44207e+07
5.86436e+07	0	1.44e+07
5.86272e+07	0	1.43794e+07
5.8611e+07	0	1.43588e+07
5.85951e+07	0	1.43383e+07
5.85793e+07	0	1.43177e+07
5.85637e+07	0	1.42972e+07
5.85484e+07	0	1.42768e+07
5.85332e+07	0	1.42563e+07
5.85182e+07	0	1.42359e+07
5.85035e+07	0	1.42155e+07
5.84889e+07	0	1.41952e+07
5.84745e+07	0	1.41749e+07
5.84603e+07	0	1.41546e+07
5.84463e+07	0	1.41344e+07
5.84325e+07	0	1.41142e+07
5.84189e+07	0	1.4094e+07
5.84055e+07	0	1.40739e+07
5.83923e+07	0	1.40537e+07
5.83792e+07	0	1.40337e+07
5.83664e+07	0	1.40136e+07
5.83537e+07	0	1.39936e+07
5.83412e+07	0	1.39736e+07
5.83289e+07	0	1.39537e+07
5.83168e+07	0	1.39337e+07
5.83049e+07	0	1.39138e+07
5.82931e+07	0	1.3894e+07
5.82815e+07	0	1.38741e+07
5.82702e+07	0	1.38543e+07
5.82589e+07	0	1.38346e+07
5.82479e+07	0	1.38148e+07
5.8237e+07	0	1.37951e+07
5.82263e+07	0	1.37754e+07
5.82158e+07	0	1.37558e+07
5.82055e+07	0	1.37362e+07
5.81953e+07	0	1.37166e+07
5.81853e+07	0	1.3697e+07
5.81754e+07	0	1.36775e+07
5.81658e+07	0	1.3658e+07
5.81563e+07	0	1.36386e+07
5.81469e+07	0	1.36191e+07
5.81378e+07	0	1.35997e+07
5.81288e+07	0	1.35803e+07
5.81199e+07	0	1.3561e+07
5.81112e+07	0	1.35417e+07
5.81027e+07	0	1.35224e+07
5.80944e+07	0	1.35032e+07
5.80862e+07	0	1.34839e+07
5.80781e+07	0	1.34647e+07
5.80703e+07	0	1.34456e+07
5.80625e+07	0	1.34264e+07
5.8055e+07	0	1.34073e+07
5.80476e+07	0	1.33883e+07
5.80403e+07	0	1.33692e+07
5.80332e+07	0	1.33502e+07
5.80263e+07	0	1.33312e+07
5.80195e+07	0	1.33122e+07
5.80128e+07	0	1.32933e+07
5.80063e+07	0	1.32744e+07
5.8e+07	0	1.32555e+07
5.79938e+07	0	1.32367e+07
5.79877e+07	0	1.32179e+07
5.79818e+07	0	1.31991e+07
5.79761e+07	0	1.31804e+07
5.79705e+07	0	1.31616e+07
5.7965e+07	0	1.31429e+07
5.79597e+07	0	1.31243e+07
5.79545e+07	0	1.31056e+07
5.79494e+07	0	1.3087e+07
5.79445e+07	0	1.30684e+07
5.79398e+07	0	1.30499e+07
5.79352e+07	0	1.30313e+07
5.79307e+07	0	1.30128e+07
5.79263e+07	0	1.29944e+07
5.79221e+07	0	1.29759e+07
5.7918e+07	0	1.29575e+07
5.79141e+07	0	1.29391e+07
5.79103e+07	0	1.29208e+07
5.79066e+07	0	1.29024e+07
5.79031e+07	0	1.28841e+07
5.78997e+07	0	1.28659e+07
5.78964e+07	0	1.28476e+07
5.78933e+07	0	1.28294e+07
5.78902e+07	0	1.28112e+07
5.78874e+07	0	1.27931e+07
5.78846e+07	0	1.27749e+07
5.7882e+07	0	1.27568e+07
5.78795e+07	0	1.27387e+07
5.78771e+07	0	1.27207e+07
5.78748e+07	0	1.27026e+07
5.78727e+07	0	1.26847e+07
5.78707e+07	0	1.26667e+07
5.78688e+07	0	1.26487e+07
5.7867e+07	0	1.26308e+07
5.78654e+07	0	1.26129e+07
5.78639e+07	0	1.25951e+07
5.78625e+07	0	1.25772e+07
5.78612e+07	0	1.25594e+07
5.786e+07	0	1.25416e+07
5.7859e+07	0	1.25239e+07
5.7858e+07	0	1.25062e+07
5.78572e+07	0	1.24885e+07
5.78565e+07	0	1.24708e+07
5.78559e+07	0	1.24531e+07
5.78554e+07	0	1.24355e+07
5.78551e+07	0	1.24179e+07
5.78548e+07	0	1.24003e+07
5.78547e+07	0	1.23828e+07
5.78547e+07	0	1.23653e+07
5.78548e+07	0	1.23478e+07
5.7855e+07	0	1.23303e+07
5.78553e+07	0	1.23129e+07
5.78557e+07	0	1.22955e+07
5.78562e+07	0	1.22781e+07
5.78568e+07	0	1.22607e+07
5.78576e+07	0	1.22434e+07
5.78584e+07	0	1.22261e+07
5.78594e+07	0	1.22088e+07
5.78604e+07	0	1.21916e+07
5.78616e+07	0	1.21743e+07
5.78628e+07	0	1.21571e+07
5.78642e+07	0	1.214e+07
5.78657e+07	0	1.21228e+07
5.78672e+07	0	1.21057e+07
5.78689e+07	0	1.20886e+07
5.78707e+07	0	1.20715e+07
5.78725e+07	0	1.20544e+07
5.78745e+07	0	1.20374e+07
5.78765e+07	0	1.20204e+07
5.78787e+07	0	1.20034e+07
5.7881e+07	0	1.19865e+07
5.78833e+07	0	1.19696e+07
5.78858e+07	0	1.19527e+07
5.78883e+07	0	1.19358e+07
5.78909e+07	0	1.1919e+07
5.78937e+07	0	1.19021e+07
5.78965e+07	0	1.18853e+07
5.78994e+07	0	1.18686e+07
5.79024e+07	0	1.18518e+07
5.79055e+07	0	1.18351e+07
5.79087e+07	0	1.18184e+07
5.7912e+07	0	1.18017e+07
5.79154e+07	0	1.17851e+07
5.79189e+07	0	1.17684e+07
5.79224e+07	0	1.17518e+07
5.7926e+07	0	1.17353e+07
5.79298e+07	0	1.17187e+07
5.79336e+07	0	1.17022e+07
5.79375e+07	0	1.16857e+07
5.79415e+07	0	1.16692e+07
5.79455e+07	0	1.16528e+07
5.79497e+07	0	1.16363e+07
5.79539e+07	0	1.16199e+07
5.79583e+07	0	1.16035e+07
5.79627e+07	0	1.15872e+07
5.79672e+07	0	1.15709e+07
5.79717e+07	0	1.15545e+07
5.79764e+07	0	1.15383e+07
5.79811e+07	0	1.1522e+07
5.79859e+07	0	1.15058e+07
5.79908e+07	0	1.14896e+07
5.79958e+07	0	1.14734e+07
5.80009e+07	0	1.14572e+07
5.8006e+07	0	1.14411e+07
5.80112e+07	0	1.14249e+07
5.80165e+07	0	1.14088e+07
5.80219e+07	0	1.13928e+07
5.80273e+07	0	1.13767e+07
5.80328e+07	0	1.13607e+07
5.80384e+07	0	1.13447e+07
5.80441e+07	0	1.13287e+07
5.80498e+07	0	1.13128e+07
5.80556e+07	0	1.12969e+07
5.80615e+07	0	1.1281e+07
5.80675e+07	0	1.12651e+07
5.80735e+07	0	1.12492e+07
5.80796e+07	0	1.12334e+07
5.80858e+07	0	1.12176e+07
5.8092e+07	0	1.12018e+07
5.80983e+07	0	1.1186e+07
5.81047e+07	0	1.11703e+07
5.81112e+07	0	1.11545e+07
5.81177e+07	0	1.11388e+07
5.81243e+07	0	1.11232e+07
5.8131e+07	0	1.11075e+07
5.81377e+07	0	1.10919e+07
5.81445e+07	0	1.10763e+07
5.81513e+07	0	1.10607e+07
5.81583e+07	0	1.10451e+07
5.81653e+07	0	1.10296e+07
5.81723e+07	0	1.10141e+07
5.81794e+07	0	1.09986e+07
5.81866e+07	0	1.09831e+07
5.81939e+07	0	1.09677e+07
5.82012e+07	0	1.09523e+07
5.82086e+07	0	1.09369e+07
5.8216e+07	0	1.09215e+07
5.82235e+07	0	1.09061e+07
5.82311e+07	0	1.08908e+07
5.82387e+07	0	1.08755e+07
5.82464e+07	0	1.08602e+07
5.82542e+07	0	1.08449e+07
5.8262e+07	0	1.08297e+07
5.82698e+07	0	1.08144e+07
5.82778e+07	0	1.07992e+07
5.82857e+07	0	1.07841e+07
5.82938e+07	0	1.07689e+07
5.83019e+07	0	1.07538e+07
5.831e+07	0	1.07387e+07
5.83183e+07	0	1.07236e+07
5.83265e+07	0	1.07085e+07
5.83349e+07	0	1.06934e+07
5.83432e+07	0	1.06784e+07
5.83517e+07	0	1.06634e+07
5.83602e+07	0	1.06484e+07
5.83687e+07	0	1.06335e+07
5.83773e+07	0	1.06185e+07
5.8386e+07	0	1.06036e+07
5.83947e+07	0	1.05887e+07
5.84035e+07	0	1.05738e+07
5.84123e+07	0	1.0559e+07
5.84211e+07	0	1.05442e+07
5.84301e+07	0	1.05294e+07
5.8439e+07	0	1.05146e+07
5.84481e+07	0	1.04998e+07
5.84571e+07	0	1.0485e+07
5.84663e+07	0	1.04703e+07
5.84754e+07	0	1.04556e+07
5.84847e+07	0	1.04409e+07
5.84939e+07	0	1.04263e+07
5.85033e+07	0	1.04116e+07
5.85126e+07	0	1.0397e+07
5.8522e+07	0	1.03824e+07
5.85315e+07	0	1.03678e+07
5.8541e+07	0	1.03533e+07
5.85506e+07	0	1.03388e+07
5.85602e+07	0	1.03242e+07
5.85698e+07	0	1.03097e+07
5.85795e+07	0	1.02953e+07
5.85893e+07	0	1.02808e+07
5.85991e+07	0	1.02664e+07
5.86089e+07	0	1.0252e+07
5.86188e+07	0	1.02376e+07
5.86287e+07	0	1.02232e+07
5.86387e+07	0	1.02089e+07
5.86487e+07	0	1.01946e+07
5.86588e+07	0	1.01802e+07
5.86689e+07	0	1.0166e+07
5.8679e+07	0	1.01517e+07
5.86892e+07	0	1.01374e+07
5.86994e+07	0	1.01232e+07
5.87097e+07	0	1.0109e+07
5.872e+07	0	1.00948e+07
5.87303e+07	0	1.00807e+07
5.87407e+07	0	1.00665e+07
5.87511e+07	0	1.00524e+07
5.87616e+07	0	1.00383e+07
5.87721e+07	0	1.00242e+07
5.87827e+07	0	1.00102e+07
5.87932e+07	0	9.99612e+06
5.88039e+07	0	9.9821e+06
5.88145e+07	0	9.9681e+06
5.88252e+07	0	9.95412e+06
5.8836e+07	0	9.94015e+06
5.88468e+07	0	9.92621e+06
5.88576e+07	0	9.91229e+06
5.88684e+07	0	9.89839e+06
5.88793e+07	0	9.88451e+06
5.88902e+07	0	9.87064e+06
5.89012e+07	0	9.8568e+06
5.89122e+07	0	9.84298e+06
5.89232e+07	0	9.82918e+06
5.89343e+07	0	9.81539e+06
5.89454e+07	0	9.80163e+06
5.89565e+07	0	9.78789e+06
5.89677e+07	0	9.77416e+06
5.89789e+07	0	9.76046e+06
5.89901e+07	0	9.74677e+06
5.90014e+07	0	9.73311e+06
5.90127e+07	0	9.71946e+06
5.9024e+07	0	9.70584e+06
5.90354e+07	0	9.69223e+06
5.90468e+07	0	9.67864e+06
5.90582e+07	0	9.66507e+06
5.90697e+07	0	9.65153e+06
5.90812e+07	0	9.638e+06
5.90927e+07	0	9.62449e+06
5.91042e+07	0	9.611e+06
5.91158e+07	0	9.59752e+06
5.91274e+07	0	9.58407e+06
5.91391e+07	0	9.57064e+06
5.91507e+07	0	9.55722e+06
5.91624e+07	0	9.54383e+06
5.91742e+07	0	9.53045e+06
5.91859e+07	0	9.5171e+06
5.91977e+07	0	9.50376e+06
5.92095e+07	0	9.49044e+06
5.92214e+07	0	9.47714e+06
5.92333e+07	0	9.46386e+06
5.92452e+07	0	9.4506e+06
5.92571e+07	0	9.43735e+06
5.9269e+07	0	9.42413e+06
5.9281e+07	0	9.41092e+06
5.9293e+07	0	9.39774e+06
5.93051e+07	0	9.38457e+06
5.93171e+07	0	9.37142e+06
5.93292e+07	0	9.35829e+06
5.93413e+07	0	9.34517e+06
5.93535e+07	0	9.33208e+06
5.93656e+07	0	9.31901e+06
5.93778e+07	0	9.30595e+06
5.939e+07	0	9.29291e+06
5.94023e+07	0	9.27989e+06
5.94145e+07	0	9.26689e+06
5.94268e+07	0	9.25391e+06
5.94391e+07	0	9.24094e+06
5.94514e+07	0	9.228e+06
5.94638e+07	0	9.21507e+06
5.94762e+07	0	9.20216e+06
5.94886e+07	0	9.18927e+06
5.9501e+07	0	9.1764e+06
5.95134e+07	0	9.16355e+06
5.95259e+07	0	9.15071e+06
5.95384e+07	0	9.13789e+06
5.95509e+07	0	9.12509e+06
5.95634e+07	0	9.11231e+06
5.9576e+07	0	9.09955e+06
5.95885e+07	0	9.0868e+06
5.96011e+07	0	9.07407e+06
5.96137e+07	0	9.06137e+06
5.96264e+07	0	9.04867e+06
5.9639e+07	0	9.036e+06
5.96517e+07	0	9.02335e+06
5.96644e+07	0	9.01071e+06
5.96771e+07	0	8.99809e+06
5.96898e+07	0	8.98549e+06
5.97026e+07	0	8.9729e+06
5.97153e+07	0	8.96034e+06
5.97281e+07	0	8.94779e+06
5.97409e+07	0	8.93526e+06
5.97537e+07	0	8.92274e+06
5.97666e+07	0	8.91025e+06
5.97794e+07	0	8.89777e+06
5.97923e+07	0	8.88531e+06
5.98052e+07	0	8.87287e+06
5.98181e+07	0	8.86044e+06
5.9831e+07	0	8.84804e+06
5.9844e+07	0	8.83565e+06
5.98569e+07	0	8.82328e+06
5.98699e+07	0	8.81092e+06
5.98829e+07	0	8.79858e+06
5.98959e+07	0	8.78626e+06
5.99089e+07	0	8.77396e+06
5.99219e+07	0	8.76168e+06
5.9935e+07	0	8.74941e+06
5.99481e+07	0	8.73716e+06
5.99611e+07	0	8.72492e+06
5.99742e+07	0	8.71271e+06
5.99873e+07	0	8.70051e+06
6.00005e+07	0	8.68833e+06
6.00136e+07	0	8.67616e+06
6.00268e+07	0	8.66402e+06
6.00399e+07	0	8.65189e+06
6.00531e+07	0	8.63977e+06
6.00663e+07	0	8.62768e+06
6.00795e+07	0	8.6156e+06
6.00927e+07	0	8.60354e+06
6.0106e+07	0	8.59149e+06
6.01192e+07	0	8.57946e+06
6.01325e+07	0	8.56745e+06
6.01457e+07	0	8.55546e+06
6.0159e+07	0	8.54348e+06
6.01723e+07	0	8.53152e+06
6.01856e+07	0	8.51958e+06
6.01989e+07	0	8.50765e+06
6.02123e+07	0	8.49574e+06
6.02256e+07	0	8.48385e+06
6.0239e+07	0	8.47197e+06
6.02523e+07	0	8.46011e+06
6.02657e+07	0	8.44827e+06
6.02791e+07	0	8.43644e+06
6.02925e+07	0	8.42463e+06
6.03059e+07	0	8.41284e+06
6.03193e+07	0	8.40106e+06
6.03327e+07	0	8.3893e+06
6.03461e+07	0	8.37756e+06
6.03596e+07	0	8.36583e+06
6.0373e+07	0	8.35412e+06
6.03865e+07	0	8.34243e+06
6.04e+07	0	8.33075e+06
6.04134e+07	0	8.31909e+06
6.04269e+07	0	8.30745e+06
6.04404e+07	0	8.29582e+06
6.04539e+07	0	8.28421e+06
6.04675e+07	0	8.27261e+06
6.0481e+07	0	8.26103e+06
6.04945e+07	0	8.24947e+06
6.05081e+07	0	8.23792e+06
6.05216e+07	0	8.22639e+06
6.05352e+07	0	8.21488e+06
6.05487e+07	0	8.20338e+06
6.05623e+07	0	8.1919e+06
6.05759e+07	0	8.18043e+06
6.05894e+07	0	8.16898e+06
6.0603e+07	0	8.15755e+06
6.06166e+07	0	8.14613e+06
6.06302e+07	0	8.13473e+06
6.06438e+07	0	8.12334e+06
6.06575e+07	0	8.11197e+06
6.06711e+07	0	8.10062e+06
6.06847e+07	0	8.08928e+06
6.06983e+07	0	8.07796e+06
6.0712e+07	0	8.06665e+06
6.07256e+07	0	8.05536e+06
6.07393e+07	0	8.04409e+06
6.07529e+07	0	8.03283e+06
6.07666e+07	0	8.02159e+06
6.07803e+07	0	8.01036e+06
6.07939e+07	0	7.99915e+06
6.08076e+07	0	7.98795e+06
6.08213e+07	0	7.97677e+06
6.0835e+07	0	7.96561e+06
6.08487e+07	0	7.95446e+06
6.08624e+07	0	7.94333e+06
6.08761e+07	0	7.93221e+06
6.08898e+07	0	7.92111e+06
6.09035e+07	0	7.91002e+06
6.09172e+07	0	7.89895e+06
6.09309e+07	0	7.8879e+06
6.09446e+07	0	7.87686e+06
6.09584e+07	0	7.86583e+06
6.09721e+07	0	7.85482e+06
6.09858e+07	0	7.84383e+06
6.09995e+07	0	7.83285e+06
6.10133e+07	0	7.82189e+06
6.1027e+07	0	7.81094e+06
6.10407e+07	0	7.80001e+06
6.10545e+07	0	7.78909e+06
6.10682e+07	0	7.77819e+06
6.1082e+07	0	7.76731e+06
6.10957e+07	0	7.75644e+06
6.11095e+07	0	7.74558e+06
6.11232e+07	0	7.73474e+06
6.1137e+07	0	7.72392e+06
6.11507e+07	0	7.71311e+06
6.11645e+07	0	7.70231e+06
6.11783e+07	0	7.69153e+06
6.1192e+07	0	7.68077e+06
6.12058e+07	0	7.67002e+06
6.12196e+07	0	7.65928e+06
6.12333e+07	0	7.64856e+06
6.12471e+07	0	7.63786e+06
6.12609e+07	0	7.62717e+06
6.12746e+07	0	7.6165e+06
6.12884e+07	0	7.60584e+06
6.13022e+07	0	7.59519e+06
6.13159e+07	0	7.58456e+06
6.13297e+07	0	7.57395e+06
6.13435e+07	0	7.56335e+06
6.13572e+07	0	7.55276e+06
6.1371e+07	0	7.54219e+06
6.13848e+07	0	7.53163e+06
6.13986e+07	0	7.52109e+06
6.14123e+07	0	7.51057e+06
6.14261e+07	0	7.50006e+06
6.14399e+07	0	7.48956e+06
6.14536e+07	0	7.47908e+06
6.14674e+07	0	7.46861e+06
6.14812e+07	0	7.45816e+06
6.14949e+07	0	7.44772e+06
6.15087e+07	0	7.43729e+06
6.15225e+07	0	7.42689e+06
6.15362e+07	0	7.41649e+06
6.155e+07	0	7.40611e+06
6.15638e+07	0	7.39575e+06
6.15775e+07	0	7.38539e+06
6.15913e+07	0	7.37506e+06
6.1605e+07	0	7.36474e+06
6.16188e+07	0	7.35443e+06
6.16325e+07	0	7.34414e+06
6.16463e+07	0	7.33386e+06
6.166e+07	0	7.32359e+06
6.16738e+07	0	7.31334e+06
6.16875e+07	0	7.30311e+06
6.17013e+07	0	7.29288e+06
6.1715e+07	0	7.28268e+06
6.17288e+07	0	7.27248e+06
6.17425e+07	0	7.26231e+06
6.17562e+07	0	7.25214e+06
6.177e+07	0	7.24199e+06
6.17837e+07	0	7.23185e+06
6.17974e+07	0	7.22173e+06
6.18111e+07	0	7.21162e+06
6.18248e+07	0	7.20153e+06
6.18386e+07	0	7.19145e+06
6.18523e+07	0	7.18139e+06
6.1866e+07	0	7.17133e+06
6.18797e+07	0	7.1613e+06
6.18934e+07	0	7.15127e+06
6.19071e+07	0	7.14126e+06
6.19208e+07	0	7.13127e+06
6.19345e+07	0	7.12129e+06
6.19482e+07	0	7.11132e+06
6.19619e+07	0	7.10136e+06
6.19755e+07	0	7.09142e+06
6.19892e+07	0	7.0815e+06
6.20029e+07	0	7.07159e+06
6.20166e+07	0	7.06169e+06
6.20302e+07	0	7.0518e+06
6.20439e+07	0	7.04193e+06
6.20575e+07	0	7.03208e+06
6.20712e+07	0	7.02223e+06
6.20848e+07	0	7.0124e+06
6.20985e+07	0	7.00259e+06
6.21121e+07	0	6.99279e+06
6.21257e+07	0	6.983e+06
6.21394e+07	0	6.97322e+06
6.2153e+07	0	6.96346e+06
6.21666e+07	0	6.95371e+06
6.21802e+07	0	6.94398e+06
6.21938e+07	0	6.93426e+06
6.22074e+07	0	6.92455e+06
6.2221e+07	0	6.91486e+06
6.22346e+07	0	6.90518e+06
6.22482e+07	0	6.89551e+06
6.22618e+07	0	6.88586e+06
6.22754e+07	0	6.87622e+06
6.22889e+07	0	6.8666e+06
6.23025e+07	0	6.85698e+06
6.23161e+07	0	6.84739e+06
6.23296e+07	0	6.8378e+06
6.23432e+07	0	6.82823e+06
6.23567e+07	0	6.81867e+06
6.23702e+07	0	6.80912e+06
6.23838e+07	0	6.79959e+06
6.23973e+07	0	6.79007e+06
6.24108e+07	0	6.78057e+06
6.24243e+07	0	6.77107e+06
6.24378e+07	0	6.7616e+06
6.24513e+07	0	6.75213e+06
6.24648e+07	0	6.74268e+06
6.24783e+07	0	6.73324e+06
6.24918e+07	0	6.72381e+06
6.25053e+07	0	6.7144e+06
6.25187e+07	0	6.705e+06
6.25322e+07	0	6.69561e+06
6.25457e+07	0	6.68624e+06
6.25591e+07	0	6.67688e+06
6.25725e+07	0	6.66753e+06
6.2586e+07	0	6.65819e+06
6.25994e+07	0	6.64887e+06
6.26128e+07	0	6.63956e+06
6.26262e+07	0	6.63027e+06
6.26396e+07	0	6.62098e+06
6.2653e+07	0	6.61171e+06
6.26664e+07	0	6.60246e+06
6.26798e+07	0	6.59321e+06
6.26932e+07	0	6.58398e+06
6.27066e+07	0	6.57476e+06
6.27199e+07	0	6.56556e+06
6.27333e+07	0	6.55637e+06
6.27466e+07	0	6.54719e+06
6.276e+07	0	6.53802e+06
6.27733e+07	0	6.52886e+06
6.27866e+07	0	6.51972e+06
6.27999e+07	0	6.51059e+06
6.28132e+07	0	6.50148e+06
6.28265e+07	0	6.49237e+06
6.28398e+07	0	6.48328e+06
6.28531e+07	0	6.47421e+06
6.28664e+07	0	6.46514e+06
6.28797e+07	0	6.45609e+06
6.28929e+07	0	6.44705e+06
6.29062e+07	0	6.43802e+06
6.29194e+07	0	6.42901e+06
6.29327e+07	0	6.42e+06
6.29459e+07	0	6.41101e+06
6.29591e+07	0	6.40204e+06
6.29723e+07	0	6.39307e+06
6.29855e+07	0	6.38412e+06
6.29987e+07	0	6.37518e+06
6.30119e+07	0	6.36625e+06
6.30251e+07	0	6.35734e+06
6.30382e+07	0	6.34843e+06
6.30514e+07	0	6.33954e+06
6.30646e+07	0	6.33067e+06
6.30777e+07	0	6.3218e+06
6.30908e+07	0	6.31295e+06
6.3104e+07	0	6.30411e+06
6.31171e+07	0	6.29528e+06
6.31302e+07	0	6.28646e+06
6.31433e+07	0	6.27766e+06
6.31564e+07	0	6.26887e+06
6.31695e+07	0	6.26009e+06
6.31825e+07	0	6.25132e+06
6.31956e+07	0	6.24257e+06
6.32086e+07	0	6.23382e+06
6.32217e+07	0	6.22509e+06
6.32347e+07	0	6.21637e+06
6.32477e+07	0	6.20767e+06
6.32608e+07	0	6.19897e+06
6.32738e+07	0	6.19029e+06
6.32868e+07	0	6.18162e+06
6.32998e+07	0	6.17297e+06
6.33127e+07	0	6.16432e+06
6.33257e+07	0	6.15569e+06
6.33387e+07	0	6.14706e+06
6.33516e+07	0	6.13845e+06
6.33646e+07	0	6.12986e+06
6.33775e+07	0	6.12127e+06
6.33904e+07	0	6.1127e+06
6.34033e+07	0	6.10414e+06
6.34162e+07	0	6.09559e+06
6.34291e+07	0	6.08705e+06
6.3442e+07	0	6.07852e+06
6.34549e+07	0	6.07001e+06
6.34677e+07	0	6.06151e+06
6.34806e+07	0	6.05301e+06
6.34934e+07	0	6.04454e+06
6.35063e+07	0	6.03607e+06
6.35191e+07	0	6.02761e+06
6.35319e+07	0	6.01917e+06
6.35447e+07	0	6.01074e+06
6.35575e+07	0	6.00232e+06
6.35703e+07	0	5.99391e+06
6.35831e+07	0	5.98552e+06
6.35958e+07	0	5.97713e+06
6.36086e+07	0	5.96876e+06
6.36213e+07	0	5.9604e+06
6.36341e+07	0	5.95205e+06
6.36468e+07	0	5.94371e+06
6.36595e+07	0	5.93538e+06
6.36722e+07	0	5.92707e+06
6.36849e+07	0	5.91876e+06
6.36976e+07	0	5.91047e+06
6.37102e+07	0	5.90219e+06
6.37229e+07	0	5.89392e+06
6.37356e+07	0	5.88567e+06
6.37482e+07	0	5.87742e+06
6.37608e+07	0	5.86919e+06
6.37734e+07	0	5.86096e+06
6.3786e+07	0	5.85275e+06
6.37986e+07	0	5.84455e+06
6.38112e+07	0	5.83636e+06
6.38238e+07	0	5.82819e+06
6.38364e+07	0	5.82002e+06
6.38489e+07	0	5.81187e+06
6.38615e+07	0	5.80372e+06
6.3874e+07	0	5.79559e+06
6.38865e+07	0	5.78747e+06
6.3899e+07	0	5.77936e+06
6.39115e+07	0	5.77127e+06
6.3924e+07	0	5.76318e+06
6.39365e+07	0	5.75511e+06
6.3949e+07	0	5.74704e+06
6.39614e+07	0	5.73899e+06
6.39739e+07	0	5.73095e+06
6.39863e+07	0	5.72292e+06
6.39987e+07	0	5.7149e+06
6.40111e+07	0	5.70689e+06
6.40236e+07	0	5.69889e+06
6.40359e+07	0	5.69091e+06
6.40483e+07	0	5.68293e+06
6.40607e+07	0	5.67497e+06
6.4073e+07	0	5.66702e+06
6.40854e+07	0	5.65908e+06
6.40977e+07	0	5.65115e+06
6.41101e+07	0	5.64323e+06
6.41224e+07	0	5.63532e+06
6.41347e+07	0	5.62742e+06
6.4147e+07	0	5.61954e+06
6.41592e+07	0	5.61166e+06
6.41715e+07	0	5.6038e+06
6.41838e+07	0	5.59594e+06
6.4196e+07	0	5.5881e+06
6.42082e+07	0	5.58027e+06
6.42205e+07	0	5.57245e+06
6.42327e+07	0	5.56464e+06
6.42449e+07	0	5.55684e+06
6.42571e+07	0	5.54906e+06
6.42692e+07	0	5.54128e+06
6.42814e+07	0	5.53351e+06
6.42936e+07	0	5.52576e+06
6.43057e+07	0	5.51801e+06
6.43178e+07	0	5.51028e+06
6.433e+07	0	5.50256e+06
6.43421e+07	0	5.49484e+06
6.43542e+07	0	5.48714e+06
6.43663e+07	0	5.47945e+06
6.43783e+07	0	5.47177e+06
6.43904e+07	0	5.4641e+06
6.44024e+07	0	5.45644e+06
6.44145e+07	0	5.4488e+06
6.44265e+07	0	5.44116e+06
6.44385e+07	0	5.43353e+06
6.44505e+07	0	5.42592e+06
6.44625e+07	0	5.41831e+06
6.44745e+07	0	5.41072e+06
6.44865e+07	0	5.40313e+06
6.44984e+07	0	5.39556e+06
6.45104e+07	0	5.38799e+06
6.45223e+07	0	5.38044e+06
6.45342e+07	0	5.3729e+06
6.45461e+07	0	5.36537e+06
6.4558e+07	0	5.35785e+06
6.45699e+07	0	5.35034e+06
6.45818e+07	0	5.34284e+06
6.45937e+07	0	5.33535e+06
6.46055e+07	0	5.32787e+06
6.46173e+07	0	5.3204e+06
6.46292e+07	0	5.31294e+06
6.4641e+07	0	5.30549e+06
6.46528e+07	0	5.29805e+06
6.46646e+07	0	5.29063e+06
6.46764e+07	0	5.28321e+06
6.46881e+07	0	5.2758e+06
6.46999e+07	0	5.26841e+06
6.47116e+07	0	5.26102e+06
6.47234e+07	0	5.25364e+06
6.47351e+07	0	5.24628e+06
6.47468e+07	0	5.23892e+06
6.47585e+07	0	5.23158e+06
6.47702e+07	0	5.22424e+06
6.47818e+07	0	5.21692e+06
6.47935e+07	0	5.2096e+06
6.48051e+07	0	5.2023e+06
6.48168e+07	0	5.19501e+06
6.48284e+07	0	5.18772e+06
6.484e+07	0	5.18045e+06
6.48516e+07	0	5.17319e+06
6.48632e+07	0	5.16593e+06
6.48748e+07	0	5.15869e+06
6.48863e+07	0	5.15146e+06
6.48979e+07	0	5.14423e+06
6.49094e+07	0	5.13702e+06
6.4921e+07	0	5.12982e+06
6.49325e+07	0	5.12262e+06
6.4944e+07	0	5.11544e+06
6.49555e+07	0	5.10827e+06
6.4967e+07	0	5.1011e+06
6.49784e+07	0	5.09395e+06
6.49899e+07	0	5.08681e+06
6.50013e+07	0	5.07967e+06
6.50127e+07	0	5.07255e+06
6.50242e+07	0	5.06544e+06
6.50356e+07	0	5.05833e+06
6.5047e+07	0	5.05124e+06
6.50583e+07	0	5.04416e+06
6.50697e+07	0	5.03708e+06
6.50811e+07	0	5.03002e+06
6.50924e+07	0	5.02297e+06
6.51037e+07	0	5.01592e+06
6.51151e+07	0	5.00889e+06
6.51264e+07	0	5.00186e+06
6.51377e+07	0	4.99485e+06
6.5149e+07	0	4.98784e+06
6.51602e+07	0	4.98085e+06
6.51715e+07	0	4.97386e+06
6.51827e+07	0	4.96689e+06
6.5194e+07	0	4.95992e+06
6.52052e+07	0	4.95296e+06
6.52164e+07	0	4.94602e+06
6.52276e+07	0	4.93908e+06
6.52388e+07	0	4.93215e+06
6.525e+07	0	4.92524e+06
6.52611e+07	0	4.91833e+06
6.52723e+07	0	4.91143e+06
6.52834e+07	0	4.90454e+06
6.52945e+07	0	4.89766e+06
6.53056e+07	0	4.89079e+06
6.53167e+07	0	4.88393e+06
6.53278e+07	0	4.87708e+06
6.53389e+07	0	4.87024e+06
6.535e+07	0	4.86341e+06
6.5361e+07	0	4.85659e+06
6.5372e+07	0	4.84977e+06
6.53831e+07	0	4.84297e+06
6.53941e+07	0	4.83618e+06
6.54051e+07	0	4.82939e+06
6.54161e+07	0	4.82262e+06
6.5427e+07	0	4.81585e+06
6.5438e+07	0	4.8091e+06
6.5449e+07	0	4.80235e+06
6.54599e+07	0	4.79562e+06
6.54708e+07	0	4.78889e+06
6.54817e+07	0	4.78217e+06
6.54926e+07	0	4.77546e+06
6.55035e+07	0	4.76876e+06
6.55144e+07	0	4.76207e+06
6.55253e+07	0	4.75539e+06
6.55361e+07	0	4.74872e+06
6.5547e+07	0	4.74206e+06
6.55578e+07	0	4.7354e+06
6.55686e+07	0	4.72876e+06
6.55794e+07	0	4.72213e+06
6.55902e+07	0	4.7155e+06
6.5601e+07	0	4.70889e+06
6.56117e+07	0	4.70228e+06
6.56225e+07	0	4.69568e+06
6.56332e+07	0	4.68909e+06
6.5644e+07	0	4.68251e+06
6.56547e+07	0	4.67594e+06
6.56654e+07	0	4.66938e+06
6.56761e+07	0	4.66283e+06
6.56868e+07	0	4.65629e+06
6.56974e+07	0	4.64976e+06
6.57081e+07	0	4.64323e+06
6.57187e+07	0	4.63672e+06
6.57294e+07	0	4.63021e+06
6.574e+07	0	4.62371e+06
6.57506e+07	0	4.61723e+06
6.57612e+07	0	4.61075e+06
6.57718e+07	0	4.60428e+06
6.57823e+07	0	4.59782e+06
6.57929e+07	0	4.59137e+06
6.58034e+07	0	4.58492e+06
6.5814e+07	0	4.57849e+06
6.58245e+07	0	4.57206e+06
6.5835e+07	0	4.56565e+06
6.58455e+07	0	4.55924e+06
6.5856e+07	0	4.55284e+06
6.58664e+07	0	4.54645e+06
6.58769e+07	0	4.54007e+06
6.58873e+07	0	4.5337e+06
6.58978e+07	0	4.52734e+06
6.59082e+07	0	4.52099e+06
6.59186e+07	0	4.51464e+06
6.5929e+07	0	4.50831e+06
6.59394e+07	0	4.50198e+06
6.59497e+07	0	4.49566e+06
6.59601e+07	0	4.48935e+06
6.59704e+07	0	4.48305e+06
6.59808e+07	0	4.47676e+06
6.59911e+07	0	4.47048e+06
6.60014e+07	0	4.4642e+06
6.60117e+07	0	4.45794e+06
6.6022e+07	0	4.45168e+06
6.60323e+07	0	4.44543e+06
6.60425e+07	0	4.43919e+06
6.60528e+07	0	4.43296e+06
6.6063e+07	0	4.42674e+06
6.60732e+07	0	4.42053e+06
6.60834e+07	0	4.41432e+06
6.60936e+07	0	4.40813e+06
6.61038e+07	0	4.40194e+06
6.6114e+07	0	4.39576e+06
6.61242e+07	0	4.38959e+06
6.61343e+07	0	4.38343e+06
6.61445e+07	0	4.37728e+06
6.61546e+07	0	4.37113e+06
6.61647e+07	0	4.365e+06
6.61748e+07	0	4.35887e+06
6.61849e+07	0	4.35275e+06
6.6195e+07	0	4.34664e+06
6.6205e+07	0	4.34054e+06
6.62151e+07	0	4.33445e+06
6.62251e+07	0	4.32836e+06
6.62351e+07	0	4.32229e+06
6.62452e+07	0	4.31622e+06
6.62552e+07	0	4.31016e+06
6.62652e+07	0	4.30411e+06
6.62751e+07	0	4.29807e+06
6.62851e+07	0	4.29203e+06
6.62951e+07	0	4.28601e+06
6.6305e+07	0	4.27999e+06
6.63149e+07	0	4.27398e+06
6.63248e+07	0	4.26798e+06
6.63347e+07	0	4.26199e+06
6.63446e+07	0	4.25601e+06
6.63545e+07	0	4.25003e+06
6.63644e+07	0	4.24406e+06
6.63742e+07	0	4.23811e+06
6.63841e+07	0	4.23216e+06
6.63939e+07	0	4.22621e+06
6.64037e+07	0	4.22028e+06
6.64136e+07	0	4.21436e+06
6.64233e+07	0	4.20844e+06
6.64331e+07	0	4.20253e+06
6.64429e+07	0	4.19663e+06
6.64527e+07	0	4.19074e+06
6.64624e+07	0	4.18485e+06
6.64721e+07	0	4.17898e+06
6.64819e+07	0	4.17311e+06
6.64916e+07	0	4.16725e+06
6.65013e+07	0	4.1614e+06
6.6511e+07	0	4.15556e+06
6.65206e+07	0	4.14972e+06
6.65303e+07	0	4.14389e+06
6.654e+07	0	4.13807e+06
6.65496e+07	0	4.13226e+06
6.65592e+07	0	4.12646e+06
6.65688e+07	0	4.12067e+06
6.65784e+07	0	4.11488e+06
6.6588e+07	0	4.1091e+06
6.65976e+07	0	4.10333e+06
6.66072e+07	0	4.09757e+06
6.66167e+07	0	4.09182e+06
6.66263e+07	0	4.08607e+06
6.66358e+07	0	4.08033e+06
6.66453e+07	0	4.0746e+06
6.66548e+07	0	4.06888e+06
6.66643e+07	0	4.06317e+06
6.66738e+07	0	4.05746e+06
6.66833e+07	0	4.05176e+06
6.66927e+07	0	4.04607e+06
6.67022e+07	0	4.04039e+06
6.67116e+07	0	4.03472e+06
6.67211e+07	0	4.02905e+06
6.67305e+07	0	4.02339e+06
6.67399e+07	0	4.01774e+06
6.67493e+07	0	4.0121e+06
6.67586e+07	0	4.00646e+06
6.6768e+07	0	4.00084e+06
6.67773e+07	0	3.99522e+06
6.67867e+07	0	3.98961e+06
6.6796e+07	0	3.984e+06
6.68053e+07	0	3.97841e+06
6.68146e+07	0	3.97282e+06
6.68239e+07	0	3.96724e+06
6.68332e+07	0	3.96167e+06
6.68425e+07	0	3.9561e+06
6.68517e+07	0	3.95055e+06
6.6861e+07	0	3.945e+06
6.68702e+07	0	3.93946e+06
6.68794e+07	0	3.93392e+06
6.68886e+07	0	3.9284e+06
6.68978e+07	0	3.92288e+06
6.6907e+07	0	3.91737e+06
6.69162e+07	0	3.91187e+06
6.69254e+07	0	3.90637e+06
6.69345e+07	0	3.90088e+06
6.69437e+07	0	3.89541e+06
6.69528e+07	0	3.88993e+06
6.69619e+07	0	3.88447e+06
6.6971e+07	0	3.87901e+06
6.69801e+07	0	3.87356e+06
6.69892e+07	0	3.86812e+06
6.69983e+07	0	3.86269e+06
6.70073e+07	0	3.85726e+06
6.70164e+07	0	3.85184e+06
6.70254e+07	0	3.84643e+06
6.70344e+07	0	3.84103e+06
6.70434e+07	0	3.83563e+06
6.70524e+07	0	3.83025e+06
6.70614e+07	0	3.82486e+06
6.70704e+07	0	3.81949e+06
6.70794e+07	0	3.81413e+06
6.70883e+07	0	3.80877e+06
6.70973e+07	0	3.80342e+06
6.71062e+07	0	3.79807e+06
6.71151e+07	0	3.79274e+06
6.7124e+07	0	3.78741e+06
6.71329e+07	0	3.78209e+06
6.71418e+07	0	3.77677e+06
6.71507e+07	0	3.77147e+06
6.71595e+07	0	3.76617e+06
6.71684e+07	0	3.76088e+06
6.71772e+07	0	3.75559e+06
6.7186e+07	0	3.75032e+06
6.71949e+07	0	3.74505e+06
6.72037e+07	0	3.73979e+06
6.72124e+07	0	3.73453e+06
6.72212e+07	0	3.72928e+06
6.723e+07	0	3.72404e+06
6.72388e+07	0	3.71881e+06
6.72475e+07	0	3.71359e+06
6.72562e+07	0	3.70837e+06
6.7265e+07	0	3.70316e+06
6.72737e+07	0	3.69795e+06
6.72824e+07	0	3.69276e+06
6.72911e+07	0	3.68757e+06
6.72997e+07	0	3.68239e+06
6.73084e+07	0	3.67721e+06
6.73171e+07	0	3.67205e+06
6.73257e+07	0	3.66689e+06
6.73343e+07	0	3.66173e+06
6.7343e+07	0	3.65659e+06
6.73516e+07	0	3.65145e+06
6.73602e+07	0	3.64632e+06
6.73688e+07	0	3.64119e+06
6.73773e+07	0	3.63608e+06
6.73859e+07	0	3.63097e+06
6.73945e+07	0	3.62587e+06
6.7403e+07	0	3.62077e+06
6.74115e+07	0	3.61568e+06
6.742e+07	0	3.6106e+06
6.74286e+07	0	3.60553e+06
6.74371e+07	0	3.60046e+06
6.74455e+07	0	3.5954e+06
6.7454e+07	0	3.59035e+06
6.74625e+07	0	3.5853e+06
6.74709e+07	0	3.58026e+06
6.74794e+07	0	3.57523e+06
6.74878e+07	0	3.57021e+06
6.74962e+07	0	3.56519e+06
6.75046e+07	0	3.56018e+06
6.7513e+07	0	3.55518e+06
6.75214e+07	0	3.55018e+06
6.75298e+07	0	3.54519e+06
6.75381e+07	0	3.54021e+06
6.75465e+07	0	3.53523e+06
6.75548e+07	0	3.53026e+06
6.75632e+07	0	3.5253e+06
6.75715e+07	0	3.52035e+06
6.75798e+07	0	3.5154e+06
6.75881e+07	0	3.51046e+06
6.75964e+07	0	3.50552e+06
6.76047e+07	0	3.5006e+06
6.76129e+07	0	3.49567e+06
6.76212e+07	0	3.49076e+06
6.76294e+07	0	3.48585e+06
6.76377e+07	0	3.48096e+06
6.76459e+07	0	3.47606e+06
6.76541e+07	0	3.47118e+06
6.76623e+07	0	3.4663e+06
6.76705e+07	0	3.46142e+06
6.76786e+07	0	3.45656e+06
6.76868e+07	0	3.4517e+06
6.7695e+07	0	3.44685e+06
6.77031e+07	0	3.442e+06
6.77112e+07	0	3.43716e+06
6.77194e+07	0	3.43233e+06
6.77275e+07	0	3.42751e+06
6.77356e+07	0	3.42269e+06
6.77437e+07	0	3.41788e+06
6.77517e+07	0	3.41307e+06
6.77598e+07	0	3.40828e+06
6.77679e+07	0	3.40348e+06
6.77759e+07	0	3.3987e+06
6.7784e+07	0	3.39392e+06
6.7792e+07	0	3.38915e+06
6.78e+07	0	3.38439e+06
6.7808e+07	0	3.37963e+06
6.7816e+07	0	3.37488e+06
6.7824e+07	0	3.37013e+06
6.78319e+07	0	3.3654e+06
6.78399e+07	0	3.36066e+06
6.78478e+07	0	3.35594e+06
6.78558e+07	0	3.35122e+06
6.78637e+07	0	3.34651e+06
6.78716e+07	0	3.34181e+06
6.78795e+07	0	3.33711e+06
6.78874e+07	0	3.33242e+06
6.78953e+07	0	3.32773e+06
6.79032e+07	0	3.32305e+06
6.79111e+07	0	3.31838e+06
6.79189e+07	0	3.31371e+06
6.79268e+07	0	3.30905e+06
6.79346e+07	0	3.3044e+06
6.79424e+07	0	3.29976e+06
6.79502e+07	0	3.29512e+06
6.7958e+07	0	3.29048e+06
6.79658e+07	0	3.28586e+06
6.79736e+07	0	3.28124e+06
6.79814e+07	0	3.27662e+06
6.79891e+07	0	3.27202e+06
6.79969e+07	0	3.26742e+06
6.80046e+07	0	3.26282e+06
6.80123e+07	0	3.25823e+06
6.80201e+07	0	3.25365e+06
6.80278e+07	0	3.24908e+06
6.80355e+07	0	3.24451e+06
6.80432e+07	0	3.23995e+06
6.80508e+07	0	3.23539e+06
6.80585e+07	0	3.23084e+06
6.80662e+07	0	3.2263e+06
6.80738e+07	0	3.22176e+06
6.80814e+07	0	3.21723e+06
6.80891e+07	0	3.21271e+06
6.80967e+07	0	3.20819e+06
6.81043e+07	0	3.20368e+06
6.81119e+07	0	3.19917e+06
6.81194e+07	0	3.19467e+06
6.8127e+07	0	3.19018e+06
6.81346e+07	0	3.1857e+06
6.81421e+07	0	3.18122e+06
6.81497e+07	0	3.17674e+06
6.81572e+07	0	3.17227e+06
6.81647e+07	0	3.16781e+06
6.81722e+07	0	3.16336e+06
6.81797e+07	0	3.15891e+06
6.81872e+07	0	3.15447e+06
6.81947e+07	0	3.15003e+06
6.82022e+07	0	3.1456e+06
6.82096e+07	0	3.14118e+06
6.82171e+07	0	3.13676e+06
6.82245e+07	0	3.13235e+06
6.8232e+07	0	3.12794e+06
6.82394e+07	0	3.12354e+06
6.82468e+07	0	3.11915e+06
6.82542e+07	0	3.11476e+06
6.82616e+07	0	3.11038e+06
6.8269e+07	0	3.10601e+06
6.82763e+07	0	3.10164e+06
6.82837e+07	0	3.09728e+06
6.8291e+07	0	3.09292e+06
6.82984e+07	0	3.08857e+06
6.83057e+07	0	3.08423e+06
6.8313e+07	0	3.07989e+06
6.83203e+07	0	3.07556e+06
6.83276e+07	0	3.07123e+06
6.83349e+07	0	3.06691e+06
6.83422e+07	0	3.0626e+06
6.83495e+07	0	3.05829e+06
6.83567e+07	0	3.05399e+06
6.8364e+07	0	3.04969e+06
6.83712e+07	0	3.0454e+06
6.83784e+07	0	3.04112e+06
6.83857e+07	0	3.03684e+06
6.83929e+07	0	3.03257e+06
6.84001e+07	0	3.0283e+06
6.84072e+07	0	3.02405e+06
6.84144e+07	0	3.01979e+06
6.84216e+07	0	3.01554e+06
6.84288e+07	0	3.0113e+06
6.84359e+07	0	3.00707e+06
6.8443e+07	0	3.00284e+06
6.84502e+07	0	2.99861e+06
6.84573e+07	0	2.99439e+06
6.84644e+07	0	2.99018e+06
6.84715e+07	0	2.98598e+06
6.84786e+07	0	2.98177e+06
6.84857e+07	0	2.97758e+06
6.84928e+07	0	2.97339e+06
6.84998e+07	0	2.96921e+06
6.85069e+07	0	2.96503e+06
6.85139e+07	0	2.96086e+06
6.85209e+07	0	2.9567e+06
6.8528e+07	0	2.95254e+06
6.8535e+07	0	2.94838e+06
6.8542e+07	0	2.94423e+06
6.8549e+07	0	2.94009e+06
6.8556e+07	0	2.93596e+06
6.85629e+07	0	2.93183e+06
6.85699e+07	0	2.9277e+06
6.85769e+07	0	2.92358e+06
6.85838e+07	0	2.91947e+06
6.85907e+07	0	2.91536e+06
6.85977e+07	0	2.91126e+06
6.86046e+07	0	2.90717e+06
6.86115e+07	0	2.90308e+06
6.86184e+07	0	2.89899e+06
6.86253e+07	0	2.89491e+06
6.86322e+07	0	2.89084e+06
6.8639e+07	0	2.88677e+06
6.86459e+07	0	2.88271e+06
6.86527e+07	0	2.87865e+06
6.86596e+07	0	2.8746e+06
6.86664e+07	0	2.87056e+06
6.86732e+07	0	2.86652e+06
6.86801e+07	0	2.86249e+06
6.86869e+07	0	2.85846e+06
6.86937e+07	0	2.85444e+06
6.87004e+07	0	2.85042e+06
6.87072e+07	0	2.84641e+06
6.8714e+07	0	2.84241e+06
6.87207e+07	0	2.83841e+06
6.87275e+07	0	2.83441e+06
6.87342e+07	0	2.83043e+06
6.8741e+07	0	2.82644e+06
6.87477e+07	0	2.82247e+06
6.87544e+07	0	2.81849e+06
6.87611e+07	0	2.81453e+06
6.87678e+07	0	2.81057e+06
6.87745e+07	0	2.80661e+06
6.87811e+07	0	2.80266e+06
6.87878e+07	0	2.79872e+06
6.87944e+07	0	2.79478e+06
6.88011e+07	0	2.79085e+06
6.88077e+07	0	2.78692e+06
6.88144e+07	0	2.783e+06
6.8821e+07	0	2.77908e+06
6.88276e+07	0	2.77517e+06
6.88342e+07	0	2.77127e+06
6.88408e+07	0	2.76737e+06
6.88474e+07	0	2.76347e+06
6.88539e+07	0	2.75959e+06
6.88605e+07	0	2.7557e+06
6.8867e+07	0	2.75182e+06
6.88736e+07	0	2.74795e+06
6.88801e+07	0	2.74408e+06
6.88867e+07	0	2.74022e+06
6.88932e+07	0	2.73637e+06
6.88997e+07	0	2.73252e+06
6.89062e+07	0	2.72867e+06
6.89127e+07	0	2.72483e+06
6.89191e+07	0	2.721e+06
6.89256e+07	0	2.71717e+06
6.89321e+07	0	2.71334e+06
6.89385e+07	0	2.70952e+06
6.8945e+07	0	2.70571e+06
6.89514e+07	0	2.7019e+06
6.89578e+07	0	2.6981e+06
6.89643e+07	0	2.6943e+06
6.89707e+07	0	2.69051e+06
6.89771e+07	0	2.68672e+06
6.89835e+07	0	2.68294e+06
6.89899e+07	0	2.67917e+06
6.89962e+07	0	2.6754e+06
6.90026e+07	0	2.67163e+06
6.90089e+07	0	2.66787e+06
6.90153e+07	0	2.66412e+06
6.90216e+07	0	2.66037e+06
6.9028e+07	0	2.65662e+06
6.90343e+07	0	2.65288e+06
6.90406e+07	0	2.64915e+06
6.90469e+07	0	2.64542e+06
6.90532e+07	0	2.6417e+06
6.90595e+07	0	2.63798e+06
6.90658e+07	0	2.63427e+06
6.9072e+07	0	2.63056e+06
6.90783e+07	0	2.62686e+06
6.90845e+07	0	2.62316e+06
6.90908e+07	0	2.61947e+06
6.9097e+07	0	2.61578e+06
6.91032e+07	0	2.6121e+06
6.91094e+07	0	2.60842e+06
6.91157e+07	0	2.60475e+06
6.91219e+07	0	2.60108e+06
6.9128e+07	0	2.59742e+06
6.91342e+07	0	2.59377e+06
6.91404e+07	0	2.59011e+06
6.91466e+07	0	2.58647e+06
6.91527e+07	0	2.58283e+06
6.91589e+07	0	2.57919e+06
6.9165e+07	0	2.57556e+06
6.91711e+07	0	2.57194e+06
6.91772e+07	0	2.56832e+06
6.91834e+07	0	2.5647e+06
6.91895e+07	0	2.56109e+06
6.91956e+07	0	2.55748e+06
6.92016e+07	0	2.55388e+06
6.92077e+07	0	2.55029e+06
6.92138e+07	0	2.5467e+06
6.92199e+07	0	2.54311e+06
6.92259e+07	0	2.53953e+06
6.9232e+07	0	2.53596e+06
6.9238e+07	0	2.53239e+06
6.9244e+07	0	2.52882e+06
6.925e+07	0	2.52526e+06
6.9256e+07	0	2.52171e+06
6.9262e+07	0	2.51816e+06
6.9268e+07	0	2.51461e+06
6.9274e+07	0	2.51107e+06
6.928e+07	0	2.50754e+06
6.9286e+07	0	2.50401e+06
6.92919e+07	0	2.50048e+06
6.92979e+07	0	2.49696e+06
6.93038e+07	0	2.49345e+06
6.93098e+07	0	2.48994e+06
6.93157e+07	0	2.48643e+06
6.93216e+07	0	2.48293e+06
6.93275e+07	0	2.47944e+06
6.93334e+07	0	2.47595e+06
6.93393e+07	0	2.47246e+06
6.93452e+07	0	2.46898e+06
6.93511e+07	0	2.4655e+06
6.93569e+07	0	2.46203e+06
6.93628e+07	0	2.45857e+06
6.93687e+07	0	2.4551e+06
6.93745e+07	0	2.45165e+06
6.93803e+07	0	2.4482e+06
6.93862e+07	0	2.44475e+06
6.9392e+07	0	2.44131e+06
6.93978e+07	0	2.43787e+06
6.94036e+07	0	2.43444e+06
6.94094e+07	0	2.43101e+06
6.94152e+07	0	2.42759e+06
6.9421e+07	0	2.42417e+06
6.94267e+07	0	2.42076e+06
6.94325e+07	0	2.41735e+06
6.94382e+07	0	2.41394e+06
6.9444e+07	0	2.41055e+06
6.94497e+07	0	2.40715e+06
6.94555e+07	0	2.40376e+06
6.94612e+07	0	2.40038e+06
6.94669e+07	0	2.397e+06
6.94726e+07	0	2.39362e+06
6.94783e+07	0	2.39025e+06
6.9484e+07	0	2.38689e+06
6.94897e+07	0	2.38353e+06
6.94953e+07	0	2.38017e+06
6.9501e+07	0	2.37682e+06
6.95067e+07	0	2.37347e+06
6.95123e+07	0	2.37013e+06
6.9518e+07	0	2.36679e+06
6.95236e+07	0	2.36346e+06
6.95292e+07	0	2.36013e+06
6.95348e+07	0	2.35681e+06
6.95404e+07	0	2.35349e+06
6.9546e+07	0	2.35017e+06
6.95516e+07	0	2.34687e+06
6.95572e+07	0	2.34356e+06
6.95628e+07	0	2.34026e+06
6.95684e+07	0	2.33696e+06
6.95739e+07	0	2.33367e+06
6.95795e+07	0	2.33039e+06
6.9585e+07	0	2.32711e+06
6.95906e+07	0	2.32383e+06
6.95961e+07	0	2.32056e+06
6.96016e+07	0	2.31729e+06
6.96072e+07	0	2.31403e+06
6.96127e+07	0	2.31077e+06
6.96182e+07	0	2.30751e+06
6.96237e+07	0	2.30426e+06
6.96291e+07	0	2.30102e+06
6.96346e+07	0	2.29778e+06
6.96401e+07	0	2.29454e+06
6.96456e+07	0	2.29131e+06
6.9651e+07	0	2.28808e+06
6.96565e+07	0	2.28486e+06
6.96619e+07	0	2.28164e+06
6.96673e+07	0	2.27843e+06
6.96727e+07	0	2.27522e+06
6.96782e+07	0	2.27202e+06
6.96836e+07	0	2.26882e+06
6.9689e+07	0	2.26562e+06
6.96944e+07	0	2.26243e+06
6.96998e+07	0	2.25924e+06
6.97051e+07	0	2.25606e+06
6.97105e+07	0	2.25289e+06
6.97159e+07	0	2.24971e+06
6.97212e+07	0	2.24654e+06
6.97266e+07	0	2.24338e+06
6.97319e+07	0	2.24022e+06
6.97372e+07	0	2.23707e+06
6.97426e+07	0	2.23391e+06
6.97479e+07	0	2.23077e+06
6.97532e+07	0	2.22763e+06
6.97585e+07	0	2.22449e+06
6.97638e+07	0	2.22136e+06
6.97691e+07	0	2.21823e+06
6.97744e+07	0	2.2151e+06
6.97796e+07	0	2.21198e+06
6.97849e+07	0	2.20887e+06
6.97901e+07	0	2.20576e+06
6.97954e+07	0	2.20265e+06
6.98006e+07	0	2.19955e+06
6.98059e+07	0	2.19645e+06
6.98111e+07	0	2.19336e+06
6.98163e+07	0	2.19027e+06
6.98215e+07	0	2.18718e+06
6.98267e+07	0	2.1841e+06
6.98319e+07	0	2.18102e+06
6.98371e+07	0	2.17795e+06
6.98423e+07	0	2.17488e+06
6.98475e+07	0	2.17182e+06
6.98527e+07	0	2.16876e+06
6.98578e+07	0	2.16571e+06
6.9863e+07	0	2.16266e+06
6.98681e+07	0	2.15961e+06
6.98733e+07	0	2.15657e+06
6.98784e+07	0	2.15353e+06
6.98835e+07	0	2.1505e+06
6.98886e+07	0	2.14747e+06
6.98938e+07	0	2.14444e+06
6.98989e+07	0	2.14142e+06
6.9904e+07	0	2.13841e+06
6.9909e+07	0	2.13539e+06
6.99141e+07	0	2.13239e+06
6.99192e+07	0	2.12938e+06
6.99243e+07	0	2.12638e+06
6.99293e+07	0	2.12339e+06
6.99344e+07	0	2.1204e+06
6.99394e+07	0	2.11741e+06
6.99445e+07	0	2.11443e+06
6.99495e+07	0	2.11145e+06
6.99545e+07	0	2.10847e+06
6.99595e+07	0	2.1055e+06
6.99646e+07	0	2.10254e+06
6.99696e+07	0	2.09957e+06
6.99746e+07	0	2.09662e+06
6.99795e+07	0	2.09366e+06
6.99845e+07	0	2.09071e+06
6.99895e+07	0	2.08777e+06
6.99945e+07	0	2.08483e+06
6.99994e+07	0	2.08189e+06
7.00044e+07	0	2.07896e+06
7.00093e+07	0	2.07603e+06
7.00143e+07	0	2.0731e+06
7.00192e+07	0	2.07018e+06
7.00241e+07	0	2.06727e+06
7.0029e+07	0	2.06436e+06
7.0034e+07	0	2.06145e+06
7.00389e+07	0	2.05854e+06
7.00438e+07	0	2.05564e+06
7.00487e+07	0	2.05275e+06
7.00535e+07	0	2.04985e+06
7.00584e+07	0	2.04697e+06
7.00633e+07	0	2.04408e+06
7.00682e+07	0	2.0412e+06
7.0073e+07	0	2.03833e+06
7.00779e+07	0	2.03546e+06
7.00827e+07	0	2.03259e+06
7.00875e+07	0	2.02972e+06
7.00924e+07	0	2.02686e+06
7.00972e+07	0	2.02401e+06
7.0102e+07	0	2.02116e+06
7.01068e+07	0	2.01831e+06
7.01116e+07	0	2.01547e+06
7.01164e+07	0	2.01263e+06
7.01212e+07	0	2.00979e+06
7.0126e+07	0	2.00696e+06
7.01308e+07	0	2.00413e+06
7.01355e+07	0	2.00131e+06
7.01403e+07	0	1.99849e+06
7.0145e+07	0	1.99567e+06
7.01498e+07	0	1.99286e+06
7.01545e+07	0	1.99005e+06
7.01593e+07	0	1.98725e+06
7.0164e+07	0	1.98445e+06
7.01687e+07	0	1.98165e+06
7.01734e+07	0	1.97886e+06
7.01781e+07	0	1.97607e+06
7.01828e+07	0	1.97329e+06
7.01875e+07	0	1.97051e+06
7.01922e+07	0	1.96773e+06
7.01969e+07	0	1.96496e+06
7.02016e+07	0	1.96219e+06
7.02062e+07	0	1.95943e+06
7.02109e+07	0	1.95666e+06
7.02155e+07	0	1.95391e+06
7.02202e+07	0	1.95115e+06
7.02248e+07	0	1.94841e+06
7.02295e+07	0	1.94566e+06
7.02341e+07	0	1.94292e+06
7.02387e+07	0	1.94018e+06
7.02433e+07	0	1.93745e+06
7.02479e+07	0	1.93472e+06
7.02525e+07	0	1.93199e+06
7.02571e+07	0	1.92927e+06
7.02617e+07	0	1.92655e+06
7.02663e+07	0	1.92383e+06
7.02709e+07	0	1.92112e+06
7.02755e+07	0	1.91842e+06
7.028e+07	0	1.91571e+06
7.02846e+07	0	1.91301e+06
7.02891e+07	0	1.91032e+06
7.02937e+07	0	1.90763e+06
7.02982e+07	0	1.90494e+06
7.03027e+07	0	1.90225e+06
7.03073e+07	0	1.89957e+06
7.03118e+07	0	1.8969e+06
7.03163e+07	0	1.89422e+06
7.03208e+07	0	1.89155e+06
7.03253e+07	0	1.88889e+06
7.03298e+07	0	1.88623e+06
7.03343e+07	0	1.88357e+06
7.03387e+07	0	1.88091e+06
7.03432e+07	0	1.87826e+06
7.03477e+07	0	1.87562e+06
7.03521e+07	0	1.87297e+06
7.03566e+07	0	1.87033e+06
7.0361e+07	0	1.8677e+06
7.03655e+07	0	1.86507e+06
7.03699e+07	0	1.86244e+06
7.03743e+07	0	1.85981e+06
7.03788e+07	0	1.85719e+06
7.03832e+07	0	1.85458e+06
7.03876e+07	0	1.85196e+06
7.0392e+07	0	1.84935e+06
7.03964e+07	0	1.84675e+06
7.04008e+07	0	1.84414e+06
7.04052e+07	0	1.84154e+06
7.04095e+07	0	1.83895e+06
7.04139e+07	0	1.83636e+06
7.04183e+07	0	1.83377e+06
7.04226e+07	0	1.83118e+06
7.0427e+07	0	1.8286e+06
7.04313e+07	0	1.82603e+06
7.04357e+07	0	1.82345e+06
7.044e+07	0	1.82088e+06
7.04444e+07	0	1.81832e+06
7.04487e+07	0	1.81575e+06
7.0453e+07	0	1.8132e+06
7.04573e+07	0	1.81064e+06
7.04616e+07	0	1.80809e+06
7.04659e+07	0	1.80554e+06
7.04702e+07	0	1.803e+06
7.04745e+07	0	1.80045e+06
7.04788e+07	0	1.79792e+06
7.0483e+07	0	1.79538e+06
7.04873e+07	0	1.79285e+06
7.04916e+07	0	1.79033e+06
7.04958e+07	0	1.7878e+06
7.05001e+07	0	1.78528e+06
7.05043e+07	0	1.78277e+06
7.05085e+07	0	1.78025e+06
7.05128e+07	0	1.77774e+06
7.0517e+07	0	1.77524e+06
7.05212e+07	0	1.77274e+06
7.05254e+07	0	1.77024e+06
7.05296e+07	0	1.76774e+06
7.05338e+07	0	1.76525e+06
7.0538e+07	0	1.76276e+06
7.05422e+07	0	1.76028e+06
7.05464e+07	0	1.7578e+06
7.05506e+07	0	1.75532e+06
7.05548e+07	0	1.75285e+06
