0.379991
0.377644
0.375418
0.373304
0.371286
0.369344
0.367477
0.365683
0.363951
0.362275
0.360647
0.359064
0.357521
0.356022
0.354557
0.353129
0.351731
0.350365
0.34903
0.34772
0.346437
0.34518
0.343944
0.342731
0.341542
0.340373
0.339225
0.338094
0.336983
0.33589
0.334814
0.333753
0.332711
0.331683
0.330671
0.329674
0.32869
0.327721
0.326765
0.325823
0.324893
0.323976
0.323071
0.322178
0.321296
0.320426
0.319567
0.318718
0.31788
0.317053
0.316236
0.315429
0.31463
0.313842
0.313062
0.312293
0.311532
0.31078
0.310037
0.309302
0.308575
0.307856
0.307144
0.306441
0.305747
0.305059
0.304378
0.303706
0.303039
0.302382
0.301729
0.301085
0.300445
0.299814
0.29919
0.298572
0.297957
0.297352
0.296752
0.296159
0.295571
0.294989
0.294412
0.293842
0.293276
0.292717
0.292166
0.291616
0.291072
0.290533
0.290003
0.289474
0.28895
0.288435
0.287921
0.287415
0.28691
0.286414
0.285917
0.28543
0.284943
0.284465
0.283986
0.283516
0.283051
0.282585
0.282127
0.281674
0.281225
0.28078
0.280334
0.279896
0.279463
0.279033
0.278607
0.278184
0.277765
0.27735
0.276939
0.276531
0.276126
0.275725
0.275327
0.274933
0.274542
0.274154
0.273769
0.273388
0.273015
0.27264
0.272268
0.2719
0.271534
0.271177
0.270817
0.27046
0.270112
0.269761
0.269412
0.269073
0.26873
0.26839
0.268059
0.267725
0.267399
0.26707
0.266744
0.266426
0.266104
0.265792
0.265475
0.265168
0.264857
0.264554
0.264254
0.26395
0.263654
0.263355
0.263064
0.262776
0.262483
0.2622
0.261912
0.261632
0.261355
0.261074
0.260801
0.260531
0.260262
0.259989
0.259725
0.259463
0.259203
0.258938
0.258682
0.258428
0.258176
0.257925
0.25767
0.257424
0.25718
0.256937
0.256696
0.256458
0.256221
0.255978
0.255745
0.255513
0.255283
0.255055
0.254829
0.254604
0.254381
0.25416
0.25394
0.253722
0.253506
0.253291
0.253078
0.252867
0.252657
0.252448
0.252242
0.252036
0.251833
0.25163
0.25143
0.25123
0.251033
0.250836
0.250641
0.250448
0.250263
0.250073
0.249883
0.249696
0.249509
0.249324
0.24914
0.248958
0.248784
0.248605
0.248426
0.248249
0.248073
0.247898
0.247733
0.24756
0.24739
0.24722
0.247052
0.246892
0.246726
0.246561
0.246397
0.246242
0.246081
0.245921
0.245762
0.245611
0.245454
0.245299
0.245152
0.244998
0.244846
0.244695
0.244552
0.244403
0.244254
0.244115
0.243969
0.243824
0.243687
0.243544
0.243402
0.243269
0.243128
0.242989
0.242859
0.242722
0.242585
0.242458
0.242323
0.242198
0.242065
0.241933
0.24181
0.24168
0.241559
0.241431
0.241304
0.241185
0.24106
0.240943
0.240819
0.240704
0.240581
0.24046
0.240347
0.240228
0.240117
0.239998
0.239889
0.239772
0.239665
0.23955
0.239443
0.23933
0.239225
0.239113
0.23901
0.238899
0.238797
0.238688
0.238588
0.23848
0.238381
0.238275
0.238178
0.238073
0.237977
0.237873
0.237778
0.237676
0.237583
0.237482
0.23739
0.23729
0.237199
0.237109
0.237011
0.236923
0.236826
0.236738
0.236643
0.236557
0.236471
0.236378
0.236293
0.236201
0.236117
0.236026
0.235944
0.235862
0.235773
0.235692
0.235604
0.235524
0.235446
0.235359
0.235281
0.235204
0.235119
0.235043
0.234959
0.234883
0.234809
0.234726
0.234653
0.23458
0.234499
0.234426
0.234347
0.234275
0.234205
0.234126
0.234056
0.233987
0.23391
0.233842
0.233774
0.233698
0.233631
0.233565
0.23349
0.233425
0.23336
0.233287
0.233222
0.233159
0.233087
0.233024
0.232961
0.232891
0.232829
0.232768
0.232707
0.232638
0.232578
0.232518
0.23245
0.232391
0.232333
0.232266
0.232208
0.232151
0.232094
0.232029
0.231973
0.231917
0.231861
0.231798
0.231743
0.231688
0.231626
0.231572
0.231519
0.231466
0.231404
0.231352
0.2313
0.231249
0.231189
0.231137
0.231087
0.231037
0.230978
0.230928
0.230879
0.23083
0.230772
0.230724
0.230676
0.230628
0.230572
0.230524
0.230477
0.230431
0.230376
0.23033
0.230284
0.230239
0.230185
0.23014
0.230095
0.230051
0.230007
0.229954
0.229911
0.229867
0.229825
0.229782
0.229731
0.229688
0.229646
0.229605
0.229555
0.229513
0.229472
0.229432
0.229392
0.229343
0.229303
0.229263
0.229223
0.229184
0.229137
0.229098
0.229059
0.229021
0.228983
0.228945
0.228899
0.228861
0.228824
0.228787
0.228751
0.228705
0.228669
0.228633
0.228597
0.228561
0.228526
0.228482
0.228447
0.228412
0.228377
0.228343
0.2283
0.228266
0.228232
0.228198
0.228165
0.228132
0.22809
0.228057
0.228024
0.227991
0.227959
0.227927
0.227895
0.227855
0.227823
0.227791
0.22776
0.227729
0.227698
0.227659
0.227628
0.227598
0.227567
0.227537
0.227507
0.227478
0.227439
0.22741
0.22738
0.227351
0.227322
0.227294
0.227265
0.227228
0.227199
0.227171
0.227143
0.227115
0.227088
0.22706
0.227024
0.226997
0.226969
0.226942
0.226915
0.226889
0.226862
0.226836
0.226801
0.226774
0.226748
0.226722
0.226696
0.226671
0.226645
0.22662
0.226586
0.226561
0.226536
0.226511
0.226486
0.226461
0.226437
0.226413
0.226389
0.226356
0.226331
0.226307
0.226283
0.22626
0.226236
0.226213
0.22619
0.226167
0.226134
0.226111
0.226088
0.226065
0.226043
0.22602
0.225998
0.225975
0.225953
0.225923
0.2259
0.225878
0.225856
0.225834
0.225813
0.225791
0.22577
0.225749
0.225727
0.225707
0.225676
0.225655
0.225634
0.225613
0.225592
0.225572
0.225551
0.225531
0.225511
0.225491
0.225462
0.225442
0.225422
0.225401
0.225382
0.225362
0.225342
0.225323
0.225303
0.225284
0.225265
0.225246
0.225218
0.225199
0.225179
0.22516
0.225141
0.225122
0.225104
0.225085
0.225067
0.225048
0.22503
0.225012
0.224985
0.224967
0.224949
0.22493
0.224912
0.224894
0.224876
0.224859
0.224841
0.224823
0.224806
0.224789
0.224772
0.224755
0.224728
0.224711
0.224693
0.224676
0.224659
0.224642
0.224625
0.224608
0.224591
0.224575
0.224558
0.224542
0.224526
0.224509
0.224493
0.224468
0.224451
0.224435
0.224418
0.224402
0.224386
0.22437
0.224354
0.224338
0.224322
0.224306
0.224291
0.224275
0.22426
0.224245
0.224229
0.224205
0.224189
0.224173
0.224158
0.224142
0.224127
0.224112
0.224097
0.224081
0.224066
0.224051
0.224037
0.224022
0.224007
0.223993
0.223978
0.223964
0.223949
0.223926
0.223911
0.223896
0.223881
0.223867
0.223852
0.223837
0.223823
0.223809
0.223794
0.22378
0.223766
0.223752
0.223738
0.223724
0.22371
0.223697
0.223683
0.223669
0.223656
0.223633
0.223619
0.223605
0.223591
0.223577
0.223563
0.22355
0.223536
0.223522
0.223509
0.223495
0.223482
0.223469
0.223455
0.223442
0.223429
0.223416
0.223403
0.22339
0.223377
0.223364
0.223351
0.223338
0.223326
0.223304
0.22329
0.223277
0.223264
0.223251
0.223238
0.223225
0.223212
0.223199
0.223186
0.223174
0.223161
0.223148
0.223136
0.223123
0.223111
0.223098
0.223086
0.223074
0.223061
0.223049
0.223037
0.223025
0.223013
0.223001
0.222989
0.222977
0.222956
0.222943
0.222931
0.222919
0.222906
0.222894
0.222882
0.222869
0.222857
0.222845
0.222833
0.222821
0.222809
0.222797
0.222785
0.222773
0.222762
0.22275
0.222738
0.222726
0.222715
0.222703
0.222692
0.22268
0.222669
0.222657
0.222646
0.222634
0.222623
0.222612
0.2226
0.222589
0.222578
0.222567
0.222547
0.222535
0.222523
0.222512
0.2225
0.222488
0.222477
0.222465
0.222454
0.222442
0.222431
0.22242
0.222408
0.222397
0.222386
0.222375
0.222363
0.222352
0.222341
0.22233
0.222319
0.222308
0.222297
0.222286
0.222275
0.222264
0.222254
0.222243
0.222232
0.222221
0.22221
0.2222
0.222189
0.222178
0.222168
0.222157
0.222147
0.222136
0.222126
0.222115
0.222105
0.222094
0.222084
0.222074
0.222054
0.222043
0.222032
0.222021
0.22201
0.221999
0.221988
0.221978
0.221967
0.221956
0.221945
0.221935
0.221924
0.221914
0.221903
0.221892
0.221882
0.221871
0.221861
0.22185
0.22184
0.221829
0.221819
0.221809
0.221798
0.221788
0.221778
0.221767
0.221757
0.221747
0.221737
0.221726
0.221716
0.221706
0.221696
0.221686
0.221676
0.221666
0.221656
0.221646
0.221636
0.221626
0.221616
0.221606
0.221596
0.221586
0.221576
0.221566
0.221556
0.221547
0.221537
0.221527
0.221517
0.221507
0.221498
0.221488
0.221478
0.221469
0.221459
0.221449
0.22144
0.22143
0.221421
0.221411
0.221401
0.221383
0.221373
0.221362
0.221352
0.221342
0.221332
0.221322
0.221312
0.221302
0.221292
0.221282
0.221272
0.221262
0.221252
0.221242
0.221232
0.221222
0.221212
0.221202
0.221193
0.221183
0.221173
0.221163
0.221153
0.221144
0.221134
0.221124
0.221114
0.221105
0.221095
0.221085
0.221076
0.221066
0.221056
0.221047
0.221037
0.221028
0.221018
0.221009
0.220999
0.220989
0.22098
0.220971
0.220961
0.220952
0.220942
0.220933
0.220923
0.220914
0.220904
0.220895
0.220886
0.220876
0.220867
0.220858
0.220848
0.220839
0.22083
0.220821
0.220811
0.220802
0.220793
0.220784
0.220774
0.220765
0.220756
0.220747
0.220738
0.220728
0.220719
0.22071
0.220701
0.220692
0.220683
0.220674
0.220665
0.220656
0.220646
0.220637
0.220628
0.220619
0.22061
0.220601
0.220592
0.220583
0.220574
0.220565
0.220557
0.220548
0.220539
0.22053
0.220521
0.220512
0.220503
0.220494
0.220485
0.220476
0.220468
0.220459
0.22045
0.220441
0.220432
0.220423
0.220415
0.220406
0.220397
0.220388
0.220379
0.220371
0.220362
0.220353
0.220345
0.220336
0.220327
0.220318
0.22031
0.220301
0.220292
0.220284
0.220275
0.220266
0.220258
0.220249
0.22024
0.220232
0.220223
0.220215
0.220206
0.220197
0.220189
0.22018
0.220172
0.220163
0.220154
0.220146
0.220137
0.220129
0.22012
0.220112
0.220103
0.220095
0.220086
0.220078
0.220069
0.220061
0.220052
0.220044
0.220035
0.220027
0.220019
0.22001
0.220002
0.219993
0.219985
0.219976
0.219968
0.21996
0.219951
0.219943
0.219934
0.219926
0.219918
0.219909
0.219901
0.219893
0.219884
0.219876
0.219868
0.219859
0.219851
0.219843
0.219834
0.219826
0.219818
0.21981
0.219801
0.219793
0.219785
0.219776
0.219768
0.21976
0.219752
0.219743
0.219735
0.219727
0.219719
0.219711
0.219702
0.219694
0.219686
0.219678
0.21967
0.219661
0.219653
0.219645
0.219637
0.219629
0.219621
0.219612
0.219604
0.219596
0.219588
0.21958
0.219572
0.219564
0.219555
0.219547
0.219539
0.219531
0.219523
0.219515
0.219507
0.219499
0.219491
0.219483
0.219475
0.219467
0.219459
0.21945
0.219442
0.219434
0.219426
0.219418
0.21941
0.219402
0.219394
0.219386
0.219378
0.21937
0.219362
0.219354
0.219346
0.219338
0.21933
0.219322
0.219314
0.219306
0.219298
0.219291
0.219283
0.219275
0.219267
0.219259
0.219251
0.219243
0.219235
0.219227
0.219219
0.219211
0.219203
0.219196
0.219188
0.21918
0.219172
0.219164
0.219156
0.219148
0.21914
0.219133
0.219125
0.219117
0.219109
0.219101
0.219093
0.219085
0.219078
0.21907
0.219062
0.219054
0.219046
0.219039
0.219031
0.219023
0.219015
0.219007
0.219
0.218992
0.218984
0.218976
0.218969
0.218961
0.218953
0.218945
0.218938
0.21893
0.218922
0.218914
0.218907
0.218899
0.218891
0.218883
0.218876
0.218868
0.21886
0.218853
0.218845
0.218837
0.21883
0.218822
0.218814
0.218807
0.218799
0.218791
0.218784
0.218776
0.218768
0.218761
0.218753
0.218745
0.218738
0.21873
0.218722
0.218715
0.218707
0.2187
0.218692
0.218684
0.218677
0.218669
0.218662
0.218654
0.218646
0.218639
0.218631
0.218624
0.218616
0.218609
0.218601
0.218594
0.218586
0.218578
0.218571
0.218563
0.218556
0.218548
0.218541
0.218533
0.218526
0.218518
0.218511
0.218503
0.218496
0.218488
0.218481
0.218473
0.218466
0.218458
0.218451
0.218444
0.218436
0.218429
0.218421
0.218414
0.218406
0.218399
0.218391
0.218384
0.218377
0.218369
0.218362
0.218354
0.218347
0.21834
0.218332
0.218325
0.218317
0.21831
0.218303
0.218295
0.218288
0.218281
0.218273
0.218266
0.218258
0.218251
0.218244
0.218236
0.218229
0.218222
0.218214
0.218207
0.2182
0.218193
0.218185
0.218178
0.218171
0.218163
0.218156
0.218149
0.218141
0.218134
0.218127
0.21812
0.218112
0.218105
0.218098
0.218091
0.218083
0.218076
0.218069
0.218062
0.218055
0.218047
0.21804
0.218033
0.218026
0.218018
0.218011
0.218004
0.217997
0.21799
0.217983
0.217975
0.217968
0.217961
0.217954
0.217947
0.21794
0.217932
0.217925
0.217918
0.217911
0.217904
0.217897
0.21789
0.217883
0.217875
0.217868
0.217861
0.217854
0.217847
0.21784
0.217833
0.217826
0.217819
0.217812
0.217805
0.217798
0.21779
0.217783
0.217776
0.217769
0.217762
0.217755
0.217748
0.217741
0.217734
0.217727
0.21772
0.217713
0.217706
0.217699
0.217692
0.217685
0.217678
0.217671
0.217664
0.217657
0.21765
0.217643
0.217637
0.21763
0.217623
0.217616
0.217609
0.217602
0.217595
0.217588
0.217581
0.217574
0.217567
0.21756
0.217554
0.217547
0.21754
0.217533
0.217526
0.217519
0.217512
0.217505
0.217499
0.217492
0.217485
0.217478
0.217471
0.217464
0.217458
0.217451
0.217444
0.217437
0.21743
0.217424
0.217417
0.21741
0.217403
0.217396
0.21739
0.217383
0.217376
0.217369
0.217363
0.217356
0.217349
0.217342
0.217336
0.217329
0.217322
0.217315
0.217309
0.217302
0.217295
0.217289
0.217282
0.217275
0.217269
0.217262
0.217255
0.217248
0.217242
0.217235
0.217229
0.217222
0.217215
0.217209
0.217202
0.217195
0.217189
0.217182
0.217175
0.217169
0.217162
0.217156
0.217149
0.217142
0.217136
0.217129
0.217123
0.217116
0.21711
0.217103
0.217096
0.21709
0.217083
0.217077
0.21707
0.217064
0.217057
0.217051
0.217044
0.217038
0.217031
0.217025
0.217018
0.217012
0.217005
0.216999
0.216992
0.216986
0.216979
0.216973
0.216966
0.21696
0.216954
0.216947
0.216941
0.216934
0.216928
0.216921
0.216915
0.216909
0.216902
0.216896
0.216889
0.216883
0.216877
0.21687
0.216864
0.216858
0.216851
0.216845
0.216839
0.216832
0.216826
0.21682
0.216813
0.216807
0.216801
0.216794
0.216788
0.216782
0.216775
0.216769
0.216763
0.216757
0.21675
0.216744
0.216738
0.216731
0.216725
0.216719
0.216713
0.216706
0.2167
0.216694
0.216688
0.216682
0.216675
0.216669
0.216663
0.216657
0.216651
0.216644
0.216638
0.216632
0.216626
0.21662
0.216614
0.216607
0.216601
0.216595
0.216589
0.216583
0.216577
0.216571
0.216564
0.216558
0.216552
0.216546
0.21654
0.216534
0.216528
0.216522
0.216516
0.21651
0.216504
0.216498
0.216491
0.216485
0.216479
0.216473
0.216467
0.216461
0.216455
0.216449
0.216443
0.216437
0.216431
0.216425
0.216419
0.216413
0.216407
0.216401
0.216395
0.216389
0.216383
0.216377
0.216372
0.216366
0.21636
0.216354
0.216348
0.216342
0.216336
0.21633
0.216324
0.216318
0.216312
0.216306
0.216301
0.216295
0.216289
0.216283
0.216277
0.216271
0.216265
0.21626
0.216254
0.216248
0.216242
0.216236
0.21623
0.216225
0.216219
0.216213
0.216207
0.216201
0.216196
0.21619
0.216184
0.216178
0.216173
0.216167
0.216161
0.216155
0.21615
0.216144
0.216138
0.216132
0.216127
0.216121
0.216115
0.216109
0.216104
0.216098
0.216092
0.216087
0.216081
0.216075
0.21607
0.216064
0.216058
0.216053
0.216047
0.216041
0.216036
0.21603
0.216025
0.216019
0.216013
0.216008
0.216002
0.215997
0.215991
0.215985
0.21598
0.215974
0.215969
0.215963
0.215957
0.215952
0.215946
0.215941
0.215935
0.21593
0.215924
0.215919
0.215913
0.215908
0.215902
0.215897
0.215891
0.215886
0.21588
0.215875
0.215869
0.215864
0.215858
0.215853
0.215847
0.215842
0.215837
0.215831
0.215826
0.21582
0.215815
0.215809
0.215804
0.215799
0.215793
0.215788
0.215782
0.215777
0.215772
0.215766
0.215761
0.215756
0.21575
0.215745
0.215739
0.215734
0.215729
0.215723
0.215718
0.215713
0.215708
0.215702
0.215697
0.215692
0.215686
0.215681
0.215676
0.21567
0.215665
0.21566
0.215655
0.215649
0.215644
0.215639
0.215634
0.215628
0.215623
0.215618
0.215613
0.215608
0.215602
0.215597
0.215592
0.215587
0.215582
0.215576
0.215571
0.215566
0.215561
0.215556
0.215551
0.215545
0.21554
0.215535
0.21553
0.215525
0.21552
0.215515
0.21551
0.215504
0.215499
0.215494
0.215489
0.215484
0.215479
0.215474
0.215469
0.215464
0.215459
0.215454
0.215449
0.215444
0.215439
0.215434
0.215428
0.215423
0.215418
0.215413
0.215408
0.215403
0.215398
0.215393
0.215388
0.215383
0.215379
0.215374
0.215369
0.215364
0.215359
0.215354
0.215349
0.215344
0.215339
0.215334
0.215329
0.215324
0.215319
0.215314
0.215309
0.215305
0.2153
0.215295
0.21529
0.215285
0.21528
0.215275
0.21527
0.215266
0.215261
0.215256
0.215251
0.215246
0.215241
0.215237
0.215232
0.215227
0.215222
0.215217
0.215213
0.215208
0.215203
0.215198
0.215193
0.215189
0.215184
0.215179
0.215174
0.21517
0.215165
0.21516
0.215155
0.215151
0.215146
0.215141
0.215136
0.215132
0.215127
0.215122
0.215118
0.215113
0.215108
0.215104
0.215099
0.215094
0.21509
0.215085
0.21508
0.215076
0.215071
0.215066
0.215062
0.215057
0.215052
0.215048
0.215043
0.215039
0.215034
0.215029
0.215025
0.21502
0.215016
0.215011
0.215007
0.215002
0.214997
0.214993
0.214988
0.214984
0.214979
0.214975
0.21497
0.214966
0.214961
0.214957
0.214952
0.214948
0.214943
0.214939
0.214934
0.21493
0.214925
0.214921
0.214916
0.214912
0.214907
0.214903
0.214898
0.214894
0.214889
0.214885
0.214881
0.214876
0.214872
0.214867
0.214863
0.214859
0.214854
0.21485
0.214845
0.214841
0.214837
0.214832
0.214828
0.214823
0.214819
0.214815
0.21481
0.214806
0.214802
0.214797
0.214793
0.214789
0.214784
0.21478
0.214776
0.214771
0.214767
0.214763
0.214759
0.214754
0.21475
0.214746
0.214741
0.214737
0.214733
0.214729
0.214724
0.21472
0.214716
0.214712
0.214707
0.214703
0.214699
0.214695
0.214691
0.214686
0.214682
0.214678
0.214674
0.21467
0.214665
0.214661
0.214657
0.214653
0.214649
0.214644
0.21464
0.214636
0.214632
0.214628
0.214624
0.21462
0.214616
0.214611
0.214607
0.214603
0.214599
0.214595
0.214591
0.214587
0.214583
0.214579
0.214574
0.21457
0.214566
0.214562
0.214558
0.214554
0.21455
0.214546
0.214542
0.214538
0.214534
0.21453
0.214526
0.214522
0.214518
0.214514
0.21451
0.214506
0.214502
0.214498
0.214494
0.21449
0.214486
0.214482
0.214478
0.214474
0.21447
0.214466
0.214462
0.214458
0.214454
0.21445
0.214446
0.214443
0.214439
0.214435
0.214431
0.214427
0.214423
0.214419
0.214415
0.214411
0.214407
0.214404
0.2144
0.214396
0.214392
0.214388
0.214384
0.21438
0.214376
0.214373
0.214369
0.214365
0.214361
0.214357
0.214354
0.21435
0.214346
0.214342
0.214338
0.214334
0.214331
0.214327
0.214323
0.214319
0.214316
0.214312
0.214308
0.214304
0.214301
0.214297
0.214293
0.214289
0.214286
0.214282
0.214278
0.214274
0.214271
0.214267
0.214263
0.21426
0.214256
0.214252
0.214248
0.214245
0.214241
0.214237
0.214234
0.21423
0.214226
0.214223
0.214219
0.214215
0.214212
0.214208
0.214204
0.214201
0.214197
0.214194
0.21419
0.214186
0.214183
0.214179
0.214175
0.214172
0.214168
0.214165
0.214161
0.214158
0.214154
0.21415
0.214147
0.214143
0.21414
0.214136
0.214133
0.214129
0.214125
0.214122
0.214118
