0.379991
0.377876
0.375897
0.374058
0.372347
0.370722
0.369185
0.367727
0.366331
0.365001
0.363718
0.362483
0.361296
0.360149
0.359041
0.357968
0.356929
0.355921
0.354943
0.353992
0.353069
0.352171
0.351297
0.350446
0.349618
0.34881
0.348023
0.347255
0.346506
0.345775
0.345063
0.344366
0.343684
0.34302
0.342371
0.341736
0.341115
0.340508
0.339917
0.339335
0.338769
0.338215
0.337672
0.337141
0.336621
0.336111
0.335612
0.335127
0.334648
0.334183
0.333723
0.333276
0.332838
0.332409
0.331989
0.331577
0.331173
0.330777
0.330394
0.330014
0.329646
0.32928
0.328927
0.328575
0.328235
0.327903
0.327577
0.327251
0.326937
0.32663
0.326329
0.32604
0.32575
0.325466
0.325188
0.324921
0.324654
0.324391
0.324141
0.323889
0.323648
0.323413
0.323175
0.322949
0.322727
0.322503
0.322291
0.322083
0.321879
0.321679
0.321483
0.321292
0.321104
0.320921
0.320741
0.320565
0.3204
0.320232
0.320067
0.319905
0.319754
0.3196
0.319456
0.319308
0.319163
0.319029
0.31889
0.318762
0.318638
0.318508
0.318389
0.318273
0.318152
0.318041
0.317934
0.31782
0.317718
0.317618
0.317521
0.317426
0.317334
0.317244
0.317156
0.317071
0.316988
0.316908
0.316829
0.316753
0.316679
0.316607
0.316537
0.316469
0.316403
0.316348
0.316286
0.316226
0.316167
0.31612
0.316065
0.316012
0.31597
0.31592
0.315873
0.315835
0.315791
0.315748
0.315716
0.315676
0.315647
0.31561
0.315584
0.31555
0.315527
0.315496
0.315475
0.315456
0.315429
0.315412
0.315388
0.315374
0.315361
0.31534
0.31533
0.315321
0.315313
0.315297
0.315291
0.315286
0.315283
0.315271
0.315269
0.315269
0.315269
0.315271
0.315264
0.315268
0.315272
0.315277
0.315283
0.31529
0.315298
0.315307
0.315317
0.315327
0.315338
0.31535
0.315363
0.315377
0.315391
0.315406
0.315422
0.315438
0.315455
0.315473
0.315492
0.315511
0.315531
0.315551
0.315572
0.315593
0.315625
0.315648
0.315671
0.315695
0.315719
0.315744
0.31577
0.315805
0.315831
0.315858
0.315886
0.315913
0.315951
0.31598
0.316009
0.316039
0.316078
0.316108
0.316139
0.31617
0.316211
0.316243
0.316275
0.316318
0.31635
0.316384
0.316427
0.316461
0.316495
0.316539
0.316574
0.316609
0.316654
0.316689
0.316735
0.316771
0.316807
0.316853
0.31689
0.316937
0.316974
0.317011
0.317058
0.317096
0.317144
0.317182
0.31723
0.317268
0.317317
0.317356
0.317395
0.317443
0.317483
0.317532
0.317571
0.317621
0.317661
0.31771
0.31775
0.3178
0.31785
0.31789
0.31794
0.31798
0.31803
0.318071
0.318121
0.318162
0.318212
0.318253
0.318304
0.318354
0.318395
0.318446
0.318487
0.318537
0.318588
0.318629
0.31868
0.318721
0.318772
0.318823
0.318864
0.318915
0.318956
0.319006
0.319057
0.319098
0.319149
0.3192
0.319241
0.319291
0.319342
0.319383
0.319433
0.319484
0.319524
0.319574
0.319625
0.319665
0.319715
0.319766
0.319806
0.319856
0.319906
0.319946
0.319996
0.320045
0.320095
0.320135
0.320184
0.320234
0.320274
0.320322
0.320372
0.320421
0.32046
0.320508
0.320557
0.320597
0.320645
0.320693
0.320741
0.32078
0.320828
0.320876
0.320923
0.320962
0.321009
0.321056
0.321104
0.321151
0.321188
0.321235
0.321282
0.321329
0.321366
0.321412
0.321458
0.321504
0.32155
0.321586
0.321632
0.321677
0.321723
0.321759
0.321804
0.321848
0.321893
0.321938
0.321983
0.322017
0.322061
0.322105
0.322149
0.322193
0.322227
0.32227
0.322313
0.322356
0.322399
0.322443
0.322475
0.322517
0.322559
0.322602
0.322644
0.322686
0.322718
0.322759
0.3228
0.322841
0.322882
0.322923
0.322954
0.322994
0.323034
0.323074
0.323114
0.323154
0.323194
0.323223
0.323262
0.323301
0.323339
0.323378
0.323417
0.323455
0.323484
0.323522
0.323559
0.323596
0.323634
0.323671
0.323708
0.323745
0.323773
0.323809
0.323845
0.32388
0.323916
0.323952
0.323988
0.324023
0.324059
0.324084
0.324119
0.324153
0.324187
0.324221
0.324255
0.324289
0.324323
0.324357
0.324381
0.324414
0.324447
0.324479
0.324511
0.324544
0.324576
0.324608
0.32464
0.324672
0.324704
0.324726
0.324756
0.324787
0.324817
0.324848
0.324878
0.324908
0.324938
0.324968
0.324998
0.325028
0.325057
0.325077
0.325105
0.325134
0.325162
0.32519
0.325218
0.325246
0.325273
0.325301
0.325329
0.325356
0.325383
0.32541
0.325438
0.325455
0.325481
0.325506
0.325532
0.325557
0.325583
0.325608
0.325633
0.325658
0.325683
0.325708
0.325732
0.325757
0.325781
0.325805
0.32583
0.325854
0.325868
0.325891
0.325913
0.325936
0.325958
0.32598
0.326002
0.326024
0.326046
0.326068
0.32609
0.326111
0.326133
0.326154
0.326175
0.326196
0.326217
0.326238
0.326259
0.326279
0.326299
0.32631
0.326329
0.326348
0.326367
0.326386
0.326404
0.326423
0.326441
0.326459
0.326477
0.326495
0.326513
0.326531
0.326549
0.326566
0.326583
0.3266
0.326618
0.326634
0.326651
0.326668
0.326684
0.326701
0.326717
0.326733
0.326749
0.326765
0.326781
0.326797
0.326812
0.326818
0.326832
0.326846
0.32686
0.326874
0.326888
0.326901
0.326915
0.326928
0.326941
0.326954
0.326967
0.32698
0.326993
0.327005
0.327018
0.32703
0.327042
0.327054
0.327066
0.327078
0.32709
0.327101
0.327113
0.327124
0.327135
0.327146
0.327157
0.327168
0.327178
0.327189
0.327199
0.32721
0.32722
0.32723
0.32724
0.327249
0.327259
0.327269
0.327278
0.327287
0.327296
0.327306
0.327314
0.327323
0.327332
0.32734
0.327349
0.327357
0.327365
0.327373
0.327381
0.327389
0.327397
0.327404
0.327412
0.327419
0.327426
0.327433
0.32744
0.327447
0.327454
0.32746
0.327467
0.327473
0.327479
0.327475
0.32748
0.327485
0.32749
0.327495
0.327499
0.327503
0.327508
0.327512
0.327516
0.32752
0.327523
0.327527
0.327531
0.327534
0.327538
0.327541
0.327544
0.327547
0.32755
0.327553
0.327555
0.327558
0.32756
0.327563
0.327565
0.327567
0.327569
0.327571
0.327573
0.327575
0.327576
0.327578
0.327579
0.32758
0.327581
0.327583
0.327584
0.327584
0.327585
0.327586
0.327586
0.327587
0.327587
0.327587
0.327587
0.327587
0.327587
0.327587
0.327587
0.327587
0.327586
0.327586
0.327585
0.327584
0.327583
0.327582
0.327581
0.32758
0.327579
0.327577
0.327576
0.327574
0.327573
0.327571
0.327569
0.327567
0.327565
0.327563
0.327561
0.327558
0.327556
0.327553
0.327551
0.327548
0.327545
0.327542
0.327539
0.327536
0.327533
0.32753
0.327526
0.327523
0.327519
0.327516
0.327512
0.327508
0.327504
0.3275
0.327496
0.327492
0.327488
0.327484
0.327479
0.327475
0.32747
0.327465
0.327461
0.327456
0.327451
0.327446
0.327441
0.327435
0.32743
0.327425
0.327419
0.327414
0.327408
0.327403
0.327397
0.327391
0.327385
0.327379
0.327373
0.327367
0.327361
0.327354
0.327348
0.327341
0.327335
0.327328
0.327321
0.327315
0.327308
0.327301
0.327294
0.327287
0.32728
0.327272
0.327265
0.327258
0.32725
0.327243
0.327235
0.327227
0.32722
0.327212
0.327204
0.327196
0.327188
0.32718
0.327172
0.327163
0.327155
0.327147
0.327138
0.32713
0.327121
0.327112
0.327104
0.327095
0.327086
0.327077
0.327068
0.327059
0.32705
0.327041
0.327032
0.327022
0.327013
0.327003
0.326994
0.326984
0.326975
0.326965
0.326955
0.326945
0.326936
0.326926
0.326916
0.326906
0.326895
0.326885
0.326875
0.326865
0.326854
0.326844
0.326833
0.326823
0.326812
0.326802
0.326791
0.32678
0.326769
0.326758
0.326748
0.326737
0.326726
0.326714
0.326703
0.326692
0.326681
0.32667
0.326658
0.326647
0.326635
0.326624
0.326612
0.326601
0.326589
0.326577
0.326565
0.326554
0.326542
0.32653
0.326518
0.326506
0.326494
0.326482
0.326469
0.326457
0.326445
0.326433
0.32642
0.326408
0.326395
0.326383
0.32637
0.326358
0.326345
0.326332
0.32632
0.326307
0.326294
0.326281
0.326268
0.326255
0.326242
0.326229
0.326216
0.326203
0.32619
0.326177
0.326164
0.32615
0.326137
0.326124
0.32611
0.326097
0.326083
0.32607
0.326056
0.326043
0.326029
0.326015
0.326002
0.325988
0.325974
0.32596
0.325946
0.325933
0.325919
0.325905
0.325891
0.325877
0.325863
0.325848
0.325834
0.32582
0.325806
0.325792
0.325777
0.325763
0.325749
0.325734
0.32572
0.325705
0.325691
0.325676
0.325662
0.325647
0.325633
0.325618
0.325603
0.325589
0.325574
0.325559
0.325544
0.32553
0.325515
0.3255
0.325485
0.32547
0.325455
0.32544
0.325425
0.32541
0.325395
0.32538
0.325365
0.325349
0.325334
0.325319
0.325304
0.325289
0.325273
0.325258
0.325243
0.325227
0.325212
0.325196
0.325181
0.325166
0.32515
0.325135
0.325119
0.325103
0.325088
0.325072
0.325057
0.325041
0.325025
0.32501
0.324994
0.324978
0.324962
0.324947
0.324931
0.324915
0.324899
0.324883
0.324867
0.324852
0.324836
0.32482
0.324804
0.324788
0.324772
0.324756
0.32474
0.324724
0.324708
0.324691
0.324675
0.324659
0.324643
0.324627
0.324611
0.324595
0.324578
0.324562
0.324546
0.32453
0.324513
0.324497
0.324481
0.324464
0.324448
0.324432
0.324415
0.324399
0.324383
0.324366
0.32435
0.324333
0.324317
0.3243
0.324284
0.324267
0.324251
0.324234
0.324218
0.324201
0.324185
0.324168
0.324151
0.324135
0.324118
0.324102
0.324085
0.324068
0.324052
0.324035
0.324018
0.324002
0.323985
0.323968
0.323952
0.323935
0.323918
0.323901
0.323885
0.323868
0.323851
0.323834
0.323817
0.323801
0.323784
0.323767
0.32375
0.323733
0.323717
0.3237
0.323683
0.323666
0.323649
0.323632
0.323615
0.323598
0.323582
0.323565
0.323548
0.323531
0.323514
0.323497
0.32348
0.323463
0.323446
0.323429
0.323412
0.323395
0.323378
0.323361
0.323344
0.323327
0.32331
0.323293
0.323276
0.323259
0.323242
0.323225
0.323208
0.323191
0.323174
0.323157
0.32314
0.323123
0.323106
0.323089
0.323072
0.323055
0.323038
0.323021
0.323004
0.322987
0.32297
0.322952
0.322935
0.322918
0.322901
0.322884
0.322867
0.32285
0.322833
0.322816
0.322799
0.322782
0.322765
0.322748
0.322731
0.322713
0.322696
0.322679
0.322662
0.322645
0.322628
0.322611
0.322594
0.322577
0.32256
0.322543
0.322526
0.322508
0.322491
0.322474
0.322457
0.32244
0.322423
0.322406
0.322389
0.322372
0.322355
0.322338
0.322321
0.322304
0.322287
0.322269
0.322252
0.322235
0.322218
0.322201
0.322184
0.322167
0.32215
0.322133
0.322116
0.322099
0.322082
0.322065
0.322048
0.322031
0.322014
0.321997
0.32198
0.321963
0.321946
0.321929
0.321912
0.321895
0.321878
0.321861
0.321844
0.321827
0.32181
0.321793
0.321776
0.321759
0.321742
0.321725
0.321708
0.321691
0.321675
0.321658
0.321641
0.321624
0.321607
0.32159
0.321573
0.321556
0.321539
0.321522
0.321506
0.321489
0.321472
0.321455
0.321438
0.321421
0.321405
0.321388
0.321371
0.321354
0.321337
0.32132
0.321304
0.321287
0.32127
0.321253
0.321237
0.32122
0.321203
0.321186
0.32117
0.321153
0.321136
0.321119
0.321103
0.321086
0.321069
0.321053
0.321036
0.321019
0.321003
0.320986
0.320969
0.320953
0.320936
0.32092
0.320903
0.320886
0.32087
0.320853
0.320837
0.32082
0.320803
0.320787
0.32077
0.320754
0.320737
0.320721
0.320704
0.320688
0.320671
0.320655
0.320638
0.320622
0.320605
0.320589
0.320573
0.320556
0.32054
0.320523
0.320507
0.320491
0.320474
0.320458
0.320441
0.320425
0.320409
0.320392
0.320376
0.32036
0.320344
0.320327
0.320311
0.320295
0.320278
0.320262
0.320246
0.32023
0.320214
0.320197
0.320181
0.320165
0.320149
0.320133
0.320117
0.3201
0.320084
0.320068
0.320052
0.320036
0.32002
0.320004
0.319988
0.319972
0.319956
0.31994
0.319924
0.319908
0.319892
0.319876
0.31986
0.319844
0.319828
0.319812
0.319796
0.31978
0.319764
0.319748
0.319732
0.319716
0.319701
0.319685
0.319669
0.319653
0.319637
0.319622
0.319606
0.31959
0.319574
0.319558
0.319543
0.319527
0.319511
0.319496
0.31948
0.319464
0.319449
0.319433
0.319417
0.319402
0.319386
0.31937
0.319355
0.319339
0.319324
0.319308
0.319293
0.319277
0.319262
0.319246
0.319231
0.319215
0.3192
0.319184
0.319169
0.319153
0.319138
0.319123
0.319107
0.319092
0.319076
0.319061
0.319046
0.31903
0.319015
0.319
0.318985
0.318969
0.318954
0.318939
0.318924
0.318908
0.318893
0.318878
0.318863
0.318848
0.318832
0.318817
0.318802
0.318787
0.318772
0.318757
0.318742
0.318727
0.318712
0.318697
0.318682
0.318667
0.318652
0.318637
0.318622
0.318607
0.318592
0.318577
0.318562
0.318547
0.318532
0.318517
0.318503
0.318488
0.318473
0.318458
0.318443
0.318428
0.318414
0.318399
0.318384
0.318369
0.318355
0.31834
0.318325
0.318311
0.318296
0.318281
0.318267
0.318252
0.318238
0.318223
0.318208
0.318194
0.318179
0.318165
0.31815
0.318136
0.318121
0.318107
0.318092
0.318078
0.318063
0.318049
0.318034
0.31802
0.318006
0.317991
0.317977
0.317963
0.317948
0.317934
0.31792
0.317905
0.317891
0.317877
0.317863
0.317848
0.317834
0.31782
0.317806
0.317792
0.317778
0.317763
0.317749
0.317735
0.317721
0.317707
0.317693
0.317679
0.317665
0.317651
0.317637
0.317623
0.317609
0.317595
0.317581
0.317567
0.317553
0.317539
0.317525
0.317511
0.317497
0.317484
0.31747
0.317456
0.317442
0.317428
0.317415
0.317401
0.317387
0.317373
0.31736
0.317346
0.317332
0.317319
0.317305
0.317291
0.317278
0.317264
0.31725
0.317237
0.317223
0.31721
0.317196
0.317183
0.317169
0.317156
0.317142
0.317129
0.317115
0.317102
0.317088
0.317075
0.317061
0.317048
0.317035
0.317021
0.317008
0.316995
0.316981
0.316968
0.316955
0.316941
0.316928
0.316915
0.316902
0.316888
0.316875
0.316862
0.316849
0.316836
0.316823
0.316809
0.316796
0.316783
0.31677
0.316757
0.316744
0.316731
0.316718
0.316705
0.316692
0.316679
0.316666
0.316653
0.31664
0.316627
0.316614
0.316601
0.316589
0.316576
0.316563
0.31655
0.316537
0.316524
0.316512
0.316499
0.316486
0.316473
0.316461
0.316448
0.316435
0.316422
0.31641
0.316397
0.316384
0.316372
0.316359
0.316347
0.316334
0.316321
0.316309
0.316296
0.316284
0.316271
0.316259
0.316246
0.316234
0.316221
0.316209
0.316196
0.316184
0.316172
0.316159
0.316147
0.316134
0.316122
0.31611
0.316097
0.316085
0.316073
0.316061
0.316048
0.316036
0.316024
0.316012
0.315999
0.315987
0.315975
0.315963
0.315951
0.315939
0.315927
0.315914
0.315902
0.31589
0.315878
0.315866
0.315854
0.315842
0.31583
0.315818
0.315806
0.315794
0.315782
0.31577
0.315758
0.315747
0.315735
0.315723
0.315711
0.315699
0.315687
0.315675
0.315664
0.315652
0.31564
0.315628
0.315617
0.315605
0.315593
0.315581
0.31557
0.315558
0.315546
0.315535
0.315523
0.315511
0.3155
0.315488
0.315477
0.315465
0.315454
0.315442
0.315431
0.315419
0.315408
0.315396
0.315385
0.315373
0.315362
0.31535
0.315339
0.315327
0.315316
0.315305
0.315293
0.315282
0.315271
0.315259
0.315248
0.315237
0.315226
0.315214
0.315203
0.315192
0.315181
0.315169
0.315158
0.315147
0.315136
0.315125
0.315114
0.315102
0.315091
0.31508
0.315069
0.315058
0.315047
0.315036
0.315025
0.315014
0.315003
0.314992
0.314981
0.31497
0.314959
0.314948
0.314937
0.314926
0.314916
0.314905
0.314894
0.314883
0.314872
0.314861
0.314851
0.31484
0.314829
0.314818
0.314807
0.314797
0.314786
0.314775
0.314765
0.314754
0.314743
0.314733
0.314722
0.314711
0.314701
0.31469
0.31468
0.314669
0.314658
0.314648
0.314637
0.314627
0.314616
0.314606
0.314595
0.314585
0.314574
0.314564
0.314554
0.314543
0.314533
0.314522
0.314512
0.314502
0.314491
0.314481
0.314471
0.31446
0.31445
0.31444
0.314429
0.314419
0.314409
0.314399
0.314388
0.314378
0.314368
0.314358
0.314348
0.314338
0.314327
0.314317
0.314307
0.314297
0.314287
0.314277
0.314267
0.314257
0.314247
0.314237
0.314227
0.314217
0.314207
0.314197
0.314187
0.314177
0.314167
0.314157
0.314147
0.314137
0.314127
0.314118
0.314108
0.314098
0.314088
0.314078
0.314068
0.314059
0.314049
0.314039
0.314029
0.31402
0.31401
0.314
0.31399
0.313981
0.313971
0.313961
0.313952
0.313942
0.313932
0.313923
0.313913
0.313904
0.313894
0.313884
0.313875
0.313865
0.313856
0.313846
0.313837
0.313827
0.313818
0.313808
0.313799
0.31379
0.31378
0.313771
0.313761
0.313752
0.313742
0.313733
0.313724
0.313714
0.313705
0.313696
0.313686
0.313677
0.313668
0.313659
0.313649
0.31364
0.313631
0.313622
0.313612
0.313603
0.313594
0.313585
0.313576
0.313567
0.313557
0.313548
0.313539
0.31353
0.313521
0.313512
0.313503
0.313494
0.313485
0.313476
0.313467
0.313458
0.313449
0.31344
0.313431
0.313422
0.313413
0.313404
0.313395
0.313386
0.313377
0.313368
0.313359
0.313351
0.313342
0.313333
0.313324
0.313315
0.313306
0.313298
0.313289
0.31328
0.313271
0.313263
0.313254
0.313245
0.313236
0.313228
0.313219
0.31321
0.313202
0.313193
0.313184
0.313176
0.313167
0.313159
0.31315
0.313141
0.313133
0.313124
0.313116
0.313107
0.313099
0.31309
0.313082
0.313073
0.313065
0.313056
0.313048
0.313039
0.313031
0.313022
0.313014
0.313006
0.312997
0.312989
0.312981
0.312972
0.312964
0.312956
0.312947
0.312939
0.312931
0.312922
0.312914
0.312906
0.312897
0.312889
0.312881
0.312873
0.312865
0.312856
0.312848
0.31284
0.312832
0.312824
0.312816
0.312807
0.312799
0.312791
0.312783
0.312775
0.312767
0.312759
0.312751
0.312743
0.312735
0.312727
0.312719
0.312711
0.312703
0.312695
0.312687
0.312679
0.312671
0.312663
0.312655
0.312647
0.312639
0.312631
0.312623
0.312615
0.312608
0.3126
0.312592
0.312584
0.312576
0.312568
0.312561
0.312553
0.312545
0.312537
0.31253
0.312522
0.312514
0.312506
0.312499
0.312491
0.312483
0.312476
0.312468
0.31246
0.312453
0.312445
0.312437
0.31243
0.312422
0.312414
0.312407
0.312399
0.312392
0.312384
0.312377
0.312369
0.312362
0.312354
0.312346
0.312339
0.312331
0.312324
0.312317
0.312309
0.312302
0.312294
0.312287
0.312279
0.312272
0.312265
0.312257
0.31225
0.312242
0.312235
0.312228
0.31222
0.312213
0.312206
0.312198
0.312191
0.312184
0.312177
0.312169
0.312162
0.312155
0.312148
0.31214
0.312133
0.312126
0.312119
0.312112
0.312104
0.312097
0.31209
0.312083
0.312076
0.312069
0.312062
0.312054
0.312047
0.31204
0.312033
0.312026
0.312019
0.312012
0.312005
0.311998
0.311991
0.311984
0.311977
0.31197
0.311963
0.311956
0.311949
0.311942
0.311935
0.311928
0.311921
0.311914
0.311907
0.3119
0.311894
0.311887
0.31188
0.311873
0.311866
0.311859
0.311852
0.311846
0.311839
0.311832
0.311825
0.311818
0.311812
0.311805
0.311798
0.311791
0.311785
0.311778
0.311771
0.311765
0.311758
0.311751
0.311744
0.311738
0.311731
0.311724
0.311718
0.311711
0.311705
0.311698
0.311691
0.311685
0.311678
0.311672
0.311665
0.311658
0.311652
0.311645
0.311639
0.311632
0.311626
0.311619
0.311613
0.311606
0.3116
0.311593
0.311587
0.31158
0.311574
0.311567
0.311561
0.311555
0.311548
0.311542
0.311535
0.311529
0.311523
0.311516
0.31151
0.311504
0.311497
0.311491
0.311485
0.311478
0.311472
0.311466
0.311459
0.311453
0.311447
0.311441
0.311434
0.311428
0.311422
0.311416
0.311409
0.311403
0.311397
0.311391
0.311385
0.311378
0.311372
0.311366
