3.44738e+06	0
4.90708e+06	4.37911e+06
5.80231e+06	7.06479e+06
6.59605e+06	9.44603e+06
7.32128e+06	1.16217e+07
7.97776e+06	1.35912e+07
8.63144e+06	1.55522e+07
9.21602e+06	1.73059e+07
9.79761e+06	1.90507e+07
1.0343e+07	2.06869e+07
1.08853e+07	2.23139e+07
1.13914e+07	2.3832e+07
1.18611e+07	2.52411e+07
1.23278e+07	2.66411e+07
1.27581e+07	2.79321e+07
1.31854e+07	2.92141e+07
1.35764e+07	3.03871e+07
1.39646e+07	3.15515e+07
1.43499e+07	3.27076e+07
1.46991e+07	3.37551e+07
1.50456e+07	3.47946e+07
1.53895e+07	3.58264e+07
1.56974e+07	3.67501e+07
1.60029e+07	3.76664e+07
1.62723e+07	3.84748e+07
1.65395e+07	3.92763e+07
1.68045e+07	4.00713e+07
1.70674e+07	4.086e+07
1.72945e+07	4.15414e+07
1.75197e+07	4.2217e+07
1.7743e+07	4.28869e+07
1.79308e+07	4.34502e+07
1.81168e+07	4.40082e+07
1.83011e+07	4.45613e+07
1.8484e+07	4.51098e+07
1.86654e+07	4.56539e+07
1.88114e+07	4.60922e+07
1.89562e+07	4.65264e+07
1.90997e+07	4.69568e+07
1.9208e+07	4.72817e+07
1.93491e+07	4.77053e+07
1.94553e+07	4.80237e+07
1.95604e+07	4.83391e+07
1.96647e+07	4.86518e+07
1.9768e+07	4.89619e+07
1.98366e+07	4.91675e+07
1.99384e+07	4.9473e+07
2.00055e+07	4.96744e+07
2.0072e+07	4.98738e+07
2.01379e+07	5.00716e+07
2.02033e+07	5.02677e+07
2.02342e+07	5.03603e+07
2.02987e+07	5.05539e+07
2.03288e+07	5.06442e+07
2.03585e+07	5.07334e+07
2.0388e+07	5.08218e+07
2.04172e+07	5.09096e+07
2.04463e+07	5.09968e+07
2.04752e+07	5.10836e+07
2.0504e+07	5.117e+07
2.04987e+07	5.11541e+07
2.04934e+07	5.11379e+07
2.05221e+07	5.12241e+07
2.05168e+07	5.12082e+07
2.05115e+07	5.11925e+07
2.05064e+07	5.11771e+07
2.05014e+07	5.11621e+07
2.04625e+07	5.10453e+07
2.04579e+07	5.10316e+07
2.04535e+07	5.10183e+07
2.04153e+07	5.09037e+07
2.04114e+07	5.0892e+07
2.03738e+07	5.07792e+07
2.03365e+07	5.06673e+07
2.02995e+07	5.05563e+07
2.0297e+07	5.05487e+07
2.02608e+07	5.04402e+07
2.0225e+07	5.03328e+07
2.01896e+07	5.02267e+07
2.01207e+07	5.00199e+07
2.00863e+07	4.99166e+07
2.00523e+07	4.98147e+07
2.00188e+07	4.97141e+07
1.99518e+07	4.95133e+07
1.99193e+07	4.94159e+07
1.98534e+07	4.92182e+07
1.9822e+07	4.91239e+07
1.97572e+07	4.89296e+07
1.9693e+07	4.87368e+07
1.96633e+07	4.86477e+07
1.96002e+07	4.84586e+07
1.95378e+07	4.82711e+07
1.94759e+07	4.80855e+07
1.94146e+07	4.79016e+07
1.93539e+07	4.77197e+07
1.92939e+07	4.75396e+07
1.92345e+07	4.73615e+07
1.91758e+07	4.71853e+07
1.91177e+07	4.7011e+07
1.90603e+07	4.68387e+07
1.90035e+07	4.66683e+07
1.89473e+07	4.64999e+07
1.88918e+07	4.63332e+07
1.8803e+07	4.60669e+07
1.87489e+07	4.59046e+07
1.86954e+07	4.5744e+07
1.86086e+07	4.54835e+07
1.85565e+07	4.53273e+07
1.85049e+07	4.51726e+07
1.84202e+07	4.49184e+07
1.837e+07	4.47679e+07
1.82865e+07	4.45175e+07
1.82378e+07	4.43712e+07
1.81556e+07	4.41248e+07
1.81082e+07	4.39824e+07
1.80274e+07	4.37401e+07
1.79812e+07	4.36016e+07
1.79019e+07	4.33636e+07
1.78569e+07	4.32284e+07
1.7779e+07	4.29948e+07
1.77015e+07	4.27624e+07
1.76585e+07	4.26334e+07
1.75826e+07	4.24056e+07
1.75071e+07	4.21791e+07
1.74659e+07	4.20556e+07
1.7392e+07	4.18337e+07
1.73185e+07	4.16134e+07
1.72455e+07	4.13944e+07
1.72069e+07	4.12786e+07
1.71355e+07	4.10644e+07
1.70646e+07	4.08517e+07
1.69942e+07	4.06405e+07
1.69243e+07	4.04309e+07
1.68888e+07	4.03244e+07
1.68205e+07	4.01195e+07
1.67528e+07	3.99162e+07
1.66855e+07	3.97144e+07
1.66188e+07	3.95142e+07
1.65526e+07	3.93155e+07
1.64869e+07	3.91184e+07
1.64554e+07	3.90241e+07
1.63913e+07	3.88318e+07
1.63277e+07	3.86411e+07
1.62647e+07	3.84519e+07
1.62021e+07	3.82643e+07
1.61401e+07	3.80782e+07
1.60786e+07	3.78937e+07
1.60176e+07	3.77107e+07
1.59572e+07	3.75293e+07
1.58972e+07	3.73495e+07
1.58378e+07	3.71711e+07
1.57788e+07	3.69944e+07
1.57204e+07	3.68191e+07
1.56625e+07	3.66454e+07
1.56051e+07	3.64732e+07
1.55482e+07	3.63025e+07
1.54918e+07	3.61333e+07
1.54359e+07	3.59657e+07
1.53805e+07	3.57995e+07
1.53256e+07	3.56348e+07
1.52712e+07	3.54715e+07
1.52173e+07	3.53098e+07
1.51639e+07	3.51495e+07
1.51109e+07	3.49906e+07
1.50584e+07	3.48332e+07
1.50064e+07	3.46772e+07
1.49549e+07	3.45226e+07
1.49038e+07	3.43694e+07
1.48533e+07	3.42176e+07
1.48031e+07	3.40672e+07
1.47534e+07	3.39182e+07
1.47042e+07	3.37706e+07
1.46555e+07	3.36243e+07
1.46071e+07	3.34793e+07
1.45593e+07	3.33357e+07
1.45118e+07	3.31934e+07
1.44648e+07	3.30524e+07
1.44183e+07	3.29127e+07
1.43721e+07	3.27742e+07
1.43264e+07	3.26371e+07
1.42811e+07	3.25012e+07
1.42362e+07	3.23666e+07
1.41918e+07	3.22332e+07
1.41477e+07	3.2101e+07
1.41041e+07	3.19701e+07
1.40608e+07	3.18404e+07
1.4018e+07	3.17118e+07
1.39755e+07	3.15845e+07
1.39335e+07	3.14583e+07
1.38918e+07	3.13332e+07
1.38505e+07	3.12094e+07
1.38096e+07	3.10866e+07
1.3769e+07	3.0965e+07
1.37289e+07	3.08445e+07
1.36891e+07	3.07251e+07
1.36496e+07	3.06067e+07
1.36106e+07	3.04895e+07
1.35718e+07	3.03733e+07
1.35335e+07	3.02582e+07
1.34954e+07	3.01442e+07
1.34578e+07	3.00312e+07
1.34204e+07	2.99192e+07
1.33834e+07	2.98082e+07
1.33468e+07	2.96982e+07
1.33105e+07	2.95892e+07
1.32745e+07	2.94812e+07
1.32388e+07	2.93742e+07
1.32034e+07	2.92681e+07
1.31684e+07	2.9163e+07
1.31337e+07	2.90588e+07
1.30992e+07	2.89556e+07
1.30651e+07	2.88533e+07
1.30313e+07	2.87519e+07
1.29978e+07	2.86514e+07
1.29646e+07	2.85518e+07
1.29317e+07	2.84531e+07
1.28991e+07	2.83552e+07
1.28668e+07	2.82583e+07
1.28348e+07	2.81621e+07
1.2803e+07	2.80669e+07
1.27715e+07	2.79724e+07
1.27403e+07	2.78788e+07
1.27094e+07	2.7786e+07
1.26787e+07	2.7694e+07
1.26483e+07	2.76029e+07
1.26182e+07	2.75125e+07
1.25883e+07	2.74229e+07
1.25587e+07	2.73341e+07
1.25294e+07	2.7246e+07
1.25003e+07	2.71587e+07
1.24714e+07	2.70722e+07
1.24428e+07	2.69864e+07
1.24145e+07	2.69013e+07
1.23864e+07	2.6817e+07
1.23585e+07	2.67334e+07
1.23309e+07	2.66505e+07
1.23035e+07	2.65683e+07
1.22763e+07	2.64868e+07
1.22494e+07	2.6406e+07
1.22227e+07	2.63259e+07
1.21962e+07	2.62465e+07
1.21699e+07	2.61677e+07
1.21439e+07	2.60896e+07
1.21181e+07	2.60121e+07
1.20925e+07	2.59353e+07
1.20671e+07	2.58592e+07
1.20419e+07	2.57836e+07
1.2017e+07	2.57087e+07
1.19922e+07	2.56344e+07
1.19676e+07	2.55608e+07
1.19433e+07	2.54877e+07
1.19191e+07	2.54152e+07
1.18952e+07	2.53434e+07
1.18714e+07	2.52721e+07
1.18478e+07	2.52014e+07
1.18245e+07	2.51313e+07
1.18013e+07	2.50617e+07
1.17783e+07	2.49928e+07
1.17555e+07	2.49243e+07
1.17329e+07	2.48565e+07
1.17104e+07	2.47891e+07
1.16882e+07	2.47223e+07
1.16661e+07	2.46561e+07
1.16442e+07	2.45904e+07
1.16224e+07	2.45252e+07
1.16009e+07	2.44605e+07
1.15795e+07	2.43964e+07
1.15583e+07	2.43327e+07
1.15372e+07	2.42696e+07
1.15164e+07	2.42069e+07
1.14956e+07	2.41448e+07
1.14751e+07	2.40831e+07
1.14547e+07	2.40219e+07
1.14345e+07	2.39612e+07
1.14144e+07	2.3901e+07
1.13945e+07	2.38413e+07
1.13747e+07	2.3782e+07
1.13551e+07	2.37231e+07
1.13356e+07	2.36648e+07
1.13163e+07	2.36068e+07
1.12972e+07	2.35493e+07
1.12781e+07	2.34923e+07
1.12593e+07	2.34357e+07
1.12406e+07	2.33795e+07
1.1222e+07	2.33238e+07
1.12035e+07	2.32685e+07
1.11852e+07	2.32136e+07
1.11671e+07	2.31591e+07
1.11491e+07	2.3105e+07
1.11312e+07	2.30514e+07
1.11134e+07	2.29981e+07
1.10958e+07	2.29453e+07
1.10783e+07	2.28928e+07
1.1061e+07	2.28407e+07
1.10437e+07	2.27891e+07
1.10266e+07	2.27378e+07
1.10097e+07	2.26868e+07
1.09928e+07	2.26363e+07
1.09761e+07	2.25861e+07
1.09595e+07	2.25364e+07
1.0943e+07	2.24869e+07
1.09267e+07	2.24379e+07
1.09104e+07	2.23892e+07
1.08943e+07	2.23408e+07
1.08783e+07	2.22928e+07
1.08624e+07	2.22452e+07
1.08467e+07	2.21979e+07
1.0831e+07	2.21509e+07
1.08155e+07	2.21043e+07
1.08e+07	2.2058e+07
1.07847e+07	2.20121e+07
1.07695e+07	2.19664e+07
1.07544e+07	2.19212e+07
1.07394e+07	2.18762e+07
1.07246e+07	2.18315e+07
1.07098e+07	2.17872e+07
1.06951e+07	2.17432e+07
1.06805e+07	2.16995e+07
1.06661e+07	2.16561e+07
1.06517e+07	2.1613e+07
1.06375e+07	2.15702e+07
1.06233e+07	2.15277e+07
1.06092e+07	2.14856e+07
1.05953e+07	2.14437e+07
1.05814e+07	2.14021e+07
1.05676e+07	2.13608e+07
1.0554e+07	2.13197e+07
1.05404e+07	2.1279e+07
1.05269e+07	2.12385e+07
1.05135e+07	2.11984e+07
1.05002e+07	2.11585e+07
1.0487e+07	2.11189e+07
1.04739e+07	2.10795e+07
1.04609e+07	2.10404e+07
1.04479e+07	2.10016e+07
1.04351e+07	2.09631e+07
1.04223e+07	2.09248e+07
1.04096e+07	2.08867e+07
1.0397e+07	2.0849e+07
1.03845e+07	2.08115e+07
1.03721e+07	2.07742e+07
1.03598e+07	2.07372e+07
1.03475e+07	2.07004e+07
1.03353e+07	2.06639e+07
1.03233e+07	2.06276e+07
1.03112e+07	2.05916e+07
1.02993e+07	2.05558e+07
1.02875e+07	2.05203e+07
1.02757e+07	2.0485e+07
1.0264e+07	2.04499e+07
1.02524e+07	2.0415e+07
1.02409e+07	2.03804e+07
1.02294e+07	2.0346e+07
1.0218e+07	2.03119e+07
1.02067e+07	2.02779e+07
1.01955e+07	2.02442e+07
1.01843e+07	2.02107e+07
1.01732e+07	2.01774e+07
1.01622e+07	2.01444e+07
1.01512e+07	2.01115e+07
1.01403e+07	2.00789e+07
1.01295e+07	2.00465e+07
1.01188e+07	2.00143e+07
1.01081e+07	1.99823e+07
1.00975e+07	1.99505e+07
1.0087e+07	1.99189e+07
1.00765e+07	1.98875e+07
1.00662e+07	1.98563e+07
1.00558e+07	1.98253e+07
1.00456e+07	1.97945e+07
1.00354e+07	1.9764e+07
1.00252e+07	1.97336e+07
1.00152e+07	1.97033e+07
1.00052e+07	1.96733e+07
9.99521e+06	1.96435e+07
9.98534e+06	1.96139e+07
9.97552e+06	1.95844e+07
9.96576e+06	1.95552e+07
9.95607e+06	1.95261e+07
9.94644e+06	1.94972e+07
9.93687e+06	1.94685e+07
9.92735e+06	1.94399e+07
9.9179e+06	1.94116e+07
9.90851e+06	1.93834e+07
9.89917e+06	1.93554e+07
9.88989e+06	1.93275e+07
9.88067e+06	1.92999e+07
9.87151e+06	1.92724e+07
9.8624e+06	1.92451e+07
9.85335e+06	1.92179e+07
9.84436e+06	1.91909e+07
9.83542e+06	1.91641e+07
9.82654e+06	1.91375e+07
9.81771e+06	1.9111e+07
9.80893e+06	1.90847e+07
9.80021e+06	1.90585e+07
9.79154e+06	1.90325e+07
9.78292e+06	1.90066e+07
9.77436e+06	1.89809e+07
9.76585e+06	1.89554e+07
9.75739e+06	1.893e+07
9.74898e+06	1.89048e+07
9.74062e+06	1.88797e+07
9.73231e+06	1.88548e+07
9.72406e+06	1.883e+07
9.71585e+06	1.88054e+07
9.70769e+06	1.87809e+07
9.69958e+06	1.87566e+07
9.69152e+06	1.87324e+07
9.68351e+06	1.87084e+07
9.67554e+06	1.86845e+07
9.66762e+06	1.86607e+07
9.65975e+06	1.86371e+07
9.65193e+06	1.86137e+07
9.64415e+06	1.85903e+07
9.63642e+06	1.85671e+07
9.62874e+06	1.85441e+07
9.6211e+06	1.85212e+07
9.61351e+06	1.84984e+07
9.60596e+06	1.84757e+07
9.59845e+06	1.84532e+07
9.59099e+06	1.84308e+07
9.58358e+06	1.84086e+07
9.5762e+06	1.83865e+07
9.56887e+06	1.83645e+07
9.56159e+06	1.83426e+07
9.55434e+06	1.83209e+07
9.54714e+06	1.82993e+07
9.53998e+06	1.82778e+07
9.53287e+06	1.82565e+07
9.52579e+06	1.82352e+07
9.51875e+06	1.82141e+07
9.51176e+06	1.81931e+07
9.50481e+06	1.81723e+07
9.49789e+06	1.81515e+07
9.49102e+06	1.81309e+07
9.48419e+06	1.81104e+07
9.47739e+06	1.809e+07
9.47064e+06	1.80698e+07
9.46392e+06	1.80496e+07
9.45725e+06	1.80296e+07
9.45061e+06	1.80097e+07
9.44401e+06	1.79899e+07
9.43745e+06	1.79702e+07
9.43092e+06	1.79506e+07
9.42444e+06	1.79312e+07
9.41799e+06	1.79118e+07
9.41157e+06	1.78926e+07
9.4052e+06	1.78735e+07
9.39886e+06	1.78544e+07
9.39255e+06	1.78355e+07
9.38629e+06	1.78167e+07
9.38006e+06	1.7798e+07
9.37386e+06	1.77794e+07
9.3677e+06	1.7761e+07
9.36157e+06	1.77426e+07
9.35548e+06	1.77243e+07
9.34943e+06	1.77061e+07
9.3434e+06	1.76881e+07
9.33742e+06	1.76701e+07
9.33146e+06	1.76522e+07
9.32554e+06	1.76345e+07
9.31966e+06	1.76168e+07
9.3138e+06	1.75993e+07
9.30798e+06	1.75818e+07
9.30219e+06	1.75644e+07
9.29644e+06	1.75472e+07
9.29072e+06	1.753e+07
9.28503e+06	1.75129e+07
9.27937e+06	1.7496e+07
9.27374e+06	1.74791e+07
9.26815e+06	1.74623e+07
9.26259e+06	1.74456e+07
9.25705e+06	1.7429e+07
9.25155e+06	1.74125e+07
9.24608e+06	1.73961e+07
9.24065e+06	1.73798e+07
9.23524e+06	1.73636e+07
9.22986e+06	1.73474e+07
9.22451e+06	1.73314e+07
9.21919e+06	1.73154e+07
9.21391e+06	1.72996e+07
9.20865e+06	1.72838e+07
9.20342e+06	1.72681e+07
9.19822e+06	1.72525e+07
9.19305e+06	1.7237e+07
9.18791e+06	1.72216e+07
9.18279e+06	1.72062e+07
9.17771e+06	1.7191e+07
9.17265e+06	1.71758e+07
9.16762e+06	1.71607e+07
9.16262e+06	1.71457e+07
9.15765e+06	1.71308e+07
9.15271e+06	1.7116e+07
9.14779e+06	1.71012e+07
9.1429e+06	1.70866e+07
9.13804e+06	1.7072e+07
9.13321e+06	1.70575e+07
9.1284e+06	1.70431e+07
9.12362e+06	1.70287e+07
9.11886e+06	1.70145e+07
9.11414e+06	1.70003e+07
9.10944e+06	1.69862e+07
9.10476e+06	1.69721e+07
9.10011e+06	1.69582e+07
9.09549e+06	1.69443e+07
9.09089e+06	1.69305e+07
9.08632e+06	1.69168e+07
9.08177e+06	1.69032e+07
9.07725e+06	1.68896e+07
9.07276e+06	1.68761e+07
9.06829e+06	1.68627e+07
9.06384e+06	1.68494e+07
9.05942e+06	1.68361e+07
9.05502e+06	1.68229e+07
9.05065e+06	1.68098e+07
9.04631e+06	1.67968e+07
9.04198e+06	1.67838e+07
9.03768e+06	1.67709e+07
9.03341e+06	1.67581e+07
9.02916e+06	1.67453e+07
9.02493e+06	1.67327e+07
9.02073e+06	1.672e+07
9.01655e+06	1.67075e+07
9.01239e+06	1.6695e+07
9.00826e+06	1.66826e+07
9.00415e+06	1.66703e+07
9.00006e+06	1.6658e+07
8.996e+06	1.66459e+07
8.99196e+06	1.66337e+07
8.98794e+06	1.66217e+07
8.98394e+06	1.66097e+07
8.97997e+06	1.65978e+07
8.97602e+06	1.65859e+07
8.97209e+06	1.65741e+07
8.96818e+06	1.65624e+07
8.96429e+06	1.65507e+07
8.96043e+06	1.65392e+07
8.95659e+06	1.65276e+07
8.95277e+06	1.65162e+07
8.94897e+06	1.65048e+07
8.94519e+06	1.64934e+07
8.94144e+06	1.64822e+07
8.9377e+06	1.6471e+07
8.93399e+06	1.64598e+07
8.9303e+06	1.64488e+07
8.92663e+06	1.64377e+07
8.92298e+06	1.64268e+07
8.91935e+06	1.64159e+07
8.91574e+06	1.64051e+07
8.91215e+06	1.63943e+07
8.90858e+06	1.63836e+07
8.90503e+06	1.6373e+07
8.90151e+06	1.63624e+07
8.898e+06	1.63519e+07
8.89451e+06	1.63414e+07
8.89104e+06	1.6331e+07
8.8876e+06	1.63207e+07
8.88417e+06	1.63104e+07
8.88076e+06	1.63001e+07
8.87737e+06	1.629e+07
8.874e+06	1.62799e+07
8.87065e+06	1.62698e+07
8.86732e+06	1.62598e+07
8.86401e+06	1.62499e+07
8.86072e+06	1.624e+07
8.85744e+06	1.62302e+07
8.85419e+06	1.62204e+07
8.85095e+06	1.62107e+07
8.84774e+06	1.62011e+07
8.84454e+06	1.61915e+07
8.84136e+06	1.61819e+07
8.8382e+06	1.61725e+07
8.83505e+06	1.6163e+07
8.83193e+06	1.61537e+07
8.82882e+06	1.61443e+07
8.82574e+06	1.61351e+07
8.82267e+06	1.61259e+07
8.81961e+06	1.61167e+07
8.81658e+06	1.61076e+07
8.81356e+06	1.60986e+07
8.81057e+06	1.60896e+07
8.80758e+06	1.60806e+07
8.80462e+06	1.60717e+07
8.80168e+06	1.60629e+07
8.79875e+06	1.60541e+07
8.79584e+06	1.60454e+07
8.79294e+06	1.60367e+07
8.79007e+06	1.60281e+07
8.78721e+06	1.60195e+07
8.78437e+06	1.6011e+07
8.78154e+06	1.60025e+07
8.77873e+06	1.59941e+07
8.77594e+06	1.59857e+07
8.77317e+06	1.59774e+07
8.77041e+06	1.59691e+07
8.76767e+06	1.59609e+07
8.76495e+06	1.59527e+07
8.76224e+06	1.59446e+07
8.75955e+06	1.59365e+07
8.75687e+06	1.59285e+07
8.75422e+06	1.59205e+07
8.75157e+06	1.59126e+07
8.74895e+06	1.59047e+07
8.74634e+06	1.58969e+07
8.74374e+06	1.58891e+07
8.74117e+06	1.58814e+07
8.7386e+06	1.58737e+07
8.73606e+06	1.5866e+07
8.73353e+06	1.58584e+07
8.73101e+06	1.58509e+07
8.72851e+06	1.58434e+07
8.72603e+06	1.5836e+07
8.72356e+06	1.58285e+07
8.72111e+06	1.58212e+07
8.71867e+06	1.58139e+07
8.71625e+06	1.58066e+07
8.71384e+06	1.57994e+07
8.71145e+06	1.57922e+07
8.70908e+06	1.57851e+07
8.70672e+06	1.5778e+07
8.70437e+06	1.5771e+07
8.70204e+06	1.5764e+07
8.69972e+06	1.5757e+07
8.69742e+06	1.57501e+07
8.69514e+06	1.57433e+07
8.69287e+06	1.57365e+07
8.69061e+06	1.57297e+07
8.68837e+06	1.5723e+07
8.68614e+06	1.57163e+07
8.68393e+06	1.57096e+07
8.68173e+06	1.57031e+07
8.67955e+06	1.56965e+07
8.67738e+06	1.569e+07
8.67522e+06	1.56835e+07
8.67308e+06	1.56771e+07
8.67095e+06	1.56707e+07
8.66884e+06	1.56644e+07
8.66674e+06	1.56581e+07
8.66466e+06	1.56518e+07
8.66259e+06	1.56456e+07
8.66053e+06	1.56395e+07
8.65849e+06	1.56333e+07
8.65646e+06	1.56272e+07
8.65444e+06	1.56212e+07
8.65244e+06	1.56152e+07
8.65046e+06	1.56092e+07
8.64848e+06	1.56033e+07
8.64652e+06	1.55974e+07
8.64457e+06	1.55916e+07
8.64264e+06	1.55858e+07
8.64072e+06	1.558e+07
8.63882e+06	1.55743e+07
8.63692e+06	1.55686e+07
8.63504e+06	1.5563e+07
8.63318e+06	1.55574e+07
8.63132e+06	1.55518e+07
8.62948e+06	1.55463e+07
8.62766e+06	1.55408e+07
8.62584e+06	1.55354e+07
8.62404e+06	1.553e+07
8.62225e+06	1.55246e+07
8.62048e+06	1.55193e+07
8.61872e+06	1.5514e+07
8.61697e+06	1.55088e+07
8.61523e+06	1.55036e+07
8.61351e+06	1.54984e+07
8.6118e+06	1.54932e+07
8.6101e+06	1.54882e+07
8.60841e+06	1.54831e+07
8.60674e+06	1.54781e+07
8.60508e+06	1.54731e+07
8.60343e+06	1.54682e+07
8.60179e+06	1.54632e+07
8.60017e+06	1.54584e+07
8.59856e+06	1.54535e+07
8.59696e+06	1.54487e+07
8.59537e+06	1.5444e+07
8.5938e+06	1.54393e+07
8.59224e+06	1.54346e+07
8.59069e+06	1.54299e+07
8.58915e+06	1.54253e+07
8.58762e+06	1.54207e+07
8.58611e+06	1.54162e+07
8.58461e+06	1.54117e+07
8.58312e+06	1.54072e+07
8.58164e+06	1.54028e+07
8.58018e+06	1.53984e+07
8.57872e+06	1.5394e+07
8.57728e+06	1.53897e+07
8.57585e+06	1.53854e+07
8.57443e+06	1.53812e+07
8.57302e+06	1.53769e+07
8.57163e+06	1.53727e+07
8.57024e+06	1.53686e+07
8.56887e+06	1.53645e+07
8.56751e+06	1.53604e+07
8.56616e+06	1.53563e+07
8.56482e+06	1.53523e+07
8.56349e+06	1.53483e+07
8.56218e+06	1.53444e+07
8.56087e+06	1.53405e+07
8.55958e+06	1.53366e+07
8.5583e+06	1.53328e+07
8.55703e+06	1.5329e+07
8.55577e+06	1.53252e+07
8.55452e+06	1.53214e+07
8.55329e+06	1.53177e+07
8.55206e+06	1.5314e+07
8.55084e+06	1.53104e+07
8.54964e+06	1.53068e+07
8.54845e+06	1.53032e+07
8.54727e+06	1.52997e+07
8.5461e+06	1.52961e+07
8.54493e+06	1.52927e+07
8.54379e+06	1.52892e+07
8.54265e+06	1.52858e+07
8.54152e+06	1.52824e+07
8.5404e+06	1.52791e+07
8.5393e+06	1.52758e+07
8.5382e+06	1.52725e+07
8.53711e+06	1.52692e+07
8.53604e+06	1.5266e+07
8.53498e+06	1.52628e+07
8.53392e+06	1.52596e+07
8.53288e+06	1.52565e+07
8.53185e+06	1.52534e+07
8.53082e+06	1.52503e+07
8.52981e+06	1.52473e+07
8.52881e+06	1.52443e+07
8.52782e+06	1.52413e+07
8.52684e+06	1.52384e+07
8.52587e+06	1.52355e+07
8.52491e+06	1.52326e+07
8.52396e+06	1.52297e+07
8.52302e+06	1.52269e+07
8.52209e+06	1.52241e+07
8.52117e+06	1.52214e+07
8.52026e+06	1.52186e+07
8.51936e+06	1.52159e+07
8.51847e+06	1.52133e+07
8.51759e+06	1.52106e+07
8.51672e+06	1.5208e+07
8.51585e+06	1.52054e+07
8.515e+06	1.52029e+07
8.51416e+06	1.52004e+07
8.51333e+06	1.51979e+07
8.51251e+06	1.51954e+07
8.5117e+06	1.5193e+07
8.5109e+06	1.51906e+07
8.51011e+06	1.51882e+07
8.50932e+06	1.51858e+07
8.50855e+06	1.51835e+07
8.50779e+06	1.51812e+07
8.50704e+06	1.5179e+07
8.50629e+06	1.51767e+07
8.50556e+06	1.51745e+07
8.50483e+06	1.51724e+07
8.50412e+06	1.51702e+07
8.50341e+06	1.51681e+07
8.50271e+06	1.5166e+07
8.50203e+06	1.51639e+07
8.50135e+06	1.51619e+07
8.50068e+06	1.51599e+07
8.50002e+06	1.51579e+07
8.49937e+06	1.5156e+07
8.49873e+06	1.5154e+07
8.4981e+06	1.51521e+07
8.49747e+06	1.51503e+07
8.49686e+06	1.51484e+07
8.49625e+06	1.51466e+07
8.49566e+06	1.51448e+07
8.49507e+06	1.51431e+07
8.49449e+06	1.51413e+07
8.49392e+06	1.51396e+07
8.49337e+06	1.5138e+07
8.49281e+06	1.51363e+07
8.49227e+06	1.51347e+07
8.49174e+06	1.51331e+07
8.49121e+06	1.51315e+07
8.4907e+06	1.513e+07
8.49019e+06	1.51284e+07
8.48969e+06	1.51269e+07
8.48921e+06	1.51255e+07
8.48872e+06	1.5124e+07
8.48825e+06	1.51226e+07
8.48779e+06	1.51212e+07
8.48733e+06	1.51199e+07
8.48689e+06	1.51185e+07
8.48645e+06	1.51172e+07
8.48602e+06	1.51159e+07
8.4856e+06	1.51147e+07
8.48519e+06	1.51134e+07
8.48479e+06	1.51122e+07
8.48439e+06	1.5111e+07
8.484e+06	1.51099e+07
8.48362e+06	1.51087e+07
8.48325e+06	1.51076e+07
8.48289e+06	1.51065e+07
8.48254e+06	1.51055e+07
8.48219e+06	1.51044e+07
8.48186e+06	1.51034e+07
8.48153e+06	1.51024e+07
8.48121e+06	1.51015e+07
8.48089e+06	1.51005e+07
8.48059e+06	1.50996e+07
8.48029e+06	1.50987e+07
8.48e+06	1.50979e+07
8.47972e+06	1.5097e+07
8.47945e+06	1.50962e+07
8.47919e+06	1.50954e+07
8.47893e+06	1.50947e+07
8.47868e+06	1.50939e+07
8.47844e+06	1.50932e+07
8.47821e+06	1.50925e+07
8.47799e+06	1.50918e+07
8.47777e+06	1.50912e+07
8.47756e+06	1.50905e+07
8.47736e+06	1.50899e+07
8.47716e+06	1.50894e+07
8.47698e+06	1.50888e+07
8.4768e+06	1.50883e+07
8.47663e+06	1.50878e+07
8.47647e+06	1.50873e+07
8.47631e+06	1.50868e+07
8.47616e+06	1.50864e+07
8.47602e+06	1.50859e+07
8.47589e+06	1.50855e+07
8.47577e+06	1.50852e+07
8.47565e+06	1.50848e+07
8.47554e+06	1.50845e+07
8.47544e+06	1.50842e+07
8.47534e+06	1.50839e+07
8.47525e+06	1.50836e+07
8.47517e+06	1.50834e+07
8.4751e+06	1.50832e+07
8.47504e+06	1.5083e+07
8.47498e+06	1.50828e+07
8.47493e+06	1.50826e+07
8.47488e+06	1.50825e+07
8.47485e+06	1.50824e+07
8.47482e+06	1.50823e+07
8.47479e+06	1.50822e+07
8.47478e+06	1.50822e+07
8.47477e+06	1.50822e+07
8.47477e+06	1.50822e+07
8.47478e+06	1.50822e+07
8.47479e+06	1.50822e+07
8.47481e+06	1.50823e+07
8.47484e+06	1.50824e+07
8.47487e+06	1.50825e+07
8.47491e+06	1.50826e+07
8.47496e+06	1.50827e+07
8.47502e+06	1.50829e+07
8.47508e+06	1.50831e+07
8.47515e+06	1.50833e+07
8.47522e+06	1.50835e+07
8.47531e+06	1.50838e+07
8.4754e+06	1.50841e+07
8.47549e+06	1.50843e+07
8.47559e+06	1.50846e+07
8.4757e+06	1.5085e+07
8.47582e+06	1.50853e+07
8.47594e+06	1.50857e+07
8.47607e+06	1.50861e+07
8.47621e+06	1.50865e+07
8.47635e+06	1.50869e+07
8.4765e+06	1.50874e+07
8.47666e+06	1.50878e+07
8.47682e+06	1.50883e+07
8.47699e+06	1.50888e+07
8.47716e+06	1.50894e+07
8.47735e+06	1.50899e+07
8.47753e+06	1.50905e+07
8.47773e+06	1.50911e+07
8.47793e+06	1.50917e+07
8.47814e+06	1.50923e+07
8.47835e+06	1.50929e+07
8.47857e+06	1.50936e+07
8.4788e+06	1.50943e+07
8.47903e+06	1.5095e+07
8.47927e+06	1.50957e+07
8.47951e+06	1.50964e+07
8.47977e+06	1.50972e+07
8.48002e+06	1.50979e+07
8.48029e+06	1.50987e+07
8.48056e+06	1.50995e+07
8.48083e+06	1.51004e+07
8.48111e+06	1.51012e+07
8.4814e+06	1.51021e+07
8.4817e+06	1.5103e+07
8.482e+06	1.51039e+07
8.4823e+06	1.51048e+07
8.48261e+06	1.51057e+07
8.48293e+06	1.51067e+07
8.48326e+06	1.51076e+07
8.48359e+06	1.51086e+07
8.48392e+06	1.51096e+07
8.48426e+06	1.51107e+07
8.48461e+06	1.51117e+07
8.48496e+06	1.51128e+07
8.48532e+06	1.51138e+07
8.48569e+06	1.51149e+07
8.48606e+06	1.5116e+07
8.48643e+06	1.51172e+07
8.48681e+06	1.51183e+07
8.4872e+06	1.51195e+07
8.4876e+06	1.51206e+07
8.48799e+06	1.51218e+07
8.4884e+06	1.51231e+07
8.48881e+06	1.51243e+07
8.48922e+06	1.51255e+07
8.48964e+06	1.51268e+07
8.49007e+06	1.51281e+07
8.4905e+06	1.51294e+07
8.49094e+06	1.51307e+07
8.49138e+06	1.5132e+07
8.49183e+06	1.51334e+07
8.49228e+06	1.51347e+07
8.49274e+06	1.51361e+07
8.49321e+06	1.51375e+07
8.49368e+06	1.51389e+07
8.49415e+06	1.51403e+07
8.49463e+06	1.51418e+07
8.49512e+06	1.51432e+07
8.49561e+06	1.51447e+07
8.4961e+06	1.51462e+07
8.49661e+06	1.51477e+07
8.49711e+06	1.51492e+07
8.49762e+06	1.51507e+07
8.49814e+06	1.51523e+07
8.49866e+06	1.51538e+07
8.49919e+06	1.51554e+07
8.49972e+06	1.5157e+07
8.50026e+06	1.51586e+07
8.5008e+06	1.51603e+07
8.50135e+06	1.51619e+07
8.5019e+06	1.51636e+07
8.50245e+06	1.51652e+07
8.50302e+06	1.51669e+07
8.50358e+06	1.51686e+07
8.50415e+06	1.51703e+07
8.50473e+06	1.51721e+07
8.50531e+06	1.51738e+07
8.5059e+06	1.51756e+07
8.50649e+06	1.51773e+07
8.50708e+06	1.51791e+07
8.50768e+06	1.51809e+07
8.50829e+06	1.51827e+07
8.5089e+06	1.51846e+07
8.50951e+06	1.51864e+07
8.51013e+06	1.51883e+07
8.51075e+06	1.51901e+07
8.51138e+06	1.5192e+07
8.51202e+06	1.51939e+07
8.51265e+06	1.51958e+07
8.5133e+06	1.51977e+07
8.51394e+06	1.51997e+07
8.51459e+06	1.52016e+07
8.51525e+06	1.52036e+07
8.51591e+06	1.52056e+07
8.51657e+06	1.52076e+07
8.51724e+06	1.52096e+07
8.51791e+06	1.52116e+07
8.51859e+06	1.52136e+07
8.51927e+06	1.52157e+07
8.51996e+06	1.52177e+07
8.52065e+06	1.52198e+07
8.52135e+06	1.52219e+07
8.52205e+06	1.5224e+07
8.52275e+06	1.52261e+07
8.52346e+06	1.52282e+07
8.52417e+06	1.52304e+07
8.52488e+06	1.52325e+07
8.52561e+06	1.52347e+07
8.52633e+06	1.52369e+07
8.52706e+06	1.5239e+07
8.52779e+06	1.52412e+07
8.52853e+06	1.52434e+07
8.52927e+06	1.52457e+07
8.53001e+06	1.52479e+07
8.53076e+06	1.52502e+07
8.53151e+06	1.52524e+07
8.53227e+06	1.52547e+07
8.53303e+06	1.5257e+07
8.5338e+06	1.52593e+07
8.53457e+06	1.52616e+07
8.53534e+06	1.52639e+07
8.53611e+06	1.52662e+07
8.5369e+06	1.52685e+07
8.53768e+06	1.52709e+07
8.53847e+06	1.52733e+07
8.53926e+06	1.52756e+07
8.54005e+06	1.5278e+07
8.54085e+06	1.52804e+07
8.54166e+06	1.52828e+07
8.54246e+06	1.52853e+07
8.54327e+06	1.52877e+07
8.54409e+06	1.52901e+07
8.54491e+06	1.52926e+07
8.54573e+06	1.5295e+07
8.54655e+06	1.52975e+07
8.54738e+06	1.53e+07
8.54821e+06	1.53025e+07
8.54905e+06	1.5305e+07
8.54989e+06	1.53075e+07
8.55073e+06	1.53101e+07
8.55158e+06	1.53126e+07
8.55242e+06	1.53151e+07
8.55328e+06	1.53177e+07
8.55413e+06	1.53203e+07
8.55499e+06	1.53228e+07
8.55586e+06	1.53254e+07
8.55672e+06	1.5328e+07
8.55759e+06	1.53306e+07
8.55847e+06	1.53333e+07
8.55934e+06	1.53359e+07
8.56022e+06	1.53385e+07
8.56111e+06	1.53412e+07
8.56199e+06	1.53438e+07
8.56288e+06	1.53465e+07
8.56378e+06	1.53492e+07
8.56467e+06	1.53519e+07
8.56557e+06	1.53546e+07
8.56647e+06	1.53573e+07
8.56738e+06	1.536e+07
8.56829e+06	1.53627e+07
8.5692e+06	1.53655e+07
8.57011e+06	1.53682e+07
8.57103e+06	1.5371e+07
8.57195e+06	1.53737e+07
8.57287e+06	1.53765e+07
8.5738e+06	1.53793e+07
8.57473e+06	1.53821e+07
8.57566e+06	1.53849e+07
8.5766e+06	1.53877e+07
8.57754e+06	1.53905e+07
8.57848e+06	1.53933e+07
8.57942e+06	1.53961e+07
8.58037e+06	1.5399e+07
8.58132e+06	1.54018e+07
8.58227e+06	1.54047e+07
8.58323e+06	1.54076e+07
8.58419e+06	1.54104e+07
8.58515e+06	1.54133e+07
8.58611e+06	1.54162e+07
8.58708e+06	1.54191e+07
8.58805e+06	1.5422e+07
8.58902e+06	1.54249e+07
8.58999e+06	1.54278e+07
8.59097e+06	1.54308e+07
8.59195e+06	1.54337e+07
8.59293e+06	1.54367e+07
8.59392e+06	1.54396e+07
8.59491e+06	1.54426e+07
8.5959e+06	1.54456e+07
8.59689e+06	1.54485e+07
8.59788e+06	1.54515e+07
8.59888e+06	1.54545e+07
8.59988e+06	1.54575e+07
8.60088e+06	1.54605e+07
8.60189e+06	1.54635e+07
8.6029e+06	1.54666e+07
8.60391e+06	1.54696e+07
8.60492e+06	1.54726e+07
8.60593e+06	1.54757e+07
8.60695e+06	1.54787e+07
8.60797e+06	1.54818e+07
8.60899e+06	1.54848e+07
8.61002e+06	1.54879e+07
8.61104e+06	1.5491e+07
8.61207e+06	1.54941e+07
8.6131e+06	1.54972e+07
8.61413e+06	1.55003e+07
8.61517e+06	1.55034e+07
8.61621e+06	1.55065e+07
8.61725e+06	1.55096e+07
8.61829e+06	1.55127e+07
8.61933e+06	1.55159e+07
8.62038e+06	1.5519e+07
8.62143e+06	1.55221e+07
8.62248e+06	1.55253e+07
8.62353e+06	1.55284e+07
8.62458e+06	1.55316e+07
8.62564e+06	1.55348e+07
8.6267e+06	1.5538e+07
8.62776e+06	1.55411e+07
8.62882e+06	1.55443e+07
8.62988e+06	1.55475e+07
8.63095e+06	1.55507e+07
8.63202e+06	1.55539e+07
8.63309e+06	1.55571e+07
8.63416e+06	1.55603e+07
8.63523e+06	1.55636e+07
8.63631e+06	1.55668e+07
8.63739e+06	1.557e+07
8.63846e+06	1.55733e+07
8.63955e+06	1.55765e+07
8.64063e+06	1.55798e+07
8.64171e+06	1.5583e+07
8.6428e+06	1.55863e+07
8.64389e+06	1.55895e+07
8.64498e+06	1.55928e+07
8.64607e+06	1.55961e+07
8.64716e+06	1.55994e+07
8.64826e+06	1.56026e+07
8.64935e+06	1.56059e+07
8.65045e+06	1.56092e+07
8.65155e+06	1.56125e+07
8.65265e+06	1.56158e+07
8.65376e+06	1.56191e+07
8.65486e+06	1.56224e+07
8.65597e+06	1.56258e+07
8.65707e+06	1.56291e+07
8.65818e+06	1.56324e+07
8.65929e+06	1.56357e+07
8.66041e+06	1.56391e+07
8.66152e+06	1.56424e+07
8.66264e+06	1.56458e+07
8.66375e+06	1.56491e+07
8.66487e+06	1.56525e+07
8.66599e+06	1.56558e+07
8.66711e+06	1.56592e+07
8.66823e+06	1.56626e+07
8.66936e+06	1.56659e+07
8.67048e+06	1.56693e+07
8.67161e+06	1.56727e+07
8.67273e+06	1.56761e+07
8.67386e+06	1.56795e+07
8.67499e+06	1.56828e+07
8.67612e+06	1.56862e+07
8.67726e+06	1.56896e+07
8.67839e+06	1.5693e+07
8.67953e+06	1.56964e+07
8.68066e+06	1.56999e+07
8.6818e+06	1.57033e+07
8.68294e+06	1.57067e+07
8.68408e+06	1.57101e+07
8.68522e+06	1.57135e+07
8.68636e+06	1.5717e+07
8.68751e+06	1.57204e+07
8.68865e+06	1.57238e+07
8.6898e+06	1.57273e+07
8.69094e+06	1.57307e+07
8.69209e+06	1.57341e+07
8.69324e+06	1.57376e+07
8.69439e+06	1.5741e+07
8.69554e+06	1.57445e+07
8.69669e+06	1.57479e+07
8.69784e+06	1.57514e+07
8.699e+06	1.57549e+07
8.70015e+06	1.57583e+07
8.70131e+06	1.57618e+07
8.70247e+06	1.57653e+07
8.70362e+06	1.57687e+07
8.70478e+06	1.57722e+07
8.70594e+06	1.57757e+07
8.7071e+06	1.57792e+07
8.70826e+06	1.57826e+07
8.70942e+06	1.57861e+07
8.71059e+06	1.57896e+07
8.71175e+06	1.57931e+07
8.71291e+06	1.57966e+07
8.71408e+06	1.58001e+07
8.71525e+06	1.58036e+07
8.71641e+06	1.58071e+07
8.71758e+06	1.58106e+07
8.71875e+06	1.58141e+07
8.71992e+06	1.58176e+07
8.72109e+06	1.58211e+07
8.72226e+06	1.58246e+07
8.72343e+06	1.58281e+07
8.7246e+06	1.58317e+07
8.72577e+06	1.58352e+07
8.72695e+06	1.58387e+07
8.72812e+06	1.58422e+07
8.72929e+06	1.58457e+07
8.73047e+06	1.58493e+07
8.73164e+06	1.58528e+07
8.73282e+06	1.58563e+07
8.734e+06	1.58599e+07
8.73517e+06	1.58634e+07
8.73635e+06	1.58669e+07
8.73753e+06	1.58705e+07
8.73871e+06	1.5874e+07
8.73989e+06	1.58775e+07
8.74107e+06	1.58811e+07
8.74225e+06	1.58846e+07
8.74343e+06	1.58881e+07
8.74461e+06	1.58917e+07
8.74579e+06	1.58952e+07
8.74697e+06	1.58988e+07
8.74816e+06	1.59023e+07
8.74934e+06	1.59059e+07
8.75052e+06	1.59094e+07
8.75171e+06	1.5913e+07
8.75289e+06	1.59165e+07
8.75407e+06	1.59201e+07
8.75526e+06	1.59236e+07
8.75644e+06	1.59272e+07
8.75763e+06	1.59308e+07
8.75881e+06	1.59343e+07
8.76e+06	1.59379e+07
8.76119e+06	1.59414e+07
8.76237e+06	1.5945e+07
8.76356e+06	1.59485e+07
8.76475e+06	1.59521e+07
8.76593e+06	1.59557e+07
8.76712e+06	1.59592e+07
8.76831e+06	1.59628e+07
8.7695e+06	1.59664e+07
8.77069e+06	1.59699e+07
8.77187e+06	1.59735e+07
8.77306e+06	1.59771e+07
8.77425e+06	1.59806e+07
8.77544e+06	1.59842e+07
8.77663e+06	1.59878e+07
8.77782e+06	1.59913e+07
8.77901e+06	1.59949e+07
8.7802e+06	1.59985e+07
8.78139e+06	1.6002e+07
8.78258e+06	1.60056e+07
8.78377e+06	1.60092e+07
8.78495e+06	1.60127e+07
8.78614e+06	1.60163e+07
8.78733e+06	1.60199e+07
8.78852e+06	1.60234e+07
8.78971e+06	1.6027e+07
8.7909e+06	1.60306e+07
8.79209e+06	1.60341e+07
8.79328e+06	1.60377e+07
8.79447e+06	1.60413e+07
8.79566e+06	1.60449e+07
8.79685e+06	1.60484e+07
8.79804e+06	1.6052e+07
8.79923e+06	1.60556e+07
8.80042e+06	1.60591e+07
8.80161e+06	1.60627e+07
8.8028e+06	1.60663e+07
8.80399e+06	1.60698e+07
8.80518e+06	1.60734e+07
8.80637e+06	1.6077e+07
8.80755e+06	1.60805e+07
8.80874e+06	1.60841e+07
8.80993e+06	1.60877e+07
8.81112e+06	1.60912e+07
8.81231e+06	1.60948e+07
8.8135e+06	1.60984e+07
8.81468e+06	1.61019e+07
8.81587e+06	1.61055e+07
8.81706e+06	1.6109e+07
8.81825e+06	1.61126e+07
8.81943e+06	1.61162e+07
8.82062e+06	1.61197e+07
8.82181e+06	1.61233e+07
8.82299e+06	1.61268e+07
8.82418e+06	1.61304e+07
8.82536e+06	1.6134e+07
8.82655e+06	1.61375e+07
8.82773e+06	1.61411e+07
8.82892e+06	1.61446e+07
8.8301e+06	1.61482e+07
8.83129e+06	1.61517e+07
8.83247e+06	1.61553e+07
8.83365e+06	1.61588e+07
8.83484e+06	1.61624e+07
8.83602e+06	1.61659e+07
8.8372e+06	1.61695e+07
8.83838e+06	1.6173e+07
8.83957e+06	1.61766e+07
8.84075e+06	1.61801e+07
8.84193e+06	1.61837e+07
8.84311e+06	1.61872e+07
8.84429e+06	1.61907e+07
8.84547e+06	1.61943e+07
8.84665e+06	1.61978e+07
8.84783e+06	1.62013e+07
8.84901e+06	1.62049e+07
8.85018e+06	1.62084e+07
8.85136e+06	1.62119e+07
8.85254e+06	1.62155e+07
8.85371e+06	1.6219e+07
8.85489e+06	1.62225e+07
8.85607e+06	1.62261e+07
8.85724e+06	1.62296e+07
8.85841e+06	1.62331e+07
8.85959e+06	1.62366e+07
8.86076e+06	1.62402e+07
8.86193e+06	1.62437e+07
8.86311e+06	1.62472e+07
8.86428e+06	1.62507e+07
8.86545e+06	1.62542e+07
8.86662e+06	1.62577e+07
8.86779e+06	1.62612e+07
8.86896e+06	1.62647e+07
8.87013e+06	1.62683e+07
8.8713e+06	1.62718e+07
8.87247e+06	1.62753e+07
8.87363e+06	1.62788e+07
8.8748e+06	1.62823e+07
8.87597e+06	1.62858e+07
8.87713e+06	1.62893e+07
8.8783e+06	1.62928e+07
8.87946e+06	1.62962e+07
8.88062e+06	1.62997e+07
8.88179e+06	1.63032e+07
8.88295e+06	1.63067e+07
8.88411e+06	1.63102e+07
8.88527e+06	1.63137e+07
8.88643e+06	1.63172e+07
8.88759e+06	1.63206e+07
8.88875e+06	1.63241e+07
8.88991e+06	1.63276e+07
8.89106e+06	1.63311e+07
8.89222e+06	1.63345e+07
8.89338e+06	1.6338e+07
8.89453e+06	1.63415e+07
8.89568e+06	1.63449e+07
8.89684e+06	1.63484e+07
8.89799e+06	1.63518e+07
8.89914e+06	1.63553e+07
8.90029e+06	1.63587e+07
8.90145e+06	1.63622e+07
8.9026e+06	1.63657e+07
8.90374e+06	1.63691e+07
8.90489e+06	1.63725e+07
8.90604e+06	1.6376e+07
8.90719e+06	1.63794e+07
8.90833e+06	1.63829e+07
8.90948e+06	1.63863e+07
8.91062e+06	1.63897e+07
8.91177e+06	1.63932e+07
8.91291e+06	1.63966e+07
8.91405e+06	1.64e+07
8.91519e+06	1.64034e+07
8.91633e+06	1.64069e+07
8.91747e+06	1.64103e+07
8.91861e+06	1.64137e+07
8.91975e+06	1.64171e+07
8.92088e+06	1.64205e+07
8.92202e+06	1.64239e+07
8.92315e+06	1.64273e+07
8.92429e+06	1.64307e+07
8.92542e+06	1.64341e+07
8.92655e+06	1.64375e+07
8.92769e+06	1.64409e+07
8.92882e+06	1.64443e+07
8.92995e+06	1.64477e+07
8.93107e+06	1.64511e+07
8.9322e+06	1.64545e+07
8.93333e+06	1.64579e+07
8.93446e+06	1.64612e+07
8.93558e+06	1.64646e+07
8.9367e+06	1.6468e+07
8.93783e+06	1.64713e+07
8.93895e+06	1.64747e+07
8.94007e+06	1.64781e+07
8.94119e+06	1.64814e+07
8.94231e+06	1.64848e+07
8.94343e+06	1.64882e+07
8.94455e+06	1.64915e+07
8.94566e+06	1.64949e+07
8.94678e+06	1.64982e+07
8.94789e+06	1.65015e+07
8.94901e+06	1.65049e+07
8.95012e+06	1.65082e+07
8.95123e+06	1.65116e+07
8.95234e+06	1.65149e+07
8.95345e+06	1.65182e+07
8.95456e+06	1.65215e+07
8.95567e+06	1.65249e+07
8.95677e+06	1.65282e+07
8.95788e+06	1.65315e+07
8.95898e+06	1.65348e+07
8.96009e+06	1.65381e+07
8.96119e+06	1.65414e+07
8.96229e+06	1.65447e+07
8.96339e+06	1.6548e+07
8.96449e+06	1.65513e+07
8.96559e+06	1.65546e+07
8.96669e+06	1.65579e+07
8.96778e+06	1.65612e+07
8.96888e+06	1.65645e+07
8.96997e+06	1.65678e+07
8.97107e+06	1.65711e+07
8.97216e+06	1.65743e+07
8.97325e+06	1.65776e+07
8.97434e+06	1.65809e+07
8.97543e+06	1.65841e+07
8.97652e+06	1.65874e+07
8.9776e+06	1.65907e+07
8.97869e+06	1.65939e+07
8.97977e+06	1.65972e+07
8.98086e+06	1.66004e+07
8.98194e+06	1.66037e+07
8.98302e+06	1.66069e+07
8.9841e+06	1.66102e+07
8.98518e+06	1.66134e+07
8.98626e+06	1.66166e+07
8.98733e+06	1.66199e+07
8.98841e+06	1.66231e+07
8.98948e+06	1.66263e+07
8.99056e+06	1.66295e+07
8.99163e+06	1.66327e+07
8.9927e+06	1.6636e+07
8.99377e+06	1.66392e+07
8.99484e+06	1.66424e+07
8.9959e+06	1.66456e+07
8.99697e+06	1.66488e+07
8.99804e+06	1.6652e+07
8.9991e+06	1.66552e+07
9.00016e+06	1.66584e+07
9.00123e+06	1.66615e+07
9.00229e+06	1.66647e+07
9.00335e+06	1.66679e+07
9.0044e+06	1.66711e+07
9.00546e+06	1.66743e+07
9.00652e+06	1.66774e+07
9.00757e+06	1.66806e+07
9.00863e+06	1.66837e+07
9.00968e+06	1.66869e+07
9.01073e+06	1.66901e+07
9.01178e+06	1.66932e+07
9.01283e+06	1.66964e+07
9.01388e+06	1.66995e+07
9.01492e+06	1.67026e+07
9.01597e+06	1.67058e+07
9.01701e+06	1.67089e+07
9.01806e+06	1.6712e+07
9.0191e+06	1.67152e+07
9.02014e+06	1.67183e+07
9.02118e+06	1.67214e+07
9.02222e+06	1.67245e+07
9.02325e+06	1.67276e+07
9.02429e+06	1.67307e+07
9.02533e+06	1.67338e+07
9.02636e+06	1.67369e+07
9.02739e+06	1.674e+07
9.02842e+06	1.67431e+07
9.02945e+06	1.67462e+07
9.03048e+06	1.67493e+07
9.03151e+06	1.67524e+07
9.03253e+06	1.67555e+07
9.03356e+06	1.67585e+07
9.03458e+06	1.67616e+07
9.0356e+06	1.67647e+07
9.03663e+06	1.67677e+07
9.03765e+06	1.67708e+07
9.03866e+06	1.67739e+07
9.03968e+06	1.67769e+07
9.0407e+06	1.678e+07
9.04171e+06	1.6783e+07
9.04273e+06	1.6786e+07
9.04374e+06	1.67891e+07
9.04475e+06	1.67921e+07
9.04576e+06	1.67951e+07
9.04677e+06	1.67982e+07
9.04778e+06	1.68012e+07
9.04878e+06	1.68042e+07
9.04979e+06	1.68072e+07
9.05079e+06	1.68102e+07
9.0518e+06	1.68132e+07
9.0528e+06	1.68163e+07
9.0538e+06	1.68193e+07
9.0548e+06	1.68222e+07
9.05579e+06	1.68252e+07
9.05679e+06	1.68282e+07
9.05778e+06	1.68312e+07
9.05878e+06	1.68342e+07
9.05977e+06	1.68372e+07
9.06076e+06	1.68401e+07
9.06175e+06	1.68431e+07
9.06274e+06	1.68461e+07
9.06373e+06	1.6849e+07
9.06471e+06	1.6852e+07
9.0657e+06	1.6855e+07
9.06668e+06	1.68579e+07
9.06766e+06	1.68609e+07
9.06864e+06	1.68638e+07
9.06962e+06	1.68667e+07
9.0706e+06	1.68697e+07
9.07158e+06	1.68726e+07
9.07256e+06	1.68755e+07
9.07353e+06	1.68785e+07
9.0745e+06	1.68814e+07
9.07548e+06	1.68843e+07
9.07645e+06	1.68872e+07
9.07742e+06	1.68901e+07
9.07838e+06	1.6893e+07
9.07935e+06	1.68959e+07
9.08032e+06	1.68988e+07
9.08128e+06	1.69017e+07
9.08224e+06	1.69046e+07
9.08321e+06	1.69075e+07
9.08417e+06	1.69104e+07
9.08512e+06	1.69132e+07
9.08608e+06	1.69161e+07
9.08704e+06	1.6919e+07
9.08799e+06	1.69218e+07
9.08895e+06	1.69247e+07
9.0899e+06	1.69276e+07
9.09085e+06	1.69304e+07
9.0918e+06	1.69333e+07
9.09275e+06	1.69361e+07
9.0937e+06	1.6939e+07
9.09464e+06	1.69418e+07
9.09559e+06	1.69446e+07
9.09653e+06	1.69475e+07
9.09747e+06	1.69503e+07
9.09842e+06	1.69531e+07
9.09936e+06	1.69559e+07
9.10029e+06	1.69587e+07
9.10123e+06	1.69616e+07
9.10217e+06	1.69644e+07
9.1031e+06	1.69672e+07
9.10403e+06	1.697e+07
9.10497e+06	1.69728e+07
9.1059e+06	1.69756e+07
9.10683e+06	1.69783e+07
9.10775e+06	1.69811e+07
9.10868e+06	1.69839e+07
9.10961e+06	1.69867e+07
9.11053e+06	1.69895e+07
9.11145e+06	1.69922e+07
9.11237e+06	1.6995e+07
9.11329e+06	1.69977e+07
9.11421e+06	1.70005e+07
9.11513e+06	1.70033e+07
9.11605e+06	1.7006e+07
9.11696e+06	1.70087e+07
9.11787e+06	1.70115e+07
9.11879e+06	1.70142e+07
9.1197e+06	1.7017e+07
9.12061e+06	1.70197e+07
9.12152e+06	1.70224e+07
9.12242e+06	1.70251e+07
9.12333e+06	1.70279e+07
9.12423e+06	1.70306e+07
9.12514e+06	1.70333e+07
9.12604e+06	1.7036e+07
9.12694e+06	1.70387e+07
9.12784e+06	1.70414e+07
9.12874e+06	1.70441e+07
9.12963e+06	1.70468e+07
9.13053e+06	1.70494e+07
9.13142e+06	1.70521e+07
9.13231e+06	1.70548e+07
9.13321e+06	1.70575e+07
9.1341e+06	1.70602e+07
9.13499e+06	1.70628e+07
9.13587e+06	1.70655e+07
9.13676e+06	1.70681e+07
9.13764e+06	1.70708e+07
9.13853e+06	1.70734e+07
9.13941e+06	1.70761e+07
9.14029e+06	1.70787e+07
9.14117e+06	1.70814e+07
9.14205e+06	1.7084e+07
9.14293e+06	1.70866e+07
9.1438e+06	1.70893e+07
9.14468e+06	1.70919e+07
9.14555e+06	1.70945e+07
9.14642e+06	1.70971e+07
9.14729e+06	1.70997e+07
9.14816e+06	1.71023e+07
9.14903e+06	1.71049e+07
9.1499e+06	1.71075e+07
9.15076e+06	1.71101e+07
9.15162e+06	1.71127e+07
9.15249e+06	1.71153e+07
9.15335e+06	1.71179e+07
9.15421e+06	1.71205e+07
9.15507e+06	1.71231e+07
9.15593e+06	1.71256e+07
9.15678e+06	1.71282e+07
9.15764e+06	1.71308e+07
9.15849e+06	1.71333e+07
9.15934e+06	1.71359e+07
9.16019e+06	1.71384e+07
9.16104e+06	1.7141e+07
9.16189e+06	1.71435e+07
9.16274e+06	1.71461e+07
9.16359e+06	1.71486e+07
9.16443e+06	1.71512e+07
9.16527e+06	1.71537e+07
9.16612e+06	1.71562e+07
9.16696e+06	1.71587e+07
9.1678e+06	1.71613e+07
9.16863e+06	1.71638e+07
9.16947e+06	1.71663e+07
9.17031e+06	1.71688e+07
9.17114e+06	1.71713e+07
9.17198e+06	1.71738e+07
9.17281e+06	1.71763e+07
9.17364e+06	1.71788e+07
9.17447e+06	1.71813e+07
9.17529e+06	1.71837e+07
9.17612e+06	1.71862e+07
9.17695e+06	1.71887e+07
9.17777e+06	1.71912e+07
9.17859e+06	1.71936e+07
9.17942e+06	1.71961e+07
9.18024e+06	1.71986e+07
9.18106e+06	1.7201e+07
9.18187e+06	1.72035e+07
9.18269e+06	1.72059e+07
9.1835e+06	1.72084e+07
9.18432e+06	1.72108e+07
9.18513e+06	1.72133e+07
9.18594e+06	1.72157e+07
9.18675e+06	1.72181e+07
9.18756e+06	1.72206e+07
9.18837e+06	1.7223e+07
9.18918e+06	1.72254e+07
9.18998e+06	1.72278e+07
9.19079e+06	1.72302e+07
9.19159e+06	1.72326e+07
9.19239e+06	1.7235e+07
9.19319e+06	1.72374e+07
9.19399e+06	1.72398e+07
9.19479e+06	1.72422e+07
9.19558e+06	1.72446e+07
9.19638e+06	1.7247e+07
9.19717e+06	1.72494e+07
9.19796e+06	1.72518e+07
9.19875e+06	1.72541e+07
9.19954e+06	1.72565e+07
9.20033e+06	1.72589e+07
9.20112e+06	1.72612e+07
9.20191e+06	1.72636e+07
9.20269e+06	1.72659e+07
9.20348e+06	1.72683e+07
9.20426e+06	1.72706e+07
9.20504e+06	1.7273e+07
9.20582e+06	1.72753e+07
9.2066e+06	1.72777e+07
9.20738e+06	1.728e+07
9.20815e+06	1.72823e+07
9.20893e+06	1.72846e+07
9.2097e+06	1.7287e+07
9.21047e+06	1.72893e+07
9.21125e+06	1.72916e+07
9.21202e+06	1.72939e+07
9.21279e+06	1.72962e+07
9.21355e+06	1.72985e+07
9.21432e+06	1.73008e+07
9.21508e+06	1.73031e+07
9.21585e+06	1.73054e+07
9.21661e+06	1.73077e+07
9.21737e+06	1.731e+07
9.21813e+06	1.73123e+07
9.21889e+06	1.73145e+07
9.21965e+06	1.73168e+07
9.22041e+06	1.73191e+07
9.22116e+06	1.73214e+07
9.22192e+06	1.73236e+07
9.22267e+06	1.73259e+07
9.22342e+06	1.73281e+07
9.22417e+06	1.73304e+07
9.22492e+06	1.73326e+07
9.22567e+06	1.73349e+07
9.22642e+06	1.73371e+07
9.22716e+06	1.73394e+07
9.22791e+06	1.73416e+07
9.22865e+06	1.73438e+07
9.22939e+06	1.7346e+07
9.23013e+06	1.73483e+07
9.23087e+06	1.73505e+07
9.23161e+06	1.73527e+07
9.23235e+06	1.73549e+07
9.23309e+06	1.73571e+07
9.23382e+06	1.73593e+07
9.23455e+06	1.73615e+07
9.23529e+06	1.73637e+07
9.23602e+06	1.73659e+07
9.23675e+06	1.73681e+07
9.23748e+06	1.73703e+07
9.23821e+06	1.73725e+07
9.23893e+06	1.73747e+07
9.23966e+06	1.73768e+07
9.24038e+06	1.7379e+07
9.2411e+06	1.73812e+07
9.24183e+06	1.73833e+07
9.24255e+06	1.73855e+07
9.24327e+06	1.73877e+07
9.24399e+06	1.73898e+07
9.2447e+06	1.7392e+07
9.24542e+06	1.73941e+07
9.24613e+06	1.73963e+07
9.24685e+06	1.73984e+07
9.24756e+06	1.74005e+07
9.24827e+06	1.74027e+07
9.24898e+06	1.74048e+07
9.24969e+06	1.74069e+07
9.2504e+06	1.74091e+07
9.2511e+06	1.74112e+07
9.25181e+06	1.74133e+07
9.25251e+06	1.74154e+07
9.25322e+06	1.74175e+07
9.25392e+06	1.74196e+07
9.25462e+06	1.74217e+07
9.25532e+06	1.74238e+07
9.25602e+06	1.74259e+07
9.25672e+06	1.7428e+07
9.25741e+06	1.74301e+07
9.25811e+06	1.74322e+07
9.2588e+06	1.74343e+07
9.25949e+06	1.74363e+07
9.26018e+06	1.74384e+07
9.26088e+06	1.74405e+07
9.26156e+06	1.74426e+07
9.26225e+06	1.74446e+07
9.26294e+06	1.74467e+07
9.26363e+06	1.74487e+07
9.26431e+06	1.74508e+07
9.26499e+06	1.74528e+07
9.26568e+06	1.74549e+07
9.26636e+06	1.74569e+07
9.26704e+06	1.7459e+07
9.26772e+06	1.7461e+07
9.2684e+06	1.74631e+07
9.26907e+06	1.74651e+07
9.26975e+06	1.74671e+07
9.27042e+06	1.74691e+07
9.2711e+06	1.74712e+07
9.27177e+06	1.74732e+07
9.27244e+06	1.74752e+07
9.27311e+06	1.74772e+07
9.27378e+06	1.74792e+07
9.27445e+06	1.74812e+07
9.27511e+06	1.74832e+07
9.27578e+06	1.74852e+07
9.27644e+06	1.74872e+07
9.27711e+06	1.74892e+07
9.27777e+06	1.74912e+07
9.27843e+06	1.74932e+07
9.27909e+06	1.74951e+07
9.27975e+06	1.74971e+07
9.28041e+06	1.74991e+07
9.28107e+06	1.75011e+07
9.28172e+06	1.7503e+07
9.28238e+06	1.7505e+07
9.28303e+06	1.7507e+07
9.28368e+06	1.75089e+07
9.28433e+06	1.75109e+07
9.28498e+06	1.75128e+07
9.28563e+06	1.75148e+07
9.28628e+06	1.75167e+07
9.28693e+06	1.75186e+07
9.28757e+06	1.75206e+07
9.28822e+06	1.75225e+07
9.28886e+06	1.75245e+07
9.28951e+06	1.75264e+07
9.29015e+06	1.75283e+07
9.29079e+06	1.75302e+07
9.29143e+06	1.75321e+07
9.29207e+06	1.75341e+07
9.2927e+06	1.7536e+07
9.29334e+06	1.75379e+07
9.29397e+06	1.75398e+07
9.29461e+06	1.75417e+07
9.29524e+06	1.75436e+07
9.29587e+06	1.75455e+07
9.2965e+06	1.75474e+07
9.29713e+06	1.75493e+07
9.29776e+06	1.75512e+07
9.29839e+06	1.7553e+07
9.29902e+06	1.75549e+07
9.29964e+06	1.75568e+07
9.30027e+06	1.75587e+07
9.30089e+06	1.75605e+07
9.30151e+06	1.75624e+07
9.30214e+06	1.75643e+07
9.30276e+06	1.75661e+07
9.30338e+06	1.7568e+07
9.30399e+06	1.75698e+07
9.30461e+06	1.75717e+07
9.30523e+06	1.75735e+07
9.30584e+06	1.75754e+07
9.30646e+06	1.75772e+07
9.30707e+06	1.75791e+07
9.30768e+06	1.75809e+07
9.30829e+06	1.75827e+07
9.3089e+06	1.75846e+07
9.30951e+06	1.75864e+07
9.31012e+06	1.75882e+07
9.31073e+06	1.759e+07
9.31133e+06	1.75919e+07
9.31194e+06	1.75937e+07
9.31254e+06	1.75955e+07
9.31315e+06	1.75973e+07
9.31375e+06	1.75991e+07
9.31435e+06	1.76009e+07
9.31495e+06	1.76027e+07
9.31555e+06	1.76045e+07
9.31614e+06	1.76063e+07
9.31674e+06	1.76081e+07
9.31734e+06	1.76099e+07
9.31793e+06	1.76117e+07
9.31853e+06	1.76134e+07
9.31912e+06	1.76152e+07
9.31971e+06	1.7617e+07
9.3203e+06	1.76188e+07
9.32089e+06	1.76205e+07
9.32148e+06	1.76223e+07
9.32207e+06	1.76241e+07
9.32265e+06	1.76258e+07
9.32324e+06	1.76276e+07
9.32383e+06	1.76293e+07
9.32441e+06	1.76311e+07
9.32499e+06	1.76328e+07
9.32557e+06	1.76346e+07
9.32616e+06	1.76363e+07
9.32674e+06	1.76381e+07
9.32731e+06	1.76398e+07
9.32789e+06	1.76415e+07
9.32847e+06	1.76433e+07
9.32904e+06	1.7645e+07
9.32962e+06	1.76467e+07
9.33019e+06	1.76484e+07
9.33077e+06	1.76502e+07
9.33134e+06	1.76519e+07
9.33191e+06	1.76536e+07
9.33248e+06	1.76553e+07
9.33305e+06	1.7657e+07
9.33362e+06	1.76587e+07
9.33419e+06	1.76604e+07
9.33475e+06	1.76621e+07
9.33532e+06	1.76638e+07
9.33588e+06	1.76655e+07
9.33644e+06	1.76672e+07
9.33701e+06	1.76689e+07
9.33757e+06	1.76706e+07
9.33813e+06	1.76723e+07
9.33869e+06	1.76739e+07
9.33925e+06	1.76756e+07
9.33981e+06	1.76773e+07
9.34036e+06	1.7679e+07
9.34092e+06	1.76806e+07
9.34147e+06	1.76823e+07
9.34203e+06	1.76839e+07
9.34258e+06	1.76856e+07
9.34313e+06	1.76873e+07
9.34368e+06	1.76889e+07
9.34423e+06	1.76906e+07
9.34478e+06	1.76922e+07
9.34533e+06	1.76939e+07
9.34588e+06	1.76955e+07
9.34643e+06	1.76971e+07
9.34697e+06	1.76988e+07
9.34752e+06	1.77004e+07
9.34806e+06	1.7702e+07
9.3486e+06	1.77037e+07
9.34914e+06	1.77053e+07
9.34969e+06	1.77069e+07
9.35023e+06	1.77085e+07
9.35076e+06	1.77102e+07
9.3513e+06	1.77118e+07
9.35184e+06	1.77134e+07
9.35238e+06	1.7715e+07
9.35291e+06	1.77166e+07
9.35345e+06	1.77182e+07
9.35398e+06	1.77198e+07
9.35451e+06	1.77214e+07
9.35505e+06	1.7723e+07
9.35558e+06	1.77246e+07
9.35611e+06	1.77262e+07
9.35664e+06	1.77278e+07
9.35716e+06	1.77294e+07
9.35769e+06	1.77309e+07
9.35822e+06	1.77325e+07
9.35874e+06	1.77341e+07
9.35927e+06	1.77357e+07
9.35979e+06	1.77372e+07
9.36032e+06	1.77388e+07
9.36084e+06	1.77404e+07
9.36136e+06	1.77419e+07
9.36188e+06	1.77435e+07
9.3624e+06	1.77451e+07
9.36292e+06	1.77466e+07
9.36343e+06	1.77482e+07
9.36395e+06	1.77497e+07
9.36447e+06	1.77513e+07
9.36498e+06	1.77528e+07
9.3655e+06	1.77544e+07
9.36601e+06	1.77559e+07
9.36652e+06	1.77574e+07
9.36703e+06	1.7759e+07
9.36754e+06	1.77605e+07
9.36805e+06	1.7762e+07
9.36856e+06	1.77636e+07
9.36907e+06	1.77651e+07
9.36958e+06	1.77666e+07
9.37009e+06	1.77681e+07
9.37059e+06	1.77696e+07
9.3711e+06	1.77712e+07
9.3716e+06	1.77727e+07
9.3721e+06	1.77742e+07
9.3726e+06	1.77757e+07
9.37311e+06	1.77772e+07
9.37361e+06	1.77787e+07
9.37411e+06	1.77802e+07
9.3746e+06	1.77817e+07
9.3751e+06	1.77832e+07
9.3756e+06	1.77847e+07
9.3761e+06	1.77862e+07
9.37659e+06	1.77876e+07
9.37709e+06	1.77891e+07
9.37758e+06	1.77906e+07
9.37807e+06	1.77921e+07
9.37856e+06	1.77936e+07
9.37906e+06	1.7795e+07
9.37955e+06	1.77965e+07
9.38004e+06	1.7798e+07
9.38052e+06	1.77994e+07
9.38101e+06	1.78009e+07
9.3815e+06	1.78024e+07
9.38199e+06	1.78038e+07
9.38247e+06	1.78053e+07
9.38296e+06	1.78067e+07
9.38344e+06	1.78082e+07
9.38392e+06	1.78096e+07
9.3844e+06	1.78111e+07
9.38489e+06	1.78125e+07
9.38537e+06	1.7814e+07
9.38585e+06	1.78154e+07
9.38632e+06	1.78168e+07
9.3868e+06	1.78183e+07
9.38728e+06	1.78197e+07
9.38776e+06	1.78211e+07
9.38823e+06	1.78226e+07
9.38871e+06	1.7824e+07
9.38918e+06	1.78254e+07
9.38965e+06	1.78268e+07
9.39013e+06	1.78282e+07
9.3906e+06	1.78297e+07
9.39107e+06	1.78311e+07
9.39154e+06	1.78325e+07
9.39201e+06	1.78339e+07
9.39248e+06	1.78353e+07
9.39294e+06	1.78367e+07
9.39341e+06	1.78381e+07
9.39388e+06	1.78395e+07
9.39434e+06	1.78409e+07
9.39481e+06	1.78423e+07
9.39527e+06	1.78437e+07
9.39573e+06	1.78451e+07
9.3962e+06	1.78465e+07
9.39666e+06	1.78478e+07
9.39712e+06	1.78492e+07
9.39758e+06	1.78506e+07
9.39804e+06	1.7852e+07
9.3985e+06	1.78534e+07
9.39895e+06	1.78547e+07
9.39941e+06	1.78561e+07
9.39987e+06	1.78575e+07
9.40032e+06	1.78588e+07
9.40078e+06	1.78602e+07
9.40123e+06	1.78616e+07
9.40168e+06	1.78629e+07
9.40213e+06	1.78643e+07
9.40259e+06	1.78656e+07
9.40304e+06	1.7867e+07
9.40349e+06	1.78683e+07
9.40394e+06	1.78697e+07
9.40438e+06	1.7871e+07
9.40483e+06	1.78724e+07
9.40528e+06	1.78737e+07
9.40573e+06	1.7875e+07
9.40617e+06	1.78764e+07
9.40662e+06	1.78777e+07
9.40706e+06	1.7879e+07
9.4075e+06	1.78804e+07
9.40794e+06	1.78817e+07
9.40839e+06	1.7883e+07
9.40883e+06	1.78843e+07
9.40927e+06	1.78857e+07
9.40971e+06	1.7887e+07
9.41015e+06	1.78883e+07
9.41058e+06	1.78896e+07
9.41102e+06	1.78909e+07
9.41146e+06	1.78922e+07
9.41189e+06	1.78935e+07
9.41233e+06	1.78948e+07
9.41276e+06	1.78962e+07
9.4132e+06	1.78975e+07
9.41363e+06	1.78988e+07
9.41406e+06	1.79e+07
9.41449e+06	1.79013e+07
9.41492e+06	1.79026e+07
9.41535e+06	1.79039e+07
9.41578e+06	1.79052e+07
9.41621e+06	1.79065e+07
9.41664e+06	1.79078e+07
9.41707e+06	1.79091e+07
9.41749e+06	1.79103e+07
9.41792e+06	1.79116e+07
9.41834e+06	1.79129e+07
9.41877e+06	1.79142e+07
9.41919e+06	1.79154e+07
