1e+08	0	3e+07
1.01064e+08	0	2.99976e+07
1.02109e+08	0	2.99914e+07
1.03127e+08	0	2.99824e+07
1.04117e+08	0	2.99711e+07
1.05091e+08	0	2.99578e+07
1.06041e+08	0	2.9943e+07
1.06964e+08	0	2.9927e+07
1.07864e+08	0	2.99099e+07
1.08744e+08	0	2.98918e+07
1.09608e+08	0	2.98728e+07
1.10457e+08	0	2.9853e+07
1.11294e+08	0	2.98324e+07
1.1211e+08	0	2.98113e+07
1.12917e+08	0	2.97895e+07
1.13707e+08	0	2.97673e+07
1.14489e+08	0	2.97444e+07
1.15256e+08	0	2.97212e+07
1.16009e+08	0	2.96977e+07
1.16756e+08	0	2.96736e+07
1.17491e+08	0	2.96492e+07
1.18214e+08	0	2.96245e+07
1.18933e+08	0	2.95992e+07
1.1964e+08	0	2.95738e+07
1.20338e+08	0	2.95481e+07
1.21025e+08	0	2.95222e+07
1.21703e+08	0	2.9496e+07
1.22378e+08	0	2.94694e+07
1.23045e+08	0	2.94426e+07
1.23702e+08	0	2.94156e+07
1.24352e+08	0	2.93885e+07
1.25e+08	0	2.93609e+07
1.25633e+08	0	2.93334e+07
1.26266e+08	0	2.93055e+07
1.26891e+08	0	2.92774e+07
1.27502e+08	0	2.92495e+07
1.28119e+08	0	2.92209e+07
1.28723e+08	0	2.91924e+07
1.2932e+08	0	2.91639e+07
1.29911e+08	0	2.91352e+07
1.30501e+08	0	2.9106e+07
1.31086e+08	0	2.90768e+07
1.31658e+08	0	2.90478e+07
1.3223e+08	0	2.90183e+07
1.32796e+08	0	2.89888e+07
1.33357e+08	0	2.89592e+07
1.33912e+08	0	2.89295e+07
1.34461e+08	0	2.88997e+07
1.35006e+08	0	2.88698e+07
1.3555e+08	0	2.88395e+07
1.36084e+08	0	2.88094e+07
1.36618e+08	0	2.8779e+07
1.37142e+08	0	2.87488e+07
1.37666e+08	0	2.87182e+07
1.3818e+08	0	2.86879e+07
1.38695e+08	0	2.86572e+07
1.39204e+08	0	2.86264e+07
1.3971e+08	0	2.85956e+07
1.4021e+08	0	2.85647e+07
1.40707e+08	0	2.85337e+07
1.41199e+08	0	2.85027e+07
1.41686e+08	0	2.84716e+07
1.42169e+08	0	2.84405e+07
1.42648e+08	0	2.84094e+07
1.43128e+08	0	2.83778e+07
1.43599e+08	0	2.83466e+07
1.44066e+08	0	2.83153e+07
1.44533e+08	0	2.82836e+07
1.44992e+08	0	2.82522e+07
1.45452e+08	0	2.82205e+07
1.45903e+08	0	2.8189e+07
1.46355e+08	0	2.81572e+07
1.46798e+08	0	2.81257e+07
1.47243e+08	0	2.80938e+07
1.47684e+08	0	2.80618e+07
1.48121e+08	0	2.80299e+07
1.4855e+08	0	2.79982e+07
1.4898e+08	0	2.79662e+07
1.49407e+08	0	2.79342e+07
1.4983e+08	0	2.79021e+07
1.5025e+08	0	2.787e+07
1.50666e+08	0	2.78379e+07
1.51079e+08	0	2.78057e+07
1.51489e+08	0	2.77736e+07
1.51895e+08	0	2.77414e+07
1.52298e+08	0	2.77092e+07
1.52702e+08	0	2.76766e+07
1.53099e+08	0	2.76444e+07
1.53493e+08	0	2.76121e+07
1.53884e+08	0	2.75798e+07
1.54275e+08	0	2.75472e+07
1.5466e+08	0	2.75149e+07
1.55041e+08	0	2.74826e+07
1.55424e+08	0	2.74499e+07
1.55799e+08	0	2.74175e+07
1.56176e+08	0	2.73848e+07
1.56546e+08	0	2.73525e+07
1.56916e+08	0	2.73198e+07
1.5728e+08	0	2.72874e+07
1.57646e+08	0	2.72546e+07
1.58004e+08	0	2.72222e+07
1.58364e+08	0	2.71895e+07
1.58717e+08	0	2.71571e+07
1.59071e+08	0	2.71243e+07
1.59422e+08	0	2.70916e+07
1.59767e+08	0	2.70591e+07
1.60113e+08	0	2.70264e+07
1.60457e+08	0	2.69936e+07
1.60798e+08	0	2.69608e+07
1.61136e+08	0	2.6928e+07
1.61468e+08	0	2.68956e+07
1.61801e+08	0	2.68628e+07
1.62132e+08	0	2.683e+07
1.6246e+08	0	2.67973e+07
1.62786e+08	0	2.67645e+07
1.63109e+08	0	2.67317e+07
1.6343e+08	0	2.6699e+07
1.63749e+08	0	2.66662e+07
1.64065e+08	0	2.66334e+07
1.64379e+08	0	2.66007e+07
1.6469e+08	0	2.65679e+07
1.64999e+08	0	2.65351e+07
1.65306e+08	0	2.65024e+07
1.65611e+08	0	2.64697e+07
1.65913e+08	0	2.64369e+07
1.66213e+08	0	2.64042e+07
1.66511e+08	0	2.63715e+07
1.66807e+08	0	2.63388e+07
1.67103e+08	0	2.63057e+07
1.67395e+08	0	2.6273e+07
1.67684e+08	0	2.62403e+07
1.67971e+08	0	2.62077e+07
1.68256e+08	0	2.6175e+07
1.68542e+08	0	2.6142e+07
1.68823e+08	0	2.61093e+07
1.69102e+08	0	2.60767e+07
1.69381e+08	0	2.60437e+07
1.69656e+08	0	2.60111e+07
1.69929e+08	0	2.59785e+07
1.70202e+08	0	2.59456e+07
1.70471e+08	0	2.5913e+07
1.70738e+08	0	2.58805e+07
1.71006e+08	0	2.58476e+07
1.71269e+08	0	2.5815e+07
1.71532e+08	0	2.57822e+07
1.71791e+08	0	2.57497e+07
1.72049e+08	0	2.57172e+07
1.72307e+08	0	2.56844e+07
1.7256e+08	0	2.56519e+07
1.72815e+08	0	2.56191e+07
1.73065e+08	0	2.55867e+07
1.73315e+08	0	2.55539e+07
1.73562e+08	0	2.55215e+07
1.73809e+08	0	2.54888e+07
1.74054e+08	0	2.54561e+07
1.74295e+08	0	2.54238e+07
1.74537e+08	0	2.53911e+07
1.74775e+08	0	2.53588e+07
1.75013e+08	0	2.53262e+07
1.7525e+08	0	2.52936e+07
1.75482e+08	0	2.52613e+07
1.75715e+08	0	2.52287e+07
1.75945e+08	0	2.51965e+07
1.76175e+08	0	2.5164e+07
1.76403e+08	0	2.51315e+07
1.76627e+08	0	2.50993e+07
1.76852e+08	0	2.50669e+07
1.77076e+08	0	2.50344e+07
1.77297e+08	0	2.5002e+07
1.77515e+08	0	2.49699e+07
1.77734e+08	0	2.49375e+07
1.77951e+08	0	2.49051e+07
1.78167e+08	0	2.48728e+07
1.78379e+08	0	2.48408e+07
1.78591e+08	0	2.48085e+07
1.78802e+08	0	2.47762e+07
1.79012e+08	0	2.4744e+07
1.7922e+08	0	2.47117e+07
1.79424e+08	0	2.46799e+07
1.79629e+08	0	2.46477e+07
1.79833e+08	0	2.46155e+07
1.80035e+08	0	2.45834e+07
1.80236e+08	0	2.45513e+07
1.80435e+08	0	2.45192e+07
1.80633e+08	0	2.44871e+07
1.80827e+08	0	2.44554e+07
1.81022e+08	0	2.44234e+07
1.81216e+08	0	2.43914e+07
1.81408e+08	0	2.43594e+07
1.81599e+08	0	2.43275e+07
1.81789e+08	0	2.42956e+07
1.81977e+08	0	2.42637e+07
1.82164e+08	0	2.42318e+07
1.8235e+08	0	2.41999e+07
1.82534e+08	0	2.41681e+07
1.82717e+08	0	2.41363e+07
1.82899e+08	0	2.41046e+07
1.8308e+08	0	2.40728e+07
1.83259e+08	0	2.40411e+07
1.83437e+08	0	2.40094e+07
1.83614e+08	0	2.39778e+07
1.83789e+08	0	2.39461e+07
1.83963e+08	0	2.39145e+07
1.84136e+08	0	2.3883e+07
1.84308e+08	0	2.38514e+07
1.84479e+08	0	2.38199e+07
1.84648e+08	0	2.37884e+07
1.84816e+08	0	2.37569e+07
1.84983e+08	0	2.37255e+07
1.85149e+08	0	2.36941e+07
1.85314e+08	0	2.36627e+07
1.85477e+08	0	2.36313e+07
1.85641e+08	0	2.35997e+07
1.85803e+08	0	2.35684e+07
1.85963e+08	0	2.35371e+07
1.86122e+08	0	2.35059e+07
1.8628e+08	0	2.34746e+07
1.86436e+08	0	2.34435e+07
1.86592e+08	0	2.34123e+07
1.86747e+08	0	2.33812e+07
1.86902e+08	0	2.33497e+07
1.87054e+08	0	2.33187e+07
1.87206e+08	0	2.32876e+07
1.87356e+08	0	2.32566e+07
1.87505e+08	0	2.32256e+07
1.87654e+08	0	2.31947e+07
1.87802e+08	0	2.31634e+07
1.87949e+08	0	2.31326e+07
1.88094e+08	0	2.31017e+07
1.88238e+08	0	2.30709e+07
1.88381e+08	0	2.304e+07
1.88525e+08	0	2.3009e+07
1.88666e+08	0	2.29782e+07
1.88806e+08	0	2.29475e+07
1.88946e+08	0	2.29168e+07
1.89085e+08	0	2.28859e+07
1.89223e+08	0	2.28552e+07
1.89359e+08	0	2.28246e+07
1.89495e+08	0	2.27941e+07
1.8963e+08	0	2.27632e+07
1.89764e+08	0	2.27327e+07
1.89897e+08	0	2.27023e+07
1.9003e+08	0	2.26715e+07
1.90161e+08	0	2.26411e+07
1.90291e+08	0	2.26107e+07
1.9042e+08	0	2.25804e+07
1.90549e+08	0	2.25498e+07
1.90676e+08	0	2.25195e+07
1.90803e+08	0	2.24892e+07
1.90929e+08	0	2.24587e+07
1.91054e+08	0	2.24285e+07
1.91178e+08	0	2.23984e+07
1.91302e+08	0	2.23679e+07
1.91424e+08	0	2.23378e+07
1.91546e+08	0	2.23078e+07
1.91667e+08	0	2.22774e+07
1.91787e+08	0	2.22474e+07
1.91906e+08	0	2.22175e+07
1.92025e+08	0	2.21872e+07
1.92142e+08	0	2.21573e+07
1.92258e+08	0	2.21274e+07
1.92375e+08	0	2.20973e+07
1.9249e+08	0	2.20675e+07
1.92605e+08	0	2.20374e+07
1.92718e+08	0	2.20077e+07
1.92831e+08	0	2.1978e+07
1.92943e+08	0	2.1948e+07
1.93054e+08	0	2.19183e+07
1.93166e+08	0	2.18884e+07
1.93275e+08	0	2.18588e+07
1.93384e+08	0	2.18293e+07
1.93493e+08	0	2.17995e+07
1.936e+08	0	2.177e+07
1.93707e+08	0	2.17402e+07
1.93813e+08	0	2.17108e+07
1.93919e+08	0	2.16811e+07
1.94024e+08	0	2.16518e+07
1.94127e+08	0	2.16225e+07
1.94231e+08	0	2.15929e+07
1.94333e+08	0	2.15636e+07
1.94436e+08	0	2.15341e+07
1.94537e+08	0	2.15049e+07
1.94638e+08	0	2.14755e+07
1.94737e+08	0	2.14463e+07
1.94837e+08	0	2.1417e+07
1.94935e+08	0	2.13879e+07
1.95033e+08	0	2.13586e+07
1.9513e+08	0	2.13296e+07
1.95227e+08	0	2.13003e+07
1.95323e+08	0	2.12714e+07
1.95419e+08	0	2.12422e+07
1.95513e+08	0	2.12134e+07
1.95607e+08	0	2.11842e+07
1.957e+08	0	2.11554e+07
1.95794e+08	0	2.11264e+07
1.95885e+08	0	2.10977e+07
1.95977e+08	0	2.10687e+07
1.96068e+08	0	2.104e+07
1.96159e+08	0	2.10111e+07
1.96248e+08	0	2.09825e+07
1.96337e+08	0	2.09537e+07
1.96426e+08	0	2.09251e+07
1.96514e+08	0	2.08963e+07
1.96601e+08	0	2.08679e+07
1.96688e+08	0	2.08392e+07
1.96774e+08	0	2.08108e+07
1.9686e+08	0	2.07821e+07
1.96944e+08	0	2.07538e+07
1.97029e+08	0	2.07252e+07
1.97114e+08	0	2.06967e+07
1.97197e+08	0	2.06684e+07
1.9728e+08	0	2.064e+07
1.97362e+08	0	2.06118e+07
1.97444e+08	0	2.05834e+07
1.97524e+08	0	2.05553e+07
1.97606e+08	0	2.0527e+07
1.97686e+08	0	2.04986e+07
1.97765e+08	0	2.04707e+07
1.97845e+08	0	2.04424e+07
1.97923e+08	0	2.04145e+07
1.98001e+08	0	2.03863e+07
1.98078e+08	0	2.03585e+07
1.98156e+08	0	2.03303e+07
1.98232e+08	0	2.03023e+07
1.98308e+08	0	2.02745e+07
1.98384e+08	0	2.02465e+07
1.98458e+08	0	2.02188e+07
1.98533e+08	0	2.01909e+07
1.98608e+08	0	2.0163e+07
1.98681e+08	0	2.01354e+07
1.98754e+08	0	2.01076e+07
1.98827e+08	0	2.00798e+07
1.98899e+08	0	2.00523e+07
1.98971e+08	0	2.00245e+07
1.99041e+08	0	1.99971e+07
1.99112e+08	0	1.99694e+07
1.99183e+08	0	1.99418e+07
1.99252e+08	0	1.99145e+07
1.99322e+08	0	1.98869e+07
1.99391e+08	0	1.98594e+07
1.99459e+08	0	1.98322e+07
1.99528e+08	0	1.98047e+07
1.99595e+08	0	1.97776e+07
1.99662e+08	0	1.97502e+07
1.99729e+08	0	1.97228e+07
1.99795e+08	0	1.96958e+07
1.99861e+08	0	1.96685e+07
1.99927e+08	0	1.96412e+07
1.99991e+08	0	1.96142e+07
2.00056e+08	0	1.95871e+07
2.00121e+08	0	1.95599e+07
2.00184e+08	0	1.9533e+07
2.00248e+08	0	1.9506e+07
2.00311e+08	0	1.94789e+07
2.00373e+08	0	1.94522e+07
2.00435e+08	0	1.94252e+07
2.00497e+08	0	1.93982e+07
2.00558e+08	0	1.93716e+07
2.0062e+08	0	1.93447e+07
2.0068e+08	0	1.93178e+07
2.0074e+08	0	1.92913e+07
2.008e+08	0	1.92645e+07
2.0086e+08	0	1.92377e+07
2.00918e+08	0	1.92113e+07
2.00977e+08	0	1.91846e+07
2.01036e+08	0	1.9158e+07
2.01094e+08	0	1.91313e+07
2.01151e+08	0	1.9105e+07
2.01209e+08	0	1.90785e+07
2.01266e+08	0	1.9052e+07
2.01322e+08	0	1.90257e+07
2.01378e+08	0	1.89993e+07
2.01434e+08	0	1.89729e+07
2.01489e+08	0	1.89468e+07
2.01545e+08	0	1.89204e+07
2.016e+08	0	1.88941e+07
2.01654e+08	0	1.88678e+07
2.01708e+08	0	1.88418e+07
2.01762e+08	0	1.88156e+07
2.01815e+08	0	1.87894e+07
2.01868e+08	0	1.87633e+07
2.01921e+08	0	1.87374e+07
2.01974e+08	0	1.87114e+07
2.02026e+08	0	1.86853e+07
2.02077e+08	0	1.86596e+07
2.02129e+08	0	1.86336e+07
2.0218e+08	0	1.86076e+07
2.02231e+08	0	1.85817e+07
2.02281e+08	0	1.85561e+07
2.02332e+08	0	1.85303e+07
2.02382e+08	0	1.85045e+07
2.02431e+08	0	1.84787e+07
2.0248e+08	0	1.84532e+07
2.02529e+08	0	1.84275e+07
2.02578e+08	0	1.84018e+07
2.02627e+08	0	1.83762e+07
2.02674e+08	0	1.83508e+07
2.02722e+08	0	1.83252e+07
2.0277e+08	0	1.82997e+07
2.02817e+08	0	1.82742e+07
2.02864e+08	0	1.82489e+07
2.02911e+08	0	1.82235e+07
2.02957e+08	0	1.81981e+07
2.03003e+08	0	1.81727e+07
2.03049e+08	0	1.81476e+07
2.03095e+08	0	1.81223e+07
2.0314e+08	0	1.8097e+07
2.03185e+08	0	1.80718e+07
2.03229e+08	0	1.80468e+07
2.03274e+08	0	1.80216e+07
2.03318e+08	0	1.79965e+07
2.03362e+08	0	1.79714e+07
2.03405e+08	0	1.79465e+07
2.03449e+08	0	1.79215e+07
2.03493e+08	0	1.78965e+07
2.03535e+08	0	1.78715e+07
2.03578e+08	0	1.78465e+07
2.0362e+08	0	1.78219e+07
2.03663e+08	0	1.7797e+07
2.03705e+08	0	1.77721e+07
2.03746e+08	0	1.77473e+07
2.03787e+08	0	1.77225e+07
2.03829e+08	0	1.7698e+07
2.0387e+08	0	1.76733e+07
2.0391e+08	0	1.76486e+07
2.03951e+08	0	1.76239e+07
2.03991e+08	0	1.75996e+07
2.04031e+08	0	1.7575e+07
2.04071e+08	0	1.75504e+07
2.0411e+08	0	1.75259e+07
2.04149e+08	0	1.75014e+07
2.04188e+08	0	1.74772e+07
2.04227e+08	0	1.74527e+07
2.04266e+08	0	1.74283e+07
2.04304e+08	0	1.7404e+07
2.04343e+08	0	1.73796e+07
2.0438e+08	0	1.73556e+07
2.04418e+08	0	1.73313e+07
2.04456e+08	0	1.73071e+07
2.04493e+08	0	1.72829e+07
2.0453e+08	0	1.72587e+07
2.04567e+08	0	1.72346e+07
2.04603e+08	0	1.72107e+07
2.0464e+08	0	1.71866e+07
2.04676e+08	0	1.71626e+07
2.04712e+08	0	1.71386e+07
2.04748e+08	0	1.71146e+07
2.04784e+08	0	1.70909e+07
2.04819e+08	0	1.7067e+07
2.04855e+08	0	1.70431e+07
2.0489e+08	0	1.70192e+07
2.04925e+08	0	1.69954e+07
2.04959e+08	0	1.69716e+07
2.04993e+08	0	1.69481e+07
2.05028e+08	0	1.69244e+07
2.05062e+08	0	1.69007e+07
2.05096e+08	0	1.6877e+07
2.0513e+08	0	1.68534e+07
2.05163e+08	0	1.683e+07
2.05196e+08	0	1.68065e+07
2.0523e+08	0	1.67829e+07
2.05263e+08	0	1.67594e+07
2.05296e+08	0	1.67359e+07
2.05328e+08	0	1.67125e+07
2.0536e+08	0	1.66893e+07
2.05393e+08	0	1.6666e+07
2.05425e+08	0	1.66426e+07
2.05457e+08	0	1.66193e+07
2.05489e+08	0	1.6596e+07
2.0552e+08	0	1.65728e+07
2.05551e+08	0	1.65495e+07
2.05583e+08	0	1.65266e+07
2.05614e+08	0	1.65034e+07
2.05645e+08	0	1.64803e+07
2.05676e+08	0	1.64572e+07
2.05706e+08	0	1.64341e+07
2.05736e+08	0	1.64111e+07
2.05766e+08	0	1.63883e+07
2.05797e+08	0	1.63654e+07
2.05827e+08	0	1.63424e+07
2.05857e+08	0	1.63195e+07
2.05886e+08	0	1.62966e+07
2.05916e+08	0	1.62738e+07
2.05945e+08	0	1.6251e+07
2.05974e+08	0	1.62284e+07
2.06003e+08	0	1.62057e+07
2.06032e+08	0	1.61829e+07
2.06061e+08	0	1.61602e+07
2.0609e+08	0	1.61376e+07
2.06118e+08	0	1.6115e+07
2.06146e+08	0	1.60923e+07
2.06174e+08	0	1.607e+07
2.06202e+08	0	1.60475e+07
2.0623e+08	0	1.6025e+07
2.06258e+08	0	1.60025e+07
2.06286e+08	0	1.598e+07
2.06313e+08	0	1.59576e+07
2.0634e+08	0	1.59352e+07
2.06367e+08	0	1.59131e+07
2.06394e+08	0	1.58908e+07
2.06421e+08	0	1.58685e+07
2.06448e+08	0	1.58462e+07
2.06475e+08	0	1.5824e+07
2.06501e+08	0	1.58018e+07
2.06527e+08	0	1.57796e+07
2.06553e+08	0	1.57574e+07
2.06579e+08	0	1.57356e+07
2.06606e+08	0	1.57135e+07
2.06632e+08	0	1.56914e+07
2.06657e+08	0	1.56694e+07
2.06683e+08	0	1.56474e+07
2.06708e+08	0	1.56254e+07
2.06734e+08	0	1.56035e+07
2.06759e+08	0	1.55816e+07
2.06784e+08	0	1.55599e+07
2.06809e+08	0	1.55381e+07
2.06834e+08	0	1.55163e+07
2.06859e+08	0	1.54945e+07
2.06883e+08	0	1.54727e+07
2.06908e+08	0	1.5451e+07
2.06932e+08	0	1.54293e+07
2.06956e+08	0	1.54077e+07
2.0698e+08	0	1.5386e+07
2.07004e+08	0	1.53646e+07
2.07028e+08	0	1.53431e+07
2.07052e+08	0	1.53215e+07
2.07076e+08	0	1.53e+07
2.071e+08	0	1.52785e+07
2.07123e+08	0	1.5257e+07
2.07147e+08	0	1.52356e+07
2.0717e+08	0	1.52142e+07
2.07193e+08	0	1.51928e+07
2.07216e+08	0	1.51717e+07
2.07239e+08	0	1.51504e+07
2.07262e+08	0	1.51291e+07
2.07285e+08	0	1.51079e+07
2.07308e+08	0	1.50866e+07
2.0733e+08	0	1.50655e+07
2.07353e+08	0	1.50443e+07
2.07375e+08	0	1.50231e+07
2.07397e+08	0	1.5002e+07
2.07419e+08	0	1.49812e+07
2.07441e+08	0	1.49601e+07
2.07463e+08	0	1.49391e+07
2.07485e+08	0	1.49181e+07
2.07507e+08	0	1.48971e+07
2.07529e+08	0	1.48762e+07
2.0755e+08	0	1.48553e+07
2.07572e+08	0	1.48344e+07
2.07593e+08	0	1.48136e+07
2.07614e+08	0	1.47928e+07
2.07635e+08	0	1.4772e+07
2.07656e+08	0	1.47514e+07
2.07677e+08	0	1.47307e+07
2.07699e+08	0	1.471e+07
2.0772e+08	0	1.46893e+07
2.0774e+08	0	1.46687e+07
2.07761e+08	0	1.4648e+07
2.07782e+08	0	1.46274e+07
2.07802e+08	0	1.46069e+07
2.07822e+08	0	1.45863e+07
2.07842e+08	0	1.45658e+07
2.07862e+08	0	1.45456e+07
2.07883e+08	0	1.45251e+07
2.07903e+08	0	1.45047e+07
2.07923e+08	0	1.44843e+07
2.07943e+08	0	1.44639e+07
2.07963e+08	0	1.44436e+07
2.07983e+08	0	1.44233e+07
2.08003e+08	0	1.4403e+07
2.08022e+08	0	1.43828e+07
2.08042e+08	0	1.43625e+07
2.08061e+08	0	1.43423e+07
2.0808e+08	0	1.43222e+07
2.08099e+08	0	1.43022e+07
2.08119e+08	0	1.42821e+07
2.08138e+08	0	1.4262e+07
2.08157e+08	0	1.4242e+07
2.08176e+08	0	1.42219e+07
2.08195e+08	0	1.42019e+07
2.08214e+08	0	1.4182e+07
2.08233e+08	0	1.4162e+07
2.08251e+08	0	1.41421e+07
2.0827e+08	0	1.41222e+07
2.08288e+08	0	1.41023e+07
2.08307e+08	0	1.40825e+07
2.08325e+08	0	1.40629e+07
2.08343e+08	0	1.40431e+07
2.08362e+08	0	1.40234e+07
2.0838e+08	0	1.40036e+07
2.08398e+08	0	1.39839e+07
2.08417e+08	0	1.39643e+07
2.08435e+08	0	1.39446e+07
2.08453e+08	0	1.3925e+07
2.08471e+08	0	1.39054e+07
2.08488e+08	0	1.38858e+07
2.08506e+08	0	1.38663e+07
2.08523e+08	0	1.38468e+07
2.08541e+08	0	1.38273e+07
2.08558e+08	0	1.38079e+07
2.08575e+08	0	1.37886e+07
2.08593e+08	0	1.37692e+07
2.08611e+08	0	1.37498e+07
2.08628e+08	0	1.37305e+07
2.08646e+08	0	1.37112e+07
2.08663e+08	0	1.36919e+07
2.0868e+08	0	1.36726e+07
2.08697e+08	0	1.36534e+07
2.08714e+08	0	1.36342e+07
2.08731e+08	0	1.3615e+07
2.08748e+08	0	1.35958e+07
2.08765e+08	0	1.35767e+07
2.08781e+08	0	1.35576e+07
2.08798e+08	0	1.35385e+07
2.08814e+08	0	1.35194e+07
2.08831e+08	0	1.35006e+07
2.08847e+08	0	1.34816e+07
2.08864e+08	0	1.34626e+07
2.08881e+08	0	1.34437e+07
2.08897e+08	0	1.34248e+07
2.08914e+08	0	1.34059e+07
2.0893e+08	0	1.3387e+07
2.08946e+08	0	1.33682e+07
2.08963e+08	0	1.33493e+07
2.08979e+08	0	1.33306e+07
2.08995e+08	0	1.33118e+07
2.09011e+08	0	1.3293e+07
2.09026e+08	0	1.32743e+07
2.09042e+08	0	1.32556e+07
2.09058e+08	0	1.3237e+07
2.09073e+08	0	1.32184e+07
2.09089e+08	0	1.31999e+07
2.09105e+08	0	1.31813e+07
2.09121e+08	0	1.31628e+07
2.09137e+08	0	1.31443e+07
2.09152e+08	0	1.31258e+07
2.09168e+08	0	1.31073e+07
2.09184e+08	0	1.30888e+07
2.09199e+08	0	1.30704e+07
2.09215e+08	0	1.3052e+07
2.0923e+08	0	1.30336e+07
2.09245e+08	0	1.30153e+07
2.0926e+08	0	1.2997e+07
2.09275e+08	0	1.29787e+07
2.0929e+08	0	1.29604e+07
2.09305e+08	0	1.29421e+07
2.0932e+08	0	1.29239e+07
2.09335e+08	0	1.29057e+07
2.0935e+08	0	1.28875e+07
2.09364e+08	0	1.28696e+07
2.0938e+08	0	1.28514e+07
2.09395e+08	0	1.28334e+07
2.0941e+08	0	1.28153e+07
2.09425e+08	0	1.27972e+07
2.0944e+08	0	1.27792e+07
2.09454e+08	0	1.27612e+07
2.09469e+08	0	1.27433e+07
2.09484e+08	0	1.27253e+07
2.09498e+08	0	1.27074e+07
2.09513e+08	0	1.26895e+07
2.09527e+08	0	1.26716e+07
2.09542e+08	0	1.26538e+07
2.09556e+08	0	1.2636e+07
2.0957e+08	0	1.26182e+07
2.09585e+08	0	1.26004e+07
2.09599e+08	0	1.25826e+07
2.09613e+08	0	1.25649e+07
2.09627e+08	0	1.25472e+07
2.09641e+08	0	1.25296e+07
2.09654e+08	0	1.25121e+07
2.09669e+08	0	1.24945e+07
2.09683e+08	0	1.24769e+07
2.09697e+08	0	1.24593e+07
2.09712e+08	0	1.24417e+07
2.09726e+08	0	1.24242e+07
2.0974e+08	0	1.24067e+07
2.09754e+08	0	1.23893e+07
2.09768e+08	0	1.23718e+07
2.09782e+08	0	1.23544e+07
2.09795e+08	0	1.2337e+07
2.09809e+08	0	1.23196e+07
2.09823e+08	0	1.23022e+07
2.09837e+08	0	1.22849e+07
2.0985e+08	0	1.22676e+07
2.09864e+08	0	1.22503e+07
2.09877e+08	0	1.22331e+07
2.09891e+08	0	1.22158e+07
2.09904e+08	0	1.21986e+07
2.09917e+08	0	1.21815e+07
2.0993e+08	0	1.21643e+07
2.09944e+08	0	1.21472e+07
2.09957e+08	0	1.213e+07
2.0997e+08	0	1.2113e+07
2.09983e+08	0	1.20961e+07
2.09997e+08	0	1.2079e+07
2.1001e+08	0	1.2062e+07
2.10024e+08	0	1.2045e+07
2.10037e+08	0	1.20281e+07
2.1005e+08	0	1.20111e+07
2.10064e+08	0	1.19942e+07
2.10077e+08	0	1.19773e+07
2.1009e+08	0	1.19604e+07
2.10103e+08	0	1.19436e+07
2.10116e+08	0	1.19267e+07
2.1013e+08	0	1.19099e+07
2.10142e+08	0	1.18932e+07
2.10155e+08	0	1.18764e+07
2.10168e+08	0	1.18597e+07
2.10181e+08	0	1.1843e+07
2.10194e+08	0	1.18263e+07
2.10207e+08	0	1.18096e+07
2.10219e+08	0	1.1793e+07
2.10232e+08	0	1.17764e+07
2.10245e+08	0	1.17598e+07
2.10257e+08	0	1.17432e+07
2.1027e+08	0	1.17267e+07
2.10282e+08	0	1.17101e+07
2.10294e+08	0	1.16936e+07
2.10307e+08	0	1.16772e+07
2.10319e+08	0	1.16607e+07
2.10331e+08	0	1.16444e+07
2.10344e+08	0	1.1628e+07
2.10357e+08	0	1.16116e+07
2.1037e+08	0	1.15953e+07
2.10382e+08	0	1.15789e+07
2.10395e+08	0	1.15626e+07
2.10408e+08	0	1.15463e+07
2.1042e+08	0	1.15301e+07
2.10433e+08	0	1.15138e+07
2.10445e+08	0	1.14976e+07
2.10458e+08	0	1.14814e+07
2.1047e+08	0	1.14652e+07
2.10483e+08	0	1.14491e+07
2.10495e+08	0	1.14329e+07
2.10507e+08	0	1.14168e+07
2.10519e+08	0	1.14007e+07
2.10532e+08	0	1.13847e+07
2.10544e+08	0	1.13686e+07
2.10556e+08	0	1.13526e+07
2.10568e+08	0	1.13366e+07
2.1058e+08	0	1.13206e+07
2.10592e+08	0	1.13047e+07
2.10604e+08	0	1.12888e+07
2.10616e+08	0	1.12728e+07
2.10628e+08	0	1.1257e+07
2.10639e+08	0	1.12411e+07
2.10651e+08	0	1.12253e+07
2.10663e+08	0	1.12094e+07
2.10675e+08	0	1.11936e+07
2.10686e+08	0	1.11779e+07
2.10698e+08	0	1.11621e+07
2.10709e+08	0	1.11464e+07
2.10721e+08	0	1.11307e+07
2.10733e+08	0	1.1115e+07
2.10744e+08	0	1.10995e+07
2.10756e+08	0	1.10838e+07
2.10768e+08	0	1.10682e+07
2.1078e+08	0	1.10526e+07
2.10792e+08	0	1.1037e+07
2.10804e+08	0	1.10215e+07
2.10816e+08	0	1.1006e+07
2.10828e+08	0	1.09904e+07
2.1084e+08	0	1.0975e+07
2.10852e+08	0	1.09595e+07
2.10863e+08	0	1.0944e+07
2.10875e+08	0	1.09286e+07
2.10887e+08	0	1.09132e+07
2.10898e+08	0	1.08978e+07
2.1091e+08	0	1.08825e+07
2.10922e+08	0	1.08671e+07
2.10933e+08	0	1.08518e+07
2.10945e+08	0	1.08365e+07
2.10956e+08	0	1.08213e+07
2.10968e+08	0	1.0806e+07
2.10979e+08	0	1.07908e+07
2.1099e+08	0	1.07756e+07
2.11002e+08	0	1.07604e+07
2.11013e+08	0	1.07452e+07
2.11024e+08	0	1.07301e+07
2.11036e+08	0	1.0715e+07
2.11047e+08	0	1.06998e+07
2.11058e+08	0	1.06848e+07
2.11069e+08	0	1.06697e+07
2.1108e+08	0	1.06547e+07
2.11092e+08	0	1.06397e+07
2.11103e+08	0	1.06247e+07
2.11114e+08	0	1.06097e+07
2.11125e+08	0	1.05947e+07
2.11136e+08	0	1.05798e+07
2.11147e+08	0	1.05649e+07
2.11158e+08	0	1.055e+07
2.11168e+08	0	1.05351e+07
2.11179e+08	0	1.05203e+07
2.1119e+08	0	1.05054e+07
2.11201e+08	0	1.04906e+07
2.11212e+08	0	1.04758e+07
2.11223e+08	0	1.04611e+07
2.11233e+08	0	1.04463e+07
2.11244e+08	0	1.04317e+07
2.11256e+08	0	1.0417e+07
2.11267e+08	0	1.04024e+07
2.11278e+08	0	1.03877e+07
2.11289e+08	0	1.03731e+07
2.11301e+08	0	1.03584e+07
2.11312e+08	0	1.03438e+07
2.11323e+08	0	1.03293e+07
2.11334e+08	0	1.03147e+07
2.11345e+08	0	1.03002e+07
2.11356e+08	0	1.02856e+07
2.11367e+08	0	1.02711e+07
2.11378e+08	0	1.02567e+07
2.11389e+08	0	1.02422e+07
2.114e+08	0	1.02278e+07
2.11411e+08	0	1.02134e+07
2.11422e+08	0	1.0199e+07
2.11433e+08	0	1.01846e+07
2.11444e+08	0	1.01702e+07
2.11455e+08	0	1.01559e+07
2.11466e+08	0	1.01416e+07
2.11477e+08	0	1.01273e+07
2.11487e+08	0	1.0113e+07
2.11498e+08	0	1.00987e+07
2.11509e+08	0	1.00845e+07
2.11519e+08	0	1.00703e+07
2.1153e+08	0	1.00561e+07
2.11541e+08	0	1.00419e+07
2.11551e+08	0	1.00278e+07
2.11562e+08	0	1.00136e+07
2.11573e+08	0	9.99952e+06
2.11583e+08	0	9.98542e+06
2.11594e+08	0	9.97135e+06
2.11604e+08	0	9.95729e+06
2.11615e+08	0	9.94325e+06
2.11625e+08	0	9.92924e+06
2.11636e+08	0	9.91524e+06
2.11646e+08	0	9.90126e+06
2.11657e+08	0	9.8873e+06
2.11667e+08	0	9.87336e+06
2.11677e+08	0	9.85944e+06
2.11688e+08	0	9.84554e+06
2.11698e+08	0	9.83166e+06
2.11708e+08	0	9.8178e+06
2.11719e+08	0	9.80396e+06
2.11729e+08	0	9.79014e+06
2.11739e+08	0	9.77634e+06
2.11749e+08	0	9.76256e+06
2.1176e+08	0	9.74879e+06
2.1177e+08	0	9.73505e+06
2.1178e+08	0	9.72132e+06
2.1179e+08	0	9.70762e+06
2.118e+08	0	9.69393e+06
2.1181e+08	0	9.68026e+06
2.1182e+08	0	9.66662e+06
2.11831e+08	0	9.65299e+06
2.11841e+08	0	9.63938e+06
2.11851e+08	0	9.62579e+06
2.11861e+08	0	9.61222e+06
2.11871e+08	0	9.59866e+06
2.11881e+08	0	9.58513e+06
2.11891e+08	0	9.57162e+06
2.11901e+08	0	9.55812e+06
2.11911e+08	0	9.54464e+06
2.1192e+08	0	9.53119e+06
2.1193e+08	0	9.51788e+06
2.11941e+08	0	9.50447e+06
2.11951e+08	0	9.49107e+06
2.11962e+08	0	9.47769e+06
2.11972e+08	0	9.46433e+06
2.11983e+08	0	9.45099e+06
2.11993e+08	0	9.43766e+06
2.12004e+08	0	9.42436e+06
2.12014e+08	0	9.41107e+06
2.12025e+08	0	9.39781e+06
2.12035e+08	0	9.38456e+06
2.12045e+08	0	9.37133e+06
2.12056e+08	0	9.35812e+06
2.12066e+08	0	9.34492e+06
2.12076e+08	0	9.33175e+06
2.12086e+08	0	9.3186e+06
2.12097e+08	0	9.30546e+06
2.12107e+08	0	9.29234e+06
2.12117e+08	0	9.27924e+06
2.12127e+08	0	9.26616e+06
2.12137e+08	0	9.25309e+06
2.12148e+08	0	9.24005e+06
2.12158e+08	0	9.22702e+06
2.12168e+08	0	9.21401e+06
2.12178e+08	0	9.20102e+06
2.12188e+08	0	9.18805e+06
2.12198e+08	0	9.1751e+06
2.12208e+08	0	9.16216e+06
2.12218e+08	0	9.14925e+06
2.12228e+08	0	9.13635e+06
2.12238e+08	0	9.12347e+06
2.12248e+08	0	9.1106e+06
2.12258e+08	0	9.09776e+06
2.12268e+08	0	9.08493e+06
2.12278e+08	0	9.07212e+06
2.12288e+08	0	9.05933e+06
2.12298e+08	0	9.04656e+06
2.12308e+08	0	9.03381e+06
2.12318e+08	0	9.02107e+06
2.12328e+08	0	9.00835e+06
2.12338e+08	0	8.99565e+06
2.12348e+08	0	8.98297e+06
2.12358e+08	0	8.9703e+06
2.12367e+08	0	8.95765e+06
2.12377e+08	0	8.94502e+06
2.12387e+08	0	8.93241e+06
2.12397e+08	0	8.91982e+06
2.12407e+08	0	8.90724e+06
2.12416e+08	0	8.89468e+06
2.12426e+08	0	8.88214e+06
2.12436e+08	0	8.86962e+06
2.12445e+08	0	8.85711e+06
2.12455e+08	0	8.84462e+06
2.12465e+08	0	8.83215e+06
2.12475e+08	0	8.8197e+06
2.12484e+08	0	8.80727e+06
2.12494e+08	0	8.79485e+06
2.12503e+08	0	8.78245e+06
2.12513e+08	0	8.77006e+06
2.12523e+08	0	8.7577e+06
2.12532e+08	0	8.74535e+06
2.12542e+08	0	8.73302e+06
2.12551e+08	0	8.72071e+06
2.12561e+08	0	8.70841e+06
2.12571e+08	0	8.69613e+06
2.1258e+08	0	8.68387e+06
2.1259e+08	0	8.67162e+06
2.12599e+08	0	8.6594e+06
2.12609e+08	0	8.64719e+06
2.12618e+08	0	8.63499e+06
2.12628e+08	0	8.62282e+06
2.12637e+08	0	8.61066e+06
2.12647e+08	0	8.59852e+06
2.12656e+08	0	8.58639e+06
2.12665e+08	0	8.57429e+06
2.12675e+08	0	8.5622e+06
2.12684e+08	0	8.55012e+06
2.12694e+08	0	8.53807e+06
2.12703e+08	0	8.52603e+06
2.12713e+08	0	8.51401e+06
2.12722e+08	0	8.502e+06
2.12731e+08	0	8.49001e+06
2.12741e+08	0	8.47804e+06
2.1275e+08	0	8.46609e+06
2.12759e+08	0	8.45415e+06
2.12769e+08	0	8.44223e+06
2.12778e+08	0	8.43032e+06
2.12787e+08	0	8.41843e+06
2.12796e+08	0	8.40656e+06
2.12806e+08	0	8.39471e+06
2.12815e+08	0	8.38287e+06
2.12824e+08	0	8.37105e+06
2.12834e+08	0	8.35925e+06
2.12843e+08	0	8.34746e+06
2.12852e+08	0	8.33569e+06
2.12861e+08	0	8.32393e+06
2.1287e+08	0	8.3122e+06
2.1288e+08	0	8.30048e+06
2.12889e+08	0	8.28877e+06
2.12898e+08	0	8.27708e+06
2.12907e+08	0	8.26541e+06
2.12916e+08	0	8.25376e+06
2.12925e+08	0	8.24212e+06
2.12935e+08	0	8.23049e+06
2.12944e+08	0	8.21889e+06
2.12953e+08	0	8.2073e+06
2.12962e+08	0	8.19572e+06
2.12971e+08	0	8.18417e+06
2.1298e+08	0	8.17263e+06
2.12989e+08	0	8.1611e+06
2.12998e+08	0	8.14959e+06
2.13007e+08	0	8.1381e+06
2.13016e+08	0	8.12662e+06
2.13025e+08	0	8.11516e+06
2.13035e+08	0	8.10372e+06
2.13044e+08	0	8.09229e+06
2.13053e+08	0	8.08088e+06
2.13062e+08	0	8.06949e+06
2.13071e+08	0	8.05811e+06
2.1308e+08	0	8.04674e+06
2.13089e+08	0	8.0354e+06
2.13098e+08	0	8.02406e+06
2.13107e+08	0	8.01275e+06
2.13116e+08	0	8.00145e+06
2.13124e+08	0	7.99016e+06
2.13133e+08	0	7.9789e+06
2.13142e+08	0	7.96765e+06
2.13151e+08	0	7.95641e+06
2.1316e+08	0	7.94519e+06
2.13169e+08	0	7.93398e+06
2.13178e+08	0	7.9228e+06
2.13187e+08	0	7.91162e+06
2.13196e+08	0	7.90047e+06
2.13205e+08	0	7.88932e+06
2.13214e+08	0	7.8782e+06
2.13223e+08	0	7.86709e+06
2.13231e+08	0	7.85599e+06
2.1324e+08	0	7.84492e+06
2.13249e+08	0	7.83385e+06
2.13258e+08	0	7.82281e+06
2.13267e+08	0	7.81177e+06
2.13276e+08	0	7.80076e+06
2.13284e+08	0	7.78976e+06
2.13293e+08	0	7.77877e+06
2.13302e+08	0	7.7678e+06
2.13311e+08	0	7.75685e+06
2.1332e+08	0	7.74591e+06
2.13328e+08	0	7.73498e+06
2.13337e+08	0	7.72407e+06
2.13346e+08	0	7.71318e+06
2.13355e+08	0	7.7023e+06
2.13363e+08	0	7.69144e+06
2.13372e+08	0	7.68059e+06
2.13381e+08	0	7.66976e+06
2.1339e+08	0	7.65895e+06
2.13398e+08	0	7.64815e+06
2.13407e+08	0	7.63736e+06
2.13416e+08	0	7.62659e+06
2.13425e+08	0	7.61583e+06
2.13433e+08	0	7.60509e+06
2.13442e+08	0	7.59437e+06
2.13451e+08	0	7.58366e+06
2.13459e+08	0	7.57296e+06
2.13468e+08	0	7.56228e+06
2.13477e+08	0	7.55162e+06
2.13485e+08	0	7.54097e+06
2.13494e+08	0	7.53033e+06
2.13503e+08	0	7.51971e+06
2.13511e+08	0	7.50911e+06
2.1352e+08	0	7.49852e+06
2.13529e+08	0	7.48794e+06
2.13537e+08	0	7.47738e+06
2.13546e+08	0	7.46684e+06
2.13554e+08	0	7.45631e+06
2.13563e+08	0	7.44579e+06
2.13572e+08	0	7.43529e+06
2.1358e+08	0	7.4248e+06
2.13589e+08	0	7.41433e+06
2.13597e+08	0	7.40388e+06
2.13606e+08	0	7.39343e+06
2.13615e+08	0	7.38301e+06
2.13623e+08	0	7.3726e+06
2.13632e+08	0	7.3622e+06
2.1364e+08	0	7.35181e+06
2.13649e+08	0	7.34145e+06
2.13657e+08	0	7.33109e+06
2.13666e+08	0	7.32075e+06
2.13674e+08	0	7.31043e+06
2.13683e+08	0	7.30012e+06
2.13691e+08	0	7.28982e+06
2.137e+08	0	7.27954e+06
2.13708e+08	0	7.26928e+06
2.13717e+08	0	7.25902e+06
2.13725e+08	0	7.24879e+06
2.13734e+08	0	7.23856e+06
2.13742e+08	0	7.22835e+06
2.13751e+08	0	7.21816e+06
2.13759e+08	0	7.20798e+06
2.13768e+08	0	7.19781e+06
2.13776e+08	0	7.18766e+06
2.13785e+08	0	7.17753e+06
2.13793e+08	0	7.1674e+06
2.13802e+08	0	7.15729e+06
2.1381e+08	0	7.1472e+06
2.13818e+08	0	7.13712e+06
2.13827e+08	0	7.12705e+06
2.13835e+08	0	7.117e+06
2.13844e+08	0	7.10696e+06
2.13852e+08	0	7.09694e+06
2.13861e+08	0	7.08693e+06
2.13869e+08	0	7.07694e+06
2.13877e+08	0	7.06696e+06
2.13886e+08	0	7.05699e+06
2.13894e+08	0	7.04704e+06
2.13902e+08	0	7.0371e+06
2.13911e+08	0	7.02717e+06
2.13919e+08	0	7.01726e+06
2.13928e+08	0	7.00736e+06
2.13936e+08	0	6.99748e+06
2.13944e+08	0	6.98761e+06
2.13953e+08	0	6.97776e+06
2.13961e+08	0	6.96792e+06
2.13969e+08	0	6.95809e+06
2.13978e+08	0	6.94828e+06
2.13986e+08	0	6.93848e+06
2.13994e+08	0	6.92869e+06
2.14003e+08	0	6.91892e+06
2.14011e+08	0	6.90916e+06
2.14019e+08	0	6.89942e+06
2.14027e+08	0	6.88968e+06
2.14036e+08	0	6.87997e+06
2.14044e+08	0	6.87026e+06
2.14052e+08	0	6.86057e+06
2.14061e+08	0	6.8509e+06
2.14069e+08	0	6.84124e+06
2.14077e+08	0	6.83159e+06
2.14085e+08	0	6.82195e+06
2.14094e+08	0	6.81233e+06
2.14102e+08	0	6.80272e+06
2.1411e+08	0	6.79313e+06
2.14118e+08	0	6.78355e+06
2.14127e+08	0	6.77398e+06
2.14135e+08	0	6.76443e+06
2.14143e+08	0	6.75488e+06
2.14151e+08	0	6.74536e+06
2.14159e+08	0	6.73584e+06
2.14168e+08	0	6.72634e+06
2.14176e+08	0	6.71686e+06
2.14184e+08	0	6.70738e+06
2.14192e+08	0	6.69792e+06
2.142e+08	0	6.68848e+06
2.14209e+08	0	6.67904e+06
2.14217e+08	0	6.66962e+06
2.14225e+08	0	6.66022e+06
2.14233e+08	0	6.65082e+06
2.14241e+08	0	6.64144e+06
2.1425e+08	0	6.63207e+06
2.14258e+08	0	6.62272e+06
2.14266e+08	0	6.61338e+06
2.14274e+08	0	6.60405e+06
2.14282e+08	0	6.59474e+06
2.1429e+08	0	6.58544e+06
2.14298e+08	0	6.57615e+06
2.14307e+08	0	6.56687e+06
2.14315e+08	0	6.55761e+06
2.14323e+08	0	6.54836e+06
2.14331e+08	0	6.53913e+06
2.14339e+08	0	6.5299e+06
2.14347e+08	0	6.52069e+06
2.14355e+08	0	6.5115e+06
2.14363e+08	0	6.50231e+06
2.14371e+08	0	6.49314e+06
2.14379e+08	0	6.48398e+06
2.14388e+08	0	6.47484e+06
2.14396e+08	0	6.46571e+06
2.14404e+08	0	6.45659e+06
2.14412e+08	0	6.44748e+06
2.1442e+08	0	6.43839e+06
2.14428e+08	0	6.4293e+06
2.14436e+08	0	6.42024e+06
2.14444e+08	0	6.41118e+06
2.14452e+08	0	6.40214e+06
2.1446e+08	0	6.39311e+06
2.14468e+08	0	6.38409e+06
2.14476e+08	0	6.37509e+06
2.14484e+08	0	6.3661e+06
2.14492e+08	0	6.35712e+06
2.145e+08	0	6.34815e+06
2.14508e+08	0	6.3392e+06
2.14516e+08	0	6.33026e+06
2.14524e+08	0	6.32133e+06
2.14532e+08	0	6.31241e+06
2.1454e+08	0	6.30351e+06
2.14548e+08	0	6.29462e+06
2.14556e+08	0	6.28574e+06
2.14564e+08	0	6.27687e+06
2.14572e+08	0	6.26802e+06
2.1458e+08	0	6.25918e+06
2.14588e+08	0	6.25035e+06
2.14596e+08	0	6.24153e+06
2.14604e+08	0	6.23273e+06
2.14612e+08	0	6.22394e+06
2.1462e+08	0	6.21516e+06
2.14628e+08	0	6.20639e+06
2.14636e+08	0	6.19764e+06
2.14644e+08	0	6.1889e+06
2.14651e+08	0	6.18017e+06
2.14659e+08	0	6.17145e+06
2.14667e+08	0	6.16275e+06
2.14675e+08	0	6.15406e+06
2.14683e+08	0	6.14538e+06
2.14691e+08	0	6.13671e+06
2.14699e+08	0	6.12805e+06
2.14707e+08	0	6.11941e+06
2.14715e+08	0	6.11078e+06
2.14723e+08	0	6.10216e+06
2.1473e+08	0	6.09355e+06
2.14738e+08	0	6.08496e+06
2.14746e+08	0	6.07637e+06
2.14754e+08	0	6.0678e+06
2.14762e+08	0	6.05924e+06
2.1477e+08	0	6.0507e+06
2.14778e+08	0	6.04216e+06
2.14785e+08	0	6.03364e+06
2.14793e+08	0	6.02513e+06
2.14801e+08	0	6.01663e+06
2.14809e+08	0	6.00815e+06
2.14817e+08	0	5.99967e+06
2.14825e+08	0	5.99121e+06
2.14832e+08	0	5.98276e+06
2.1484e+08	0	5.97432e+06
2.14848e+08	0	5.96589e+06
2.14856e+08	0	5.95748e+06
2.14864e+08	0	5.94907e+06
2.14871e+08	0	5.94068e+06
2.14879e+08	0	5.9323e+06
2.14887e+08	0	5.92394e+06
2.14895e+08	0	5.91558e+06
2.14903e+08	0	5.90724e+06
2.1491e+08	0	5.8989e+06
2.14918e+08	0	5.89058e+06
2.14926e+08	0	5.88228e+06
2.14934e+08	0	5.87398e+06
2.14941e+08	0	5.86569e+06
2.14949e+08	0	5.85742e+06
2.14957e+08	0	5.84916e+06
2.14965e+08	0	5.84091e+06
2.14972e+08	0	5.83267e+06
2.1498e+08	0	5.82444e+06
2.14988e+08	0	5.81623e+06
2.14996e+08	0	5.80802e+06
2.15003e+08	0	5.79983e+06
2.15011e+08	0	5.79165e+06
2.15019e+08	0	5.78348e+06
2.15026e+08	0	5.77532e+06
2.15034e+08	0	5.76718e+06
2.15042e+08	0	5.75904e+06
2.15049e+08	0	5.75092e+06
2.15057e+08	0	5.74281e+06
2.15065e+08	0	5.73471e+06
2.15072e+08	0	5.72662e+06
2.1508e+08	0	5.71854e+06
2.15088e+08	0	5.71047e+06
2.15095e+08	0	5.70242e+06
2.15103e+08	0	5.69437e+06
2.15111e+08	0	5.68634e+06
2.15118e+08	0	5.67832e+06
2.15126e+08	0	5.67031e+06
2.15134e+08	0	5.66231e+06
2.15141e+08	0	5.65433e+06
2.15149e+08	0	5.64635e+06
2.15157e+08	0	5.63839e+06
2.15164e+08	0	5.63043e+06
2.15172e+08	0	5.62249e+06
2.15179e+08	0	5.61456e+06
2.15187e+08	0	5.60664e+06
2.15195e+08	0	5.59873e+06
2.15202e+08	0	5.59083e+06
2.1521e+08	0	5.58295e+06
2.15217e+08	0	5.57507e+06
2.15225e+08	0	5.56721e+06
2.15232e+08	0	5.55936e+06
2.1524e+08	0	5.55151e+06
2.15248e+08	0	5.54368e+06
2.15255e+08	0	5.53586e+06
2.15263e+08	0	5.52806e+06
2.1527e+08	0	5.52026e+06
2.15278e+08	0	5.51247e+06
2.15285e+08	0	5.5047e+06
2.15293e+08	0	5.49693e+06
2.153e+08	0	5.48918e+06
2.15308e+08	0	5.48143e+06
2.15315e+08	0	5.4737e+06
2.15323e+08	0	5.46598e+06
2.1533e+08	0	5.45827e+06
2.15338e+08	0	5.45057e+06
2.15346e+08	0	5.44288e+06
2.15353e+08	0	5.43521e+06
2.1536e+08	0	5.42754e+06
2.15368e+08	0	5.41988e+06
2.15375e+08	0	5.41224e+06
2.15383e+08	0	5.4046e+06
2.1539e+08	0	5.39698e+06
2.15398e+08	0	5.38937e+06
2.15405e+08	0	5.38176e+06
2.15413e+08	0	5.37417e+06
2.1542e+08	0	5.36659e+06
2.15428e+08	0	5.35902e+06
2.15435e+08	0	5.35146e+06
2.15443e+08	0	5.34391e+06
2.1545e+08	0	5.33638e+06
2.15457e+08	0	5.32885e+06
2.15465e+08	0	5.32133e+06
2.15472e+08	0	5.31382e+06
2.1548e+08	0	5.30633e+06
2.15487e+08	0	5.29884e+06
2.15495e+08	0	5.29137e+06
2.15502e+08	0	5.28391e+06
2.15509e+08	0	5.27645e+06
2.15517e+08	0	5.26901e+06
2.15524e+08	0	5.26158e+06
2.15531e+08	0	5.25415e+06
2.15539e+08	0	5.24674e+06
2.15546e+08	0	5.23934e+06
2.15554e+08	0	5.23195e+06
2.15561e+08	0	5.22457e+06
2.15568e+08	0	5.2172e+06
2.15576e+08	0	5.20984e+06
2.15583e+08	0	5.20249e+06
2.1559e+08	0	5.19515e+06
2.15598e+08	0	5.18782e+06
2.15605e+08	0	5.18051e+06
2.15612e+08	0	5.1732e+06
2.1562e+08	0	5.1659e+06
2.15627e+08	0	5.15861e+06
2.15634e+08	0	5.15134e+06
2.15642e+08	0	5.14407e+06
2.15649e+08	0	5.13681e+06
2.15656e+08	0	5.12957e+06
2.15664e+08	0	5.12233e+06
2.15671e+08	0	5.11511e+06
2.15678e+08	0	5.10789e+06
2.15685e+08	0	5.10069e+06
2.15693e+08	0	5.09349e+06
2.157e+08	0	5.0863e+06
2.15707e+08	0	5.07913e+06
2.15714e+08	0	5.07196e+06
2.15722e+08	0	5.06481e+06
2.15729e+08	0	5.05767e+06
2.15736e+08	0	5.05053e+06
2.15743e+08	0	5.04341e+06
2.15751e+08	0	5.03629e+06
2.15758e+08	0	5.02919e+06
2.15765e+08	0	5.02209e+06
2.15772e+08	0	5.01501e+06
2.1578e+08	0	5.00793e+06
2.15787e+08	0	5.00087e+06
2.15794e+08	0	4.99381e+06
2.15801e+08	0	4.98677e+06
2.15808e+08	0	4.97974e+06
2.15816e+08	0	4.97271e+06
2.15823e+08	0	4.9657e+06
2.1583e+08	0	4.95869e+06
2.15837e+08	0	4.9517e+06
2.15844e+08	0	4.94471e+06
2.15851e+08	0	4.93774e+06
2.15859e+08	0	4.93077e+06
2.15866e+08	0	4.92381e+06
2.15873e+08	0	4.91687e+06
2.1588e+08	0	4.90993e+06
2.15887e+08	0	4.90301e+06
2.15894e+08	0	4.89609e+06
2.15901e+08	0	4.88918e+06
2.15909e+08	0	4.88228e+06
2.15916e+08	0	4.8754e+06
2.15923e+08	0	4.86852e+06
2.1593e+08	0	4.86165e+06
2.15937e+08	0	4.85479e+06
2.15944e+08	0	4.84794e+06
2.15951e+08	0	4.84111e+06
2.15958e+08	0	4.83428e+06
2.15965e+08	0	4.82746e+06
2.15972e+08	0	4.82065e+06
2.1598e+08	0	4.81385e+06
2.15987e+08	0	4.80706e+06
2.15994e+08	0	4.80027e+06
2.16001e+08	0	4.7935e+06
2.16008e+08	0	4.78674e+06
2.16015e+08	0	4.77999e+06
2.16022e+08	0	4.77324e+06
2.16029e+08	0	4.76651e+06
2.16036e+08	0	4.75979e+06
2.16043e+08	0	4.75307e+06
2.1605e+08	0	4.74637e+06
2.16057e+08	0	4.73967e+06
2.16064e+08	0	4.73298e+06
2.16071e+08	0	4.72631e+06
2.16078e+08	0	4.71964e+06
2.16085e+08	0	4.71298e+06
2.16092e+08	0	4.70633e+06
2.16099e+08	0	4.69969e+06
2.16106e+08	0	4.69306e+06
2.16113e+08	0	4.68644e+06
2.1612e+08	0	4.67983e+06
2.16127e+08	0	4.67323e+06
2.16134e+08	0	4.66664e+06
2.16141e+08	0	4.66005e+06
2.16148e+08	0	4.65348e+06
2.16155e+08	0	4.64691e+06
2.16162e+08	0	4.64036e+06
2.16169e+08	0	4.63381e+06
2.16175e+08	0	4.62728e+06
2.16182e+08	0	4.62075e+06
2.16189e+08	0	4.61423e+06
2.16196e+08	0	4.60772e+06
2.16203e+08	0	4.60122e+06
2.1621e+08	0	4.59473e+06
2.16217e+08	0	4.58825e+06
2.16224e+08	0	4.58177e+06
2.16231e+08	0	4.57531e+06
2.16238e+08	0	4.56885e+06
2.16244e+08	0	4.56241e+06
2.16251e+08	0	4.55597e+06
2.16258e+08	0	4.54954e+06
2.16265e+08	0	4.54313e+06
2.16272e+08	0	4.53672e+06
2.16279e+08	0	4.53032e+06
2.16286e+08	0	4.52393e+06
2.16292e+08	0	4.51754e+06
2.16299e+08	0	4.51117e+06
2.16306e+08	0	4.50481e+06
2.16313e+08	0	4.49845e+06
2.1632e+08	0	4.4921e+06
2.16327e+08	0	4.48577e+06
2.16333e+08	0	4.47944e+06
2.1634e+08	0	4.47312e+06
2.16347e+08	0	4.46681e+06
2.16354e+08	0	4.46051e+06
2.16361e+08	0	4.45421e+06
2.16367e+08	0	4.44793e+06
2.16374e+08	0	4.44165e+06
2.16381e+08	0	4.43539e+06
2.16388e+08	0	4.42913e+06
2.16394e+08	0	4.42288e+06
2.16401e+08	0	4.41664e+06
2.16408e+08	0	4.41041e+06
2.16415e+08	0	4.40419e+06
2.16421e+08	0	4.39798e+06
2.16428e+08	0	4.39177e+06
2.16435e+08	0	4.38557e+06
2.16442e+08	0	4.37939e+06
2.16448e+08	0	4.37321e+06
2.16455e+08	0	4.36704e+06
2.16462e+08	0	4.36088e+06
2.16468e+08	0	4.35473e+06
2.16475e+08	0	4.34858e+06
2.16482e+08	0	4.34245e+06
2.16489e+08	0	4.33632e+06
2.16495e+08	0	4.3302e+06
2.16502e+08	0	4.32409e+06
2.16509e+08	0	4.31799e+06
2.16515e+08	0	4.3119e+06
2.16522e+08	0	4.30582e+06
2.16529e+08	0	4.29974e+06
2.16535e+08	0	4.29368e+06
2.16542e+08	0	4.28762e+06
2.16549e+08	0	4.28157e+06
2.16555e+08	0	4.27553e+06
2.16562e+08	0	4.2695e+06
2.16568e+08	0	4.26347e+06
2.16575e+08	0	4.25746e+06
2.16582e+08	0	4.25145e+06
2.16588e+08	0	4.24545e+06
2.16595e+08	0	4.23946e+06
2.16601e+08	0	4.23348e+06
2.16608e+08	0	4.22751e+06
2.16615e+08	0	4.22155e+06
2.16621e+08	0	4.21559e+06
2.16628e+08	0	4.20964e+06
2.16634e+08	0	4.2037e+06
2.16641e+08	0	4.19777e+06
2.16647e+08	0	4.19185e+06
2.16654e+08	0	4.18594e+06
2.16661e+08	0	4.18003e+06
2.16667e+08	0	4.17413e+06
2.16674e+08	0	4.16824e+06
2.1668e+08	0	4.16236e+06
2.16687e+08	0	4.15649e+06
2.16693e+08	0	4.15063e+06
2.167e+08	0	4.14477e+06
2.16706e+08	0	4.13892e+06
2.16713e+08	0	4.13308e+06
2.16719e+08	0	4.12725e+06
2.16726e+08	0	4.12143e+06
2.16732e+08	0	4.11561e+06
2.16739e+08	0	4.10981e+06
2.16745e+08	0	4.10401e+06
2.16752e+08	0	4.09822e+06
2.16758e+08	0	4.09244e+06
2.16765e+08	0	4.08666e+06
2.16771e+08	0	4.0809e+06
2.16777e+08	0	4.07514e+06
2.16784e+08	0	4.06939e+06
2.1679e+08	0	4.06365e+06
2.16797e+08	0	4.05791e+06
2.16803e+08	0	4.05219e+06
2.1681e+08	0	4.04647e+06
2.16816e+08	0	4.04076e+06
2.16822e+08	0	4.03506e+06
2.16829e+08	0	4.02937e+06
2.16835e+08	0	4.02368e+06
2.16842e+08	0	4.018e+06
2.16848e+08	0	4.01234e+06
2.16854e+08	0	4.00667e+06
2.16861e+08	0	4.00102e+06
2.16867e+08	0	3.99538e+06
2.16874e+08	0	3.98974e+06
2.1688e+08	0	3.98411e+06
2.16886e+08	0	3.97849e+06
2.16893e+08	0	3.97288e+06
2.16899e+08	0	3.96727e+06
2.16905e+08	0	3.96167e+06
2.16912e+08	0	3.95608e+06
2.16918e+08	0	3.9505e+06
2.16924e+08	0	3.94493e+06
2.16931e+08	0	3.93936e+06
2.16937e+08	0	3.9338e+06
2.16943e+08	0	3.92825e+06
2.1695e+08	0	3.92271e+06
2.16956e+08	0	3.91717e+06
2.16962e+08	0	3.91165e+06
2.16968e+08	0	3.90613e+06
2.16975e+08	0	3.90062e+06
2.16981e+08	0	3.89511e+06
2.16987e+08	0	3.88962e+06
2.16994e+08	0	3.88413e+06
2.17e+08	0	3.87865e+06
2.17006e+08	0	3.87318e+06
2.17012e+08	0	3.86771e+06
2.17019e+08	0	3.86225e+06
2.17025e+08	0	3.85681e+06
2.17031e+08	0	3.85136e+06
2.17037e+08	0	3.84593e+06
2.17043e+08	0	3.8405e+06
2.1705e+08	0	3.83508e+06
2.17056e+08	0	3.82967e+06
2.17062e+08	0	3.82427e+06
2.17068e+08	0	3.81887e+06
2.17074e+08	0	3.81348e+06
2.17081e+08	0	3.8081e+06
2.17087e+08	0	3.80273e+06
2.17093e+08	0	3.79737e+06
2.17099e+08	0	3.79201e+06
2.17105e+08	0	3.78666e+06
2.17112e+08	0	3.78131e+06
2.17118e+08	0	3.77598e+06
2.17124e+08	0	3.77065e+06
2.1713e+08	0	3.76533e+06
2.17136e+08	0	3.76002e+06
2.17142e+08	0	3.75471e+06
2.17148e+08	0	3.74941e+06
2.17154e+08	0	3.74412e+06
2.17161e+08	0	3.73884e+06
2.17167e+08	0	3.73356e+06
2.17173e+08	0	3.7283e+06
2.17179e+08	0	3.72304e+06
2.17185e+08	0	3.71778e+06
2.17191e+08	0	3.71254e+06
2.17197e+08	0	3.7073e+06
2.17203e+08	0	3.70207e+06
2.17209e+08	0	3.69684e+06
2.17215e+08	0	3.69163e+06
2.17221e+08	0	3.68642e+06
2.17227e+08	0	3.68122e+06
2.17234e+08	0	3.67602e+06
2.1724e+08	0	3.67084e+06
2.17246e+08	0	3.66566e+06
2.17252e+08	0	3.66048e+06
2.17258e+08	0	3.65532e+06
2.17264e+08	0	3.65016e+06
2.1727e+08	0	3.64501e+06
2.17276e+08	0	3.63987e+06
2.17282e+08	0	3.63473e+06
2.17288e+08	0	3.6296e+06
2.17294e+08	0	3.62448e+06
2.173e+08	0	3.61937e+06
2.17306e+08	0	3.61426e+06
2.17312e+08	0	3.60916e+06
2.17318e+08	0	3.60407e+06
2.17324e+08	0	3.59898e+06
2.1733e+08	0	3.5939e+06
2.17336e+08	0	3.58883e+06
2.17341e+08	0	3.58377e+06
2.17347e+08	0	3.57871e+06
2.17353e+08	0	3.57366e+06
2.17359e+08	0	3.56862e+06
2.17365e+08	0	3.56358e+06
2.17371e+08	0	3.55855e+06
2.17377e+08	0	3.55353e+06
2.17383e+08	0	3.54852e+06
2.17389e+08	0	3.54351e+06
2.17395e+08	0	3.53851e+06
2.17401e+08	0	3.53352e+06
2.17407e+08	0	3.52853e+06
2.17412e+08	0	3.52355e+06
2.17418e+08	0	3.51858e+06
2.17424e+08	0	3.51361e+06
2.1743e+08	0	3.50866e+06
2.17436e+08	0	3.50371e+06
2.17442e+08	0	3.49876e+06
2.17448e+08	0	3.49382e+06
2.17453e+08	0	3.48889e+06
2.17459e+08	0	3.48397e+06
2.17465e+08	0	3.47906e+06
2.17471e+08	0	3.47415e+06
2.17477e+08	0	3.46924e+06
2.17483e+08	0	3.46435e+06
2.17488e+08	0	3.45946e+06
2.17494e+08	0	3.45458e+06
2.175e+08	0	3.4497e+06
2.17506e+08	0	3.44483e+06
2.17512e+08	0	3.43997e+06
2.17517e+08	0	3.43512e+06
2.17523e+08	0	3.43027e+06
2.17529e+08	0	3.42543e+06
2.17535e+08	0	3.4206e+06
2.1754e+08	0	3.41577e+06
2.17546e+08	0	3.41095e+06
2.17552e+08	0	3.40614e+06
2.17558e+08	0	3.40133e+06
2.17563e+08	0	3.39653e+06
2.17569e+08	0	3.39174e+06
2.17575e+08	0	3.38695e+06
2.17581e+08	0	3.38217e+06
2.17586e+08	0	3.3774e+06
2.17592e+08	0	3.37263e+06
2.17598e+08	0	3.36787e+06
2.17603e+08	0	3.36312e+06
2.17609e+08	0	3.35838e+06
2.17615e+08	0	3.35364e+06
2.17621e+08	0	3.3489e+06
2.17626e+08	0	3.34418e+06
2.17632e+08	0	3.33946e+06
2.17638e+08	0	3.33475e+06
2.17643e+08	0	3.33004e+06
2.17649e+08	0	3.32534e+06
2.17654e+08	0	3.32065e+06
2.1766e+08	0	3.31596e+06
2.17666e+08	0	3.31128e+06
2.17671e+08	0	3.30661e+06
2.17677e+08	0	3.30194e+06
2.17683e+08	0	3.29729e+06
2.17688e+08	0	3.29263e+06
2.17694e+08	0	3.28799e+06
2.17699e+08	0	3.28335e+06
2.17705e+08	0	3.27871e+06
2.17711e+08	0	3.27409e+06
2.17716e+08	0	3.26947e+06
2.17722e+08	0	3.26485e+06
2.17727e+08	0	3.26024e+06
2.17733e+08	0	3.25564e+06
2.17739e+08	0	3.25105e+06
2.17744e+08	0	3.24646e+06
2.1775e+08	0	3.24188e+06
2.17755e+08	0	3.2373e+06
2.17761e+08	0	3.23274e+06
2.17766e+08	0	3.22817e+06
2.17772e+08	0	3.22362e+06
2.17777e+08	0	3.21907e+06
2.17783e+08	0	3.21453e+06
2.17788e+08	0	3.20999e+06
2.17794e+08	0	3.20546e+06
2.17799e+08	0	3.20094e+06
2.17805e+08	0	3.19642e+06
2.1781e+08	0	3.19191e+06
2.17816e+08	0	3.1874e+06
2.17821e+08	0	3.18291e+06
2.17827e+08	0	3.17841e+06
2.17832e+08	0	3.17393e+06
2.17838e+08	0	3.16945e+06
2.17843e+08	0	3.16498e+06
2.17849e+08	0	3.16051e+06
2.17854e+08	0	3.15605e+06
2.1786e+08	0	3.1516e+06
2.17865e+08	0	3.14715e+06
2.17871e+08	0	3.14271e+06
2.17876e+08	0	3.13827e+06
2.17881e+08	0	3.13384e+06
2.17887e+08	0	3.12942e+06
2.17892e+08	0	3.125e+06
2.17898e+08	0	3.12059e+06
2.17903e+08	0	3.11619e+06
2.17908e+08	0	3.11179e+06
2.17914e+08	0	3.1074e+06
2.17919e+08	0	3.10302e+06
2.17925e+08	0	3.09864e+06
2.1793e+08	0	3.09426e+06
2.17935e+08	0	3.0899e+06
2.17941e+08	0	3.08554e+06
2.17946e+08	0	3.08118e+06
2.17951e+08	0	3.07683e+06
2.17957e+08	0	3.07249e+06
2.17962e+08	0	3.06815e+06
2.17967e+08	0	3.06382e+06
2.17973e+08	0	3.0595e+06
2.17978e+08	0	3.05518e+06
2.17983e+08	0	3.05087e+06
2.17989e+08	0	3.04657e+06
2.17994e+08	0	3.04227e+06
2.17999e+08	0	3.03797e+06
2.18005e+08	0	3.03368e+06
2.1801e+08	0	3.0294e+06
2.18015e+08	0	3.02513e+06
2.1802e+08	0	3.02086e+06
2.18026e+08	0	3.0166e+06
2.18031e+08	0	3.01234e+06
2.18036e+08	0	3.00809e+06
2.18042e+08	0	3.00384e+06
2.18047e+08	0	2.9996e+06
2.18052e+08	0	2.99537e+06
2.18057e+08	0	2.99114e+06
2.18063e+08	0	2.98692e+06
2.18068e+08	0	2.9827e+06
2.18073e+08	0	2.97849e+06
2.18078e+08	0	2.97429e+06
2.18083e+08	0	2.97009e+06
2.18089e+08	0	2.9659e+06
2.18094e+08	0	2.96172e+06
2.18099e+08	0	2.95754e+06
2.18104e+08	0	2.95336e+06
2.18109e+08	0	2.94919e+06
2.18115e+08	0	2.94503e+06
2.1812e+08	0	2.94088e+06
2.18125e+08	0	2.93672e+06
2.1813e+08	0	2.93258e+06
2.18135e+08	0	2.92844e+06
2.1814e+08	0	2.92431e+06
2.18146e+08	0	2.92018e+06
2.18151e+08	0	2.91606e+06
2.18156e+08	0	2.91194e+06
2.18161e+08	0	2.90783e+06
2.18166e+08	0	2.90373e+06
2.18171e+08	0	2.89963e+06
2.18176e+08	0	2.89554e+06
2.18182e+08	0	2.89145e+06
2.18187e+08	0	2.88737e+06
2.18192e+08	0	2.8833e+06
2.18197e+08	0	2.87923e+06
2.18202e+08	0	2.87516e+06
2.18207e+08	0	2.87111e+06
2.18212e+08	0	2.86705e+06
2.18217e+08	0	2.86301e+06
2.18222e+08	0	2.85897e+06
2.18227e+08	0	2.85493e+06
2.18232e+08	0	2.8509e+06
2.18237e+08	0	2.84688e+06
2.18242e+08	0	2.84286e+06
2.18248e+08	0	2.83885e+06
2.18253e+08	0	2.83484e+06
2.18258e+08	0	2.83084e+06
2.18263e+08	0	2.82684e+06
2.18268e+08	0	2.82286e+06
2.18273e+08	0	2.81887e+06
2.18278e+08	0	2.81489e+06
2.18283e+08	0	2.81092e+06
2.18288e+08	0	2.80695e+06
2.18293e+08	0	2.80299e+06
2.18298e+08	0	2.79903e+06
2.18303e+08	0	2.79508e+06
2.18308e+08	0	2.79114e+06
2.18313e+08	0	2.7872e+06
2.18318e+08	0	2.78327e+06
2.18323e+08	0	2.77934e+06
2.18327e+08	0	2.77541e+06
2.18332e+08	0	2.7715e+06
2.18337e+08	0	2.76759e+06
2.18342e+08	0	2.76368e+06
2.18347e+08	0	2.75978e+06
2.18352e+08	0	2.75588e+06
2.18357e+08	0	2.75199e+06
2.18362e+08	0	2.74811e+06
2.18367e+08	0	2.74423e+06
2.18372e+08	0	2.74036e+06
2.18377e+08	0	2.73649e+06
2.18382e+08	0	2.73263e+06
2.18387e+08	0	2.72877e+06
2.18391e+08	0	2.72492e+06
2.18396e+08	0	2.72107e+06
2.18401e+08	0	2.71723e+06
2.18406e+08	0	2.7134e+06
2.18411e+08	0	2.70957e+06
2.18416e+08	0	2.70574e+06
2.18421e+08	0	2.70192e+06
2.18426e+08	0	2.69811e+06
2.1843e+08	0	2.6943e+06
2.18435e+08	0	2.6905e+06
2.1844e+08	0	2.6867e+06
2.18445e+08	0	2.68291e+06
2.1845e+08	0	2.67912e+06
2.18455e+08	0	2.67534e+06
2.18459e+08	0	2.67157e+06
2.18464e+08	0	2.66779e+06
2.18469e+08	0	2.66403e+06
2.18474e+08	0	2.66027e+06
2.18479e+08	0	2.65651e+06
2.18483e+08	0	2.65276e+06
2.18488e+08	0	2.64902e+06
2.18493e+08	0	2.64528e+06
2.18498e+08	0	2.64155e+06
2.18502e+08	0	2.63782e+06
2.18507e+08	0	2.6341e+06
2.18512e+08	0	2.63038e+06
2.18517e+08	0	2.62666e+06
2.18521e+08	0	2.62296e+06
2.18526e+08	0	2.61925e+06
2.18531e+08	0	2.61556e+06
2.18536e+08	0	2.61187e+06
2.1854e+08	0	2.60818e+06
2.18545e+08	0	2.6045e+06
2.1855e+08	0	2.60082e+06
2.18555e+08	0	2.59715e+06
2.18559e+08	0	2.59348e+06
2.18564e+08	0	2.58982e+06
2.18569e+08	0	2.58617e+06
2.18573e+08	0	2.58252e+06
2.18578e+08	0	2.57887e+06
2.18583e+08	0	2.57523e+06
2.18587e+08	0	2.5716e+06
2.18592e+08	0	2.56797e+06
2.18597e+08	0	2.56434e+06
2.18601e+08	0	2.56072e+06
2.18606e+08	0	2.55711e+06
2.18611e+08	0	2.5535e+06
2.18615e+08	0	2.5499e+06
2.1862e+08	0	2.5463e+06
2.18625e+08	0	2.5427e+06
2.18629e+08	0	2.53911e+06
2.18634e+08	0	2.53553e+06
2.18638e+08	0	2.53195e+06
2.18643e+08	0	2.52838e+06
2.18648e+08	0	2.52481e+06
2.18652e+08	0	2.52124e+06
2.18657e+08	0	2.51768e+06
2.18661e+08	0	2.51413e+06
2.18666e+08	0	2.51058e+06
2.18671e+08	0	2.50704e+06
2.18675e+08	0	2.5035e+06
2.1868e+08	0	2.49997e+06
2.18684e+08	0	2.49644e+06
2.18689e+08	0	2.49291e+06
2.18693e+08	0	2.48939e+06
2.18698e+08	0	2.48588e+06
2.18702e+08	0	2.48237e+06
2.18707e+08	0	2.47887e+06
2.18712e+08	0	2.47537e+06
2.18716e+08	0	2.47187e+06
2.18721e+08	0	2.46838e+06
2.18725e+08	0	2.4649e+06
2.1873e+08	0	2.46142e+06
2.18734e+08	0	2.45795e+06
2.18739e+08	0	2.45448e+06
2.18743e+08	0	2.45101e+06
2.18748e+08	0	2.44755e+06
2.18752e+08	0	2.4441e+06
2.18757e+08	0	2.44065e+06
2.18761e+08	0	2.4372e+06
2.18766e+08	0	2.43376e+06
2.1877e+08	0	2.43033e+06
2.18775e+08	0	2.4269e+06
2.18779e+08	0	2.42347e+06
2.18783e+08	0	2.42005e+06
2.18788e+08	0	2.41663e+06
2.18792e+08	0	2.41322e+06
2.18797e+08	0	2.40982e+06
2.18801e+08	0	2.40641e+06
2.18806e+08	0	2.40302e+06
2.1881e+08	0	2.39962e+06
2.18814e+08	0	2.39624e+06
2.18819e+08	0	2.39285e+06
2.18823e+08	0	2.38948e+06
2.18828e+08	0	2.3861e+06
2.18832e+08	0	2.38274e+06
2.18836e+08	0	2.37937e+06
2.18841e+08	0	2.37601e+06
2.18845e+08	0	2.37266e+06
2.1885e+08	0	2.36931e+06
2.18854e+08	0	2.36597e+06
2.18858e+08	0	2.36263e+06
2.18863e+08	0	2.35929e+06
2.18867e+08	0	2.35596e+06
2.18871e+08	0	2.35263e+06
2.18876e+08	0	2.34931e+06
2.1888e+08	0	2.346e+06
2.18884e+08	0	2.34269e+06
2.18889e+08	0	2.33938e+06
2.18893e+08	0	2.33608e+06
2.18897e+08	0	2.33278e+06
2.18902e+08	0	2.32949e+06
2.18906e+08	0	2.3262e+06
2.1891e+08	0	2.32291e+06
2.18915e+08	0	2.31963e+06
2.18919e+08	0	2.31636e+06
2.18923e+08	0	2.31309e+06
2.18928e+08	0	2.30982e+06
2.18932e+08	0	2.30656e+06
2.18936e+08	0	2.30331e+06
2.1894e+08	0	2.30006e+06
2.18945e+08	0	2.29681e+06
2.18949e+08	0	2.29357e+06
2.18953e+08	0	2.29033e+06
2.18957e+08	0	2.2871e+06
2.18962e+08	0	2.28387e+06
2.18966e+08	0	2.28064e+06
2.1897e+08	0	2.27742e+06
2.18974e+08	0	2.27421e+06
2.18979e+08	0	2.271e+06
2.18983e+08	0	2.26779e+06
2.18987e+08	0	2.26459e+06
2.18991e+08	0	2.26139e+06
2.18996e+08	0	2.2582e+06
2.19e+08	0	2.25501e+06
2.19004e+08	0	2.25183e+06
2.19008e+08	0	2.24865e+06
2.19012e+08	0	2.24548e+06
2.19017e+08	0	2.24231e+06
2.19021e+08	0	2.23914e+06
2.19025e+08	0	2.23598e+06
2.19029e+08	0	2.23283e+06
2.19033e+08	0	2.22967e+06
2.19037e+08	0	2.22653e+06
2.19042e+08	0	2.22338e+06
2.19046e+08	0	2.22024e+06
2.1905e+08	0	2.21711e+06
2.19054e+08	0	2.21398e+06
2.19058e+08	0	2.21085e+06
2.19062e+08	0	2.20773e+06
2.19066e+08	0	2.20462e+06
2.1907e+08	0	2.2015e+06
2.19075e+08	0	2.1984e+06
2.19079e+08	0	2.19529e+06
2.19083e+08	0	2.19219e+06
2.19087e+08	0	2.1891e+06
2.19091e+08	0	2.18601e+06
2.19095e+08	0	2.18292e+06
2.19099e+08	0	2.17984e+06
2.19103e+08	0	2.17676e+06
2.19107e+08	0	2.17369e+06
2.19111e+08	0	2.17062e+06
2.19116e+08	0	2.16756e+06
2.1912e+08	0	2.1645e+06
2.19124e+08	0	2.16144e+06
2.19128e+08	0	2.15839e+06
2.19132e+08	0	2.15534e+06
2.19136e+08	0	2.1523e+06
2.1914e+08	0	2.14926e+06
2.19144e+08	0	2.14623e+06
2.19148e+08	0	2.1432e+06
2.19152e+08	0	2.14017e+06
2.19156e+08	0	2.13715e+06
2.1916e+08	0	2.13413e+06
2.19164e+08	0	2.13112e+06
2.19168e+08	0	2.12811e+06
2.19172e+08	0	2.12511e+06
2.19176e+08	0	2.12211e+06
2.1918e+08	0	2.11911e+06
2.19184e+08	0	2.11612e+06
2.19188e+08	0	2.11313e+06
2.19192e+08	0	2.11015e+06
2.19196e+08	0	2.10717e+06
2.192e+08	0	2.1042e+06
2.19204e+08	0	2.10122e+06
2.19208e+08	0	2.09826e+06
2.19212e+08	0	2.0953e+06
2.19216e+08	0	2.09234e+06
2.1922e+08	0	2.08938e+06
2.19224e+08	0	2.08643e+06
2.19228e+08	0	2.08349e+06
2.19231e+08	0	2.08055e+06
2.19235e+08	0	2.07761e+06
2.19239e+08	0	2.07468e+06
2.19243e+08	0	2.07175e+06
2.19247e+08	0	2.06882e+06
2.19251e+08	0	2.0659e+06
2.19255e+08	0	2.06299e+06
2.19259e+08	0	2.06007e+06
2.19263e+08	0	2.05717e+06
2.19267e+08	0	2.05426e+06
2.19271e+08	0	2.05136e+06
2.19274e+08	0	2.04846e+06
2.19278e+08	0	2.04557e+06
2.19282e+08	0	2.04268e+06
2.19286e+08	0	2.0398e+06
2.1929e+08	0	2.03692e+06
2.19294e+08	0	2.03405e+06
2.19298e+08	0	2.03117e+06
2.19301e+08	0	2.02831e+06
2.19305e+08	0	2.02544e+06
2.19309e+08	0	2.02258e+06
2.19313e+08	0	2.01973e+06
2.19317e+08	0	2.01688e+06
2.19321e+08	0	2.01403e+06
2.19324e+08	0	2.01118e+06
2.19328e+08	0	2.00835e+06
2.19332e+08	0	2.00551e+06
2.19336e+08	0	2.00268e+06
2.1934e+08	0	1.99985e+06
2.19343e+08	0	1.99703e+06
2.19347e+08	0	1.99421e+06
2.19351e+08	0	1.99139e+06
2.19355e+08	0	1.98858e+06
2.19359e+08	0	1.98577e+06
2.19362e+08	0	1.98297e+06
2.19366e+08	0	1.98017e+06
2.1937e+08	0	1.97737e+06
2.19374e+08	0	1.97458e+06
2.19377e+08	0	1.9718e+06
2.19381e+08	0	1.96901e+06
2.19385e+08	0	1.96623e+06
2.19389e+08	0	1.96346e+06
2.19392e+08	0	1.96068e+06
2.19396e+08	0	1.95792e+06
2.194e+08	0	1.95515e+06
2.19404e+08	0	1.95239e+06
2.19407e+08	0	1.94963e+06
2.19411e+08	0	1.94688e+06
2.19415e+08	0	1.94413e+06
2.19419e+08	0	1.94139e+06
2.19422e+08	0	1.93865e+06
2.19426e+08	0	1.93591e+06
2.1943e+08	0	1.93318e+06
2.19433e+08	0	1.93045e+06
2.19437e+08	0	1.92772e+06
2.19441e+08	0	1.925e+06
2.19444e+08	0	1.92228e+06
2.19448e+08	0	1.91957e+06
2.19452e+08	0	1.91686e+06
2.19455e+08	0	1.91415e+06
