0.265183
0.279113
0.292527
0.305144
0.316913
0.328264
0.339066
0.349322
0.359252
0.368691
0.37792
0.386866
0.395464
0.403845
0.411939
0.419861
0.427537
0.435071
0.442391
0.449591
0.456601
0.463431
0.470167
0.476669
0.483091
0.489366
0.49557
0.501573
0.507514
0.513332
0.519093
0.524678
0.530154
0.535583
0.54091
0.546136
0.551267
0.556306
0.561307
0.566169
0.570997
0.575743
0.580407
0.584994
0.589505
0.593942
0.598308
0.602649
0.606877
0.611082
0.615178
0.619255
0.623269
0.627222
0.631115
0.634951
0.63873
0.642454
0.646162
0.649779
0.653381
0.656895
0.660396
0.663811
0.667215
0.670572
0.673882
0.677113
0.680334
0.683511
0.686646
0.689771
0.692822
0.695834
0.698806
0.701769
0.704664
0.707521
0.710372
0.713156
0.715934
0.718677
0.721357
0.724031
0.726672
0.729253
0.731829
0.734373
0.736885
0.739367
0.741819
0.744241
0.746634
0.748998
0.751334
0.753642
0.755946
0.758199
0.760426
0.762627
0.764824
0.766974
0.76912
0.77122
0.773296
0.775369
0.777398
0.779424
0.781426
0.783386
0.785344
0.78728
0.789174
0.791066
0.792938
0.794769
0.796599
0.798409
0.800198
0.801968
0.803719
0.80545
0.807163
0.808856
0.810532
0.812189
0.813828
0.81545
0.817055
0.818642
0.820212
0.821766
0.823303
0.824839
0.826343
0.827832
0.829305
0.830778
0.83222
0.833648
0.835075
0.836472
0.837856
0.839238
0.840593
0.841934
0.843275
0.844588
0.845902
0.847189
0.848475
0.849736
0.850997
0.852232
0.853467
0.85469
0.855889
0.857087
0.858262
0.859436
0.860599
0.861739
0.862879
0.864007
0.865124
0.86622
0.867315
0.8684
0.869474
0.870526
0.871579
0.872622
0.873655
0.874677
0.87568
0.876683
0.877676
0.878659
0.879634
0.880598
0.881554
0.8825
0.883437
0.884365
0.885285
0.886195
0.887097
0.887991
0.888875
0.889752
0.89062
0.89148
0.892332
0.893176
0.894012
0.894841
0.895661
0.896474
0.897279
0.898077
0.898876
0.899659
0.900434
0.901203
0.901965
0.902719
0.903467
0.904215
0.904949
0.905676
0.906396
0.90711
0.907825
0.908526
0.90922
0.909909
0.910598
0.911274
0.911943
0.912607
0.913271
0.913923
0.914569
0.915216
0.91585
0.916479
0.917108
0.917726
0.918338
0.918951
0.919552
0.920148
0.920744
0.92133
0.921916
0.922491
0.923061
0.923631
0.924191
0.924752
0.925302
0.925848
0.926394
0.92693
0.927466
0.927993
0.92852
0.929038
0.929556
0.930064
0.930569
0.931074
0.931569
0.932065
0.932552
0.93304
0.933519
0.933998
0.934468
0.93494
0.935407
0.935865
0.936324
0.936775
0.937227
0.93767
0.938113
0.938549
0.938985
0.939414
0.939843
0.940268
0.940686
0.941104
0.941515
0.941926
0.942334
0.942734
0.943135
0.943529
0.943923
0.944314
0.944698
0.945083
0.94546
0.945838
0.946214
0.946582
0.946951
0.947317
0.947676
0.948036
0.948393
0.948743
0.949094
0.949443
0.949784
0.950127
0.950467
0.9508
0.951135
0.951466
0.951792
0.952118
0.952441
0.952759
0.953077
0.953393
0.953706
0.954014
0.954322
0.954628
0.954928
0.955229
0.955527
0.955823
0.956114
0.956405
0.956694
0.956978
0.957262
0.957544
0.957824
0.958099
0.958375
0.958648
0.958919
0.959185
0.959452
0.959717
0.95998
0.96024
0.960496
0.960753
0.961007
0.96126
0.961508
0.961757
0.962003
0.962248
0.962491
0.962729
0.962968
0.963206
0.963441
0.963672
0.963904
0.964134
0.964362
0.964589
0.964813
0.965034
0.965255
0.965475
0.965693
0.965909
0.966121
0.966334
0.966545
0.966755
0.966963
0.96717
0.967373
0.967576
0.967778
0.967978
0.968177
0.968374
0.968568
0.968762
0.968955
0.969146
0.969336
0.969525
0.96971
0.969896
0.97008
0.970263
0.970445
0.970625
0.970804
0.97098
0.971156
0.971331
0.971504
0.971677
0.971848
0.972018
0.972185
0.972352
0.972518
0.972683
0.972846
0.973009
0.97317
0.97333
0.973487
0.973645
0.973802
0.973957
0.974111
0.974264
0.974417
0.974567
0.974717
0.974865
0.975012
0.975159
0.975304
0.975449
0.975592
0.975735
0.975876
0.976017
0.976155
0.976293
0.97643
0.976567
0.976702
0.976836
0.97697
0.977102
0.977234
0.977365
0.977494
0.977622
0.97775
0.977877
0.978003
0.978128
0.978252
0.978376
0.978498
0.97862
0.978741
0.978861
0.97898
0.979097
0.979215
0.979331
0.979447
0.979562
0.979676
0.97979
0.979902
0.980014
0.980125
0.980236
0.980345
0.980454
0.980562
0.980668
0.980775
0.980881
0.980986
0.98109
0.981194
0.981296
0.981399
0.9815
0.981601
0.981701
0.981801
0.981899
0.981998
0.982095
0.982192
0.982288
0.982382
0.982477
0.982571
0.982665
0.982758
0.98285
0.982942
0.983033
0.983123
0.983213
0.983302
0.983391
0.983479
0.983566
0.983653
0.983739
0.983825
0.98391
0.983995
0.984078
0.984162
0.984244
0.984326
0.984408
0.984489
0.98457
0.98465
0.98473
0.984809
0.984887
0.984965
0.985043
0.98512
0.985197
0.985273
0.985348
0.985423
0.985498
0.985572
0.985645
0.985718
0.985791
0.985863
0.985935
0.986006
0.986077
0.986147
0.986217
0.986287
0.986356
0.986424
0.986491
0.986559
0.986626
0.986693
0.986759
0.986825
0.986891
0.986956
0.98702
0.987085
0.987148
0.987212
0.987275
0.987338
0.9874
0.987462
0.987523
0.987584
0.987645
0.987705
0.987765
0.987824
0.987884
0.987942
0.988001
0.988059
0.988117
0.988174
0.988231
0.988287
0.988344
0.9884
0.988455
0.98851
0.988565
0.98862
0.988674
0.988728
0.988781
0.988834
0.988887
0.98894
0.988992
0.989044
0.989096
0.989147
0.989198
0.989248
0.989299
0.989349
0.989398
0.989448
0.989497
0.989546
0.989594
0.989642
0.98969
0.989738
0.989785
0.989832
0.989879
0.989926
0.989972
0.990018
0.990064
0.990109
0.990154
0.990198
0.990243
0.990287
0.990331
0.990375
0.990419
0.990462
0.990505
0.990547
0.99059
0.990632
0.990674
0.990716
0.990757
0.990799
0.99084
0.99088
0.990921
0.990961
0.991001
0.991041
0.99108
0.99112
0.991159
0.991198
0.991236
0.991275
0.991313
0.991351
0.991389
0.991426
0.991464
0.991501
0.991538
0.991574
0.991611
0.991647
0.991683
0.991719
0.991754
0.99179
0.991825
0.99186
0.991895
0.991929
0.991964
0.991998
0.992032
0.992066
0.9921
0.992133
0.992166
0.992199
0.992232
0.992265
0.992297
0.99233
0.992362
0.992394
0.992426
0.992457
0.992489
0.99252
0.992551
0.992582
0.992612
0.992643
0.992673
0.992704
0.992734
0.992764
0.992793
0.992823
0.992852
0.992881
0.99291
0.992939
0.992968
0.992997
0.993025
0.993053
0.993081
0.993109
0.993137
0.993165
0.993192
0.993219
0.993247
0.993274
0.993301
0.993327
0.993354
0.99338
0.993407
0.993433
0.993459
0.993485
0.99351
0.993536
0.993561
0.993587
0.993612
0.993637
0.993662
0.993687
0.993711
0.993736
0.99376
0.993785
0.993809
0.993833
0.993856
0.99388
0.993904
0.993927
0.993951
0.993974
0.993997
0.99402
0.994043
0.994066
0.994088
0.994111
0.994133
0.994155
0.994178
0.9942
0.994221
0.994243
0.994265
0.994287
0.994308
0.994329
0.994351
0.994372
0.994393
0.994414
0.994434
0.994455
0.994476
0.994496
0.994517
0.994537
0.994557
0.994577
0.994597
0.994617
0.994637
0.994656
0.994676
0.994695
0.994715
0.994734
0.994753
0.994772
0.994791
0.99481
0.994829
0.994847
0.994866
0.994884
0.994903
0.994921
0.994939
0.994957
0.994975
0.994993
0.995011
0.995029
0.995046
0.995064
0.995081
0.995099
0.995116
0.995133
0.99515
0.995167
0.995184
0.995201
0.995218
0.995235
0.995251
0.995268
0.995284
0.995301
0.995317
0.995333
0.995349
0.995365
0.995381
0.995397
0.995413
0.995429
0.995444
0.99546
0.995475
0.995491
0.995506
0.995521
0.995537
0.995552
0.995567
0.995582
0.995597
0.995612
0.995626
0.995641
0.995656
0.99567
0.995685
0.995699
0.995713
0.995728
0.995742
0.995756
0.99577
0.995784
0.995798
0.995812
0.995826
0.995839
0.995853
0.995867
0.99588
0.995894
0.995907
0.99592
0.995934
0.995947
0.99596
0.995973
0.995986
0.995999
0.996012
0.996025
0.996038
0.99605
0.996063
0.996076
0.996088
0.996101
0.996113
0.996126
0.996138
0.99615
0.996162
0.996174
0.996187
0.996199
0.996211
0.996222
0.996234
0.996246
0.996258
0.99627
0.996281
0.996293
0.996304
0.996316
0.996327
0.996339
0.99635
0.996361
0.996372
0.996384
0.996395
0.996406
0.996417
0.996428
0.996439
0.99645
0.99646
0.996471
0.996482
0.996493
0.996503
0.996514
0.996524
0.996535
0.996545
0.996556
0.996566
0.996576
0.996587
0.996597
0.996607
0.996617
0.996627
0.996637
0.996647
0.996657
0.996667
0.996677
0.996687
0.996696
0.996706
0.996716
0.996725
0.996735
0.996744
0.996754
0.996763
0.996773
0.996782
0.996791
0.996801
0.99681
0.996819
0.996828
0.996838
0.996847
0.996856
0.996865
0.996874
0.996883
0.996891
0.9969
0.996909
0.996918
0.996927
0.996935
0.996944
0.996953
0.996961
0.99697
0.996978
0.996987
0.996995
0.997004
0.997012
0.99702
0.997029
0.997037
0.997045
0.997053
0.997061
0.99707
0.997078
0.997086
0.997094
0.997102
0.99711
0.997118
0.997126
0.997133
0.997141
0.997149
0.997157
0.997164
0.997172
0.99718
0.997187
0.997195
0.997203
0.99721
0.997218
0.997225
0.997232
0.99724
0.997247
0.997255
0.997262
0.997269
0.997276
0.997284
0.997291
0.997298
0.997305
0.997312
0.997319
0.997326
0.997333
0.99734
0.997347
0.997354
0.997361
0.997368
0.997375
0.997382
0.997388
0.997395
0.997402
0.997409
0.997415
0.997422
0.997429
0.997435
0.997442
0.997448
0.997455
0.997461
0.997468
0.997474
0.997481
0.997487
0.997493
0.9975
0.997506
0.997512
0.997518
0.997525
0.997531
0.997537
0.997543
0.997549
0.997556
0.997562
0.997568
0.997574
0.99758
0.997586
0.997592
0.997598
0.997603
0.997609
0.997615
0.997621
0.997627
0.997633
0.997639
0.997644
0.99765
0.997656
0.997661
0.997667
0.997673
0.997678
0.997684
0.997689
0.997695
0.997701
0.997706
0.997712
0.997717
0.997722
0.997728
0.997733
0.997739
0.997744
0.997749
0.997755
0.99776
0.997765
0.997771
0.997776
0.997781
0.997786
0.997791
0.997797
0.997802
0.997807
0.997812
0.997817
0.997822
0.997827
0.997832
0.997837
0.997842
0.997847
0.997852
0.997857
0.997862
0.997867
0.997872
0.997877
0.997881
0.997886
0.997891
0.997896
0.997901
0.997905
0.99791
0.997915
0.997919
0.997924
0.997929
0.997933
0.997938
0.997943
0.997947
0.997952
0.997956
0.997961
0.997965
0.99797
0.997974
0.997979
0.997983
0.997988
0.997992
0.997997
0.998001
0.998005
0.99801
0.998014
0.998018
0.998023
0.998027
0.998031
0.998036
0.99804
0.998044
0.998048
0.998052
0.998057
0.998061
0.998065
0.998069
0.998073
0.998077
0.998081
0.998085
0.99809
0.998094
0.998098
0.998102
0.998106
0.99811
0.998114
0.998118
0.998122
0.998125
0.998129
0.998133
0.998137
0.998141
0.998145
0.998149
0.998153
0.998156
0.99816
0.998164
0.998168
0.998172
0.998175
0.998179
0.998183
0.998187
0.99819
0.998194
0.998198
0.998201
0.998205
0.998209
0.998212
0.998216
0.998219
0.998223
0.998227
0.99823
0.998234
0.998237
0.998241
0.998244
0.998248
0.998251
0.998255
0.998258
0.998262
0.998265
0.998269
0.998272
0.998275
0.998279
0.998282
0.998285
0.998289
0.998292
0.998296
0.998299
0.998302
0.998305
0.998309
0.998312
0.998315
0.998319
0.998322
0.998325
0.998328
0.998331
0.998335
0.998338
0.998341
0.998344
0.998347
0.99835
0.998354
0.998357
0.99836
0.998363
0.998366
0.998369
0.998372
0.998375
0.998378
0.998381
0.998384
0.998387
0.99839
0.998393
0.998396
0.998399
0.998402
0.998405
0.998408
0.998411
0.998414
0.998417
0.99842
0.998423
0.998426
0.998429
0.998432
0.998434
0.998437
0.99844
0.998443
0.998446
0.998449
0.998451
0.998454
0.998457
0.99846
0.998463
0.998465
0.998468
0.998471
0.998474
0.998476
0.998479
0.998482
0.998484
0.998487
0.99849
0.998492
0.998495
0.998498
0.9985
0.998503
0.998506
0.998508
0.998511
0.998513
0.998516
0.998519
0.998521
0.998524
0.998526
0.998529
0.998531
0.998534
0.998537
0.998539
0.998542
0.998544
0.998547
0.998549
0.998552
0.998554
0.998557
0.998559
0.998561
0.998564
0.998566
0.998569
0.998571
0.998574
0.998576
0.998578
0.998581
0.998583
0.998585
0.998588
0.99859
0.998593
0.998595
0.998597
0.9986
0.998602
0.998604
0.998607
0.998609
0.998611
0.998613
0.998616
0.998618
0.99862
0.998622
0.998625
0.998627
0.998629
0.998631
0.998634
0.998636
0.998638
0.99864
0.998642
0.998645
0.998647
0.998649
0.998651
0.998653
0.998655
0.998658
0.99866
0.998662
0.998664
0.998666
0.998668
0.99867
0.998672
0.998675
0.998677
0.998679
0.998681
0.998683
0.998685
0.998687
0.998689
0.998691
0.998693
0.998695
0.998697
0.998699
0.998701
0.998703
0.998705
0.998707
0.998709
0.998711
0.998713
0.998715
0.998717
0.998719
0.998721
0.998723
0.998725
0.998727
0.998729
0.998731
0.998733
0.998735
0.998736
0.998738
0.99874
0.998742
0.998744
0.998746
0.998748
0.99875
0.998752
0.998753
0.998755
0.998757
0.998759
0.998761
0.998763
0.998764
0.998766
0.998768
0.99877
0.998772
0.998773
0.998775
0.998777
0.998779
0.998781
0.998782
0.998784
0.998786
0.998788
0.998789
0.998791
0.998793
0.998795
0.998796
0.998798
0.9988
0.998802
0.998803
0.998805
0.998807
0.998808
0.99881
0.998812
0.998813
0.998815
0.998817
0.998818
0.99882
0.998822
0.998823
0.998825
0.998827
0.998828
0.99883
0.998832
0.998833
0.998835
0.998836
0.998838
0.99884
0.998841
0.998843
0.998844
0.998846
0.998848
0.998849
0.998851
0.998852
0.998854
0.998855
0.998857
0.998859
0.99886
0.998862
0.998863
0.998865
0.998866
0.998868
0.998869
0.998871
0.998872
0.998874
0.998875
0.998877
0.998878
0.99888
0.998881
0.998883
0.998884
0.998886
0.998887
0.998889
0.99889
0.998892
0.998893
0.998895
0.998896
0.998897
0.998899
0.9989
0.998902
0.998903
0.998905
0.998906
0.998907
0.998909
0.99891
0.998912
0.998913
0.998914
0.998916
0.998917
0.998919
0.99892
0.998921
0.998923
0.998924
0.998925
0.998927
0.998928
0.99893
0.998931
0.998932
0.998934
0.998935
0.998936
0.998938
0.998939
0.99894
0.998942
0.998943
0.998944
0.998946
0.998947
0.998948
0.998949
0.998951
0.998952
0.998953
0.998955
0.998956
0.998957
0.998958
0.99896
0.998961
0.998962
0.998963
0.998965
0.998966
0.998967
0.998968
0.99897
0.998971
0.998972
0.998973
0.998975
0.998976
0.998977
0.998978
0.99898
0.998981
0.998982
0.998983
0.998984
0.998986
0.998987
0.998988
0.998989
0.99899
0.998992
0.998993
0.998994
0.998995
0.998996
0.998997
0.998999
0.999
0.999001
0.999002
0.999003
0.999004
0.999006
0.999007
0.999008
0.999009
0.99901
0.999011
0.999012
0.999014
0.999015
0.999016
0.999017
0.999018
0.999019
0.99902
0.999021
0.999022
0.999024
0.999025
0.999026
0.999027
0.999028
0.999029
0.99903
0.999031
0.999032
0.999033
0.999034
0.999036
0.999037
0.999038
0.999039
0.99904
0.999041
0.999042
0.999043
0.999044
0.999045
0.999046
0.999047
0.999048
0.999049
0.99905
0.999051
0.999052
0.999053
0.999054
0.999055
0.999056
0.999057
0.999058
0.999059
0.99906
0.999061
0.999062
0.999063
0.999064
0.999065
0.999066
0.999067
0.999068
0.999069
0.99907
0.999071
0.999072
0.999073
0.999074
0.999075
0.999076
0.999077
0.999078
0.999079
0.99908
0.999081
0.999082
0.999083
0.999084
0.999085
0.999086
0.999087
0.999088
0.999089
0.99909
0.99909
0.999091
0.999092
0.999093
0.999094
0.999095
0.999096
0.999097
0.999098
0.999099
0.9991
0.999101
0.999101
0.999102
0.999103
0.999104
0.999105
0.999106
0.999107
0.999108
0.999109
0.99911
0.99911
0.999111
0.999112
0.999113
0.999114
0.999115
0.999116
0.999117
0.999117
0.999118
0.999119
0.99912
0.999121
0.999122
0.999123
0.999123
0.999124
0.999125
0.999126
0.999127
0.999128
0.999128
0.999129
0.99913
0.999131
0.999132
0.999133
0.999133
0.999134
0.999135
0.999136
0.999137
0.999138
0.999138
0.999139
0.99914
0.999141
0.999142
0.999142
0.999143
0.999144
0.999145
0.999146
0.999146
0.999147
0.999148
0.999149
0.99915
0.99915
0.999151
0.999152
0.999153
0.999154
0.999154
0.999155
0.999156
0.999157
0.999157
0.999158
0.999159
0.99916
0.99916
0.999161
0.999162
0.999163
0.999163
0.999164
0.999165
0.999166
0.999166
0.999167
0.999168
0.999169
0.999169
0.99917
0.999171
0.999172
0.999172
0.999173
0.999174
0.999175
0.999175
0.999176
0.999177
0.999177
0.999178
0.999179
0.99918
0.99918
0.999181
0.999182
0.999182
0.999183
0.999184
0.999185
0.999185
0.999186
0.999187
0.999187
0.999188
0.999189
0.99919
0.99919
0.999191
0.999192
0.999192
0.999193
0.999194
0.999194
0.999195
0.999196
0.999196
0.999197
0.999198
0.999198
0.999199
0.9992
0.9992
0.999201
0.999202
0.999202
0.999203
0.999204
0.999204
0.999205
0.999206
0.999206
0.999207
0.999208
0.999208
0.999209
0.99921
0.99921
0.999211
0.999212
0.999212
0.999213
0.999213
0.999214
0.999215
0.999215
0.999216
0.999217
0.999217
0.999218
0.999219
0.999219
0.99922
0.99922
0.999221
0.999222
0.999222
0.999223
0.999224
0.999224
0.999225
0.999225
0.999226
0.999227
0.999227
0.999228
0.999228
0.999229
0.99923
0.99923
0.999231
0.999231
0.999232
0.999233
0.999233
0.999234
0.999234
0.999235
0.999236
0.999236
0.999237
0.999237
0.999238
0.999239
0.999239
0.99924
0.99924
0.999241
0.999241
0.999242
0.999243
0.999243
0.999244
0.999244
0.999245
0.999245
0.999246
0.999247
0.999247
0.999248
0.999248
0.999249
0.999249
0.99925
0.99925
0.999251
0.999252
0.999252
0.999253
0.999253
0.999254
0.999254
0.999255
0.999255
0.999256
0.999257
0.999257
0.999258
0.999258
0.999259
0.999259
0.99926
0.99926
0.999261
0.999261
0.999262
0.999262
0.999263
0.999263
0.999264
0.999265
0.999265
0.999266
0.999266
0.999267
0.999267
0.999268
0.999268
0.999269
0.999269
0.99927
0.99927
0.999271
0.999271
0.999272
0.999272
0.999273
0.999273
0.999274
0.999274
0.999275
0.999275
0.999276
0.999276
0.999277
0.999277
0.999278
0.999278
0.999279
0.999279
0.99928
0.99928
0.999281
0.999281
0.999282
0.999282
0.999283
0.999283
0.999284
0.999284
0.999285
0.999285
0.999286
0.999286
0.999287
0.999287
0.999288
0.999288
0.999289
0.999289
0.999289
0.99929
0.99929
0.999291
0.999291
0.999292
0.999292
0.999293
0.999293
0.999294
0.999294
0.999295
0.999295
0.999296
0.999296
0.999296
0.999297
0.999297
0.999298
0.999298
0.999299
0.999299
0.9993
0.9993
0.999301
0.999301
0.999301
0.999302
0.999302
0.999303
0.999303
0.999304
0.999304
0.999305
0.999305
0.999305
0.999306
0.999306
0.999307
0.999307
0.999308
0.999308
0.999308
0.999309
0.999309
0.99931
0.99931
0.999311
0.999311
0.999311
0.999312
0.999312
0.999313
0.999313
0.999314
0.999314
0.999314
0.999315
0.999315
0.999316
0.999316
0.999317
0.999317
0.999317
0.999318
0.999318
0.999319
0.999319
0.999319
0.99932
0.99932
0.999321
0.999321
0.999321
0.999322
0.999322
0.999323
0.999323
0.999323
0.999324
0.999324
0.999325
0.999325
0.999325
0.999326
0.999326
0.999327
0.999327
0.999327
0.999328
0.999328
0.999329
0.999329
0.999329
0.99933
0.99933
0.999331
0.999331
0.999331
0.999332
0.999332
0.999333
0.999333
0.999333
0.999334
0.999334
0.999334
0.999335
0.999335
0.999336
0.999336
0.999336
