0.424293
0.434766
0.444678
0.454031
0.462895
0.471398
0.479524
0.487253
0.494648
0.501758
0.50862
0.515262
0.521707
0.527905
0.533946
0.539779
0.545483
0.551007
0.556363
0.56162
0.566729
0.571699
0.57659
0.581356
0.586002
0.590536
0.594963
0.599334
0.603607
0.607785
0.611873
0.615918
0.619836
0.623717
0.627519
0.631207
0.634902
0.638489
0.642009
0.645464
0.648893
0.652261
0.655534
0.658785
0.661981
0.665123
0.668212
0.67125
0.67424
0.677212
0.680106
0.682985
0.685789
0.68858
0.691299
0.694006
0.696673
0.6993
0.701889
0.70444
0.706955
0.709434
0.711878
0.714288
0.716689
0.719033
0.721345
0.72365
0.725901
0.728144
0.730335
0.73252
0.734655
0.736784
0.738886
0.740961
0.742988
0.745011
0.747009
0.748983
0.750932
0.752857
0.754759
0.756638
0.758494
0.760329
0.76216
0.763952
0.765722
0.767472
0.76922
0.770929
0.77262
0.774308
0.77596
0.777611
0.779226
0.78084
0.78242
0.783998
0.785544
0.787088
0.7886
0.790111
0.791606
0.79307
0.794533
0.795981
0.797413
0.798831
0.800219
0.801607
0.802981
0.804341
0.805687
0.807019
0.808337
0.809642
0.810934
0.812214
0.81348
0.814734
0.815975
0.817204
0.818421
0.819626
0.82082
0.822002
0.823184
0.824343
0.825491
0.826629
0.827755
0.828882
0.829987
0.831082
0.832177
0.833251
0.834316
0.835381
0.836426
0.837461
0.838497
0.839513
0.84053
0.841528
0.842516
0.843506
0.844477
0.845449
0.846403
0.847358
0.848295
0.849233
0.850163
0.851075
0.851988
0.852885
0.853782
0.854672
0.855546
0.85642
0.857278
0.858138
0.85899
0.859827
0.860664
0.861495
0.862319
0.863127
0.863937
0.86474
0.865537
0.866318
0.867102
0.867878
0.868649
0.869413
0.870163
0.870914
0.87166
0.872399
0.873132
0.873859
0.874581
0.875289
0.875999
0.876703
0.877402
0.878095
0.878782
0.879465
0.880141
0.880812
0.881478
0.882139
0.882795
0.883445
0.884091
0.884731
0.885367
0.885997
0.886623
0.887244
0.88786
0.888471
0.889078
0.88968
0.890277
0.89087
0.891458
0.892043
0.892628
0.893203
0.893774
0.894341
0.894903
0.895461
0.896015
0.896565
0.897117
0.897659
0.898197
0.89873
0.89926
0.899787
0.900314
0.900833
0.901347
0.901858
0.902366
0.902874
0.903374
0.903871
0.904363
0.904858
0.905343
0.905826
0.906305
0.906785
0.907257
0.907726
0.908196
0.908658
0.909117
0.909573
0.91003
0.910479
0.910925
0.911373
0.911813
0.91225
0.912688
0.913119
0.913547
0.913976
0.914398
0.914818
0.915238
0.915652
0.916062
0.916474
0.91688
0.917286
0.917686
0.918083
0.918481
0.918873
0.919265
0.919652
0.920036
0.920421
0.920799
0.921179
0.921553
0.921928
0.922297
0.922663
0.923031
0.923392
0.923755
0.924112
0.92447
0.924822
0.925175
0.925523
0.925872
0.926215
0.926559
0.926898
0.927237
0.927572
0.927907
0.928237
0.928568
0.928894
0.929221
0.929543
0.929866
0.930183
0.930502
0.930815
0.93113
0.93144
0.93175
0.932056
0.932363
0.932665
0.932968
0.933269
0.933565
0.933863
0.934155
0.934449
0.934738
0.935028
0.935316
0.9356
0.935885
0.936165
0.936446
0.936723
0.937001
0.937277
0.937548
0.937821
0.93809
0.938359
0.938627
0.93889
0.939155
0.939418
0.939677
0.939937
0.940192
0.940449
0.940704
0.940955
0.941207
0.941458
0.941705
0.941952
0.942196
0.942441
0.942684
0.942924
0.943164
0.943403
0.943638
0.943874
0.944109
0.94434
0.944572
0.944803
0.94503
0.945258
0.945485
0.945708
0.945932
0.946155
0.946374
0.946595
0.946814
0.947029
0.947246
0.947461
0.947675
0.947885
0.948097
0.948307
0.948514
0.948722
0.948929
0.949133
0.949337
0.94954
0.949742
0.949941
0.950141
0.95034
0.950538
0.950732
0.950928
0.951122
0.951313
0.951505
0.951696
0.951886
0.952073
0.952261
0.952448
0.952634
0.952817
0.953001
0.953184
0.953365
0.953544
0.953724
0.953903
0.954081
0.954256
0.954432
0.954607
0.954781
0.954952
0.955124
0.955295
0.955465
0.955633
0.955801
0.955969
0.956135
0.956299
0.956464
0.956628
0.956791
0.956953
0.957113
0.957273
0.957433
0.957592
0.95775
0.957905
0.958061
0.958217
0.958371
0.958523
0.958676
0.958829
0.95898
0.95913
0.959279
0.959428
0.959576
0.959723
0.95987
0.960014
0.960159
0.960304
0.960447
0.96059
0.960732
0.960872
0.961013
0.961153
0.961292
0.961431
0.961567
0.961704
0.96184
0.961976
0.962111
0.962245
0.962378
0.96251
0.962643
0.962774
0.962905
0.963034
0.963164
0.963293
0.963421
0.963548
0.963675
0.963801
0.963926
0.964051
0.964176
0.9643
0.964423
0.964545
0.964666
0.964787
0.964908
0.965028
0.965148
0.965267
0.965384
0.965502
0.965619
0.965736
0.965852
0.965967
0.966082
0.966195
0.966309
0.966422
0.966535
0.966647
0.966759
0.96687
0.966979
0.967089
0.967198
0.967307
0.967416
0.967523
0.967631
0.967736
0.967843
0.967948
0.968054
0.968158
0.968263
0.968366
0.96847
0.968571
0.968674
0.968775
0.968877
0.968977
0.969078
0.969177
0.969277
0.969375
0.969473
0.969571
0.969669
0.969766
0.969862
0.969958
0.970054
0.970149
0.970243
0.970337
0.970431
0.970525
0.970617
0.97071
0.970802
0.970894
0.970985
0.971075
0.971165
0.971255
0.971345
0.971434
0.971523
0.971611
0.971699
0.971787
0.971873
0.97196
0.972046
0.972132
0.972218
0.972303
0.972387
0.972472
0.972556
0.972639
0.972723
0.972805
0.972887
0.972969
0.973051
0.973132
0.973213
0.973294
0.973374
0.973454
0.973534
0.973612
0.973691
0.973769
0.973847
0.973925
0.974002
0.974079
0.974156
0.974233
0.974309
0.974384
0.97446
0.974534
0.974609
0.974683
0.974757
0.974831
0.974904
0.974977
0.97505
0.975122
0.975194
0.975266
0.975337
0.975408
0.975479
0.975549
0.975619
0.975689
0.975759
0.975828
0.975897
0.975966
0.976034
0.976102
0.97617
0.976238
0.976305
0.976371
0.976438
0.976504
0.97657
0.976636
0.976701
0.976767
0.976832
0.976896
0.976961
0.977025
0.977089
0.977152
0.977215
0.977278
0.977341
0.977403
0.977465
0.977527
0.977589
0.97765
0.977711
0.977772
0.977833
0.977893
0.977953
0.978013
0.978073
0.978132
0.978191
0.97825
0.978308
0.978367
0.978425
0.978483
0.97854
0.978598
0.978655
0.978712
0.978769
0.978825
0.978881
0.978937
0.978993
0.979049
0.979104
0.979159
0.979214
0.979269
0.979323
0.979377
0.979431
0.979484
0.979538
0.979591
0.979644
0.979697
0.97975
0.979802
0.979854
0.979906
0.979958
0.98001
0.980061
0.980112
0.980163
0.980214
0.980265
0.980315
0.980365
0.980415
0.980464
0.980514
0.980563
0.980612
0.980661
0.98071
0.980759
0.980807
0.980855
0.980903
0.980951
0.980998
0.981046
0.981093
0.98114
0.981187
0.981234
0.98128
0.981326
0.981372
0.981418
0.981464
0.981509
0.981555
0.9816
0.981645
0.98169
0.981734
0.981779
0.981823
0.981867
0.981911
0.981955
0.981999
0.982042
0.982085
0.982129
0.982171
0.982214
0.982257
0.982299
0.982342
0.982384
0.982426
0.982468
0.982509
0.982551
0.982592
0.982633
0.982674
0.982715
0.982755
0.982796
0.982836
0.982876
0.982917
0.982956
0.982996
0.983036
0.983075
0.983115
0.983154
0.983193
0.983232
0.98327
0.983309
0.983347
0.983386
0.983424
0.983462
0.9835
0.983537
0.983575
0.983612
0.98365
0.983687
0.983724
0.983761
0.983798
0.983834
0.983871
0.983907
0.983943
0.983979
0.984015
0.98405
0.984086
0.984122
0.984157
0.984192
0.984227
0.984262
0.984297
0.984332
0.984367
0.984401
0.984436
0.98447
0.984504
0.984538
0.984572
0.984605
0.984639
0.984673
0.984706
0.984739
0.984772
0.984805
0.984838
0.984871
0.984904
0.984936
0.984969
0.985001
0.985033
0.985065
0.985097
0.985129
0.985161
0.985192
0.985224
0.985255
0.985286
0.985317
0.985348
0.985379
0.98541
0.985441
0.985471
0.985502
0.985532
0.985562
0.985592
0.985622
0.985652
0.985682
0.985712
0.985742
0.985771
0.985801
0.98583
0.985859
0.985888
0.985917
0.985946
0.985975
0.986004
0.986032
0.986061
0.986089
0.986117
0.986146
0.986174
0.986202
0.98623
0.986257
0.986285
0.986313
0.98634
0.986368
0.986395
0.986422
0.986449
0.986476
0.986503
0.98653
0.986557
0.986584
0.98661
0.986637
0.986663
0.986689
0.986716
0.986742
0.986768
0.986794
0.98682
0.986845
0.986871
0.986897
0.986922
0.986948
0.986973
0.986998
0.987023
0.987048
0.987073
0.987098
0.987123
0.987148
0.987173
0.987197
0.987221
0.987246
0.98727
0.987294
0.987318
0.987343
0.987367
0.98739
0.987414
0.987438
0.987462
0.987485
0.987509
0.987532
0.987556
0.987579
0.987602
0.987625
0.987648
0.987671
0.987694
0.987717
0.98774
0.987762
0.987785
0.987808
0.98783
0.987852
0.987875
0.987897
0.987919
0.987941
0.987963
0.987985
0.988007
0.988029
0.98805
0.988072
0.988094
0.988115
0.988137
0.988158
0.988179
0.9882
0.988222
0.988243
0.988264
0.988285
0.988306
0.988326
0.988347
0.988368
0.988388
0.988409
0.988429
0.98845
0.98847
0.98849
0.988511
0.988531
0.988551
0.988571
0.988591
0.988611
0.988631
0.98865
0.98867
0.98869
0.988709
0.988729
0.988748
0.988768
0.988787
0.988806
0.988826
0.988845
0.988864
0.988883
0.988902
0.988921
0.98894
0.988958
0.988977
0.988996
0.989014
0.989033
0.989051
0.98907
0.989088
0.989107
0.989125
0.989143
0.989161
0.989179
0.989197
0.989215
0.989233
0.989251
0.989269
0.989287
0.989304
0.989322
0.98934
0.989357
0.989375
0.989392
0.989409
0.989427
0.989444
0.989461
0.989478
0.989495
0.989512
0.989529
0.989546
0.989563
0.98958
0.989597
0.989614
0.98963
0.989647
0.989664
0.98968
0.989697
0.989713
0.989729
0.989746
0.989762
0.989778
0.989795
0.989811
0.989827
0.989843
0.989859
0.989875
0.989891
0.989906
0.989922
0.989938
0.989954
0.989969
0.989985
0.990001
0.990016
0.990032
0.990047
0.990062
0.990078
0.990093
0.990108
0.990123
0.990139
0.990154
0.990169
0.990184
0.990199
0.990214
0.990228
0.990243
0.990258
0.990273
0.990288
0.990302
0.990317
0.990331
0.990346
0.99036
0.990375
0.990389
0.990404
0.990418
0.990432
0.990446
0.990461
0.990475
0.990489
0.990503
0.990517
0.990531
0.990545
0.990559
0.990573
0.990586
0.9906
0.990614
0.990628
0.990641
0.990655
0.990669
0.990682
0.990696
0.990709
0.990722
0.990736
0.990749
0.990763
0.990776
0.990789
0.990802
0.990815
0.990828
0.990842
0.990855
0.990868
0.990881
0.990894
0.990906
0.990919
0.990932
0.990945
0.990958
0.99097
0.990983
0.990996
0.991008
0.991021
0.991033
0.991046
0.991058
0.991071
0.991083
0.991095
0.991108
0.99112
0.991132
0.991144
0.991157
0.991169
0.991181
0.991193
0.991205
0.991217
0.991229
0.991241
0.991253
0.991265
0.991277
0.991288
0.9913
0.991312
0.991324
0.991335
0.991347
0.991358
0.99137
0.991382
0.991393
0.991405
0.991416
0.991427
0.991439
0.99145
0.991462
0.991473
0.991484
0.991495
0.991506
0.991518
0.991529
0.99154
0.991551
0.991562
0.991573
0.991584
0.991595
0.991606
0.991617
0.991628
0.991638
0.991649
0.99166
0.991671
0.991681
0.991692
0.991703
0.991713
0.991724
0.991735
0.991745
0.991756
0.991766
0.991777
0.991787
0.991797
0.991808
0.991818
0.991828
0.991839
0.991849
0.991859
0.991869
0.99188
0.99189
0.9919
0.99191
0.99192
0.99193
0.99194
0.99195
0.99196
0.99197
0.99198
0.99199
0.992
0.992009
0.992019
0.992029
0.992039
0.992048
0.992058
0.992068
0.992077
0.992087
0.992097
0.992106
0.992116
0.992125
0.992135
0.992144
0.992154
0.992163
0.992172
0.992182
0.992191
0.9922
0.99221
0.992219
0.992228
0.992237
0.992247
0.992256
0.992265
0.992274
0.992283
0.992292
0.992301
0.99231
0.992319
0.992328
0.992337
0.992346
0.992355
0.992364
0.992373
0.992382
0.99239
0.992399
0.992408
0.992417
0.992425
0.992434
0.992443
0.992451
0.99246
0.992469
0.992477
0.992486
0.992494
0.992503
0.992511
0.99252
0.992528
0.992537
0.992545
0.992554
0.992562
0.99257
0.992579
0.992587
0.992595
0.992603
0.992612
0.99262
0.992628
0.992636
0.992644
0.992653
0.992661
0.992669
0.992677
0.992685
0.992693
0.992701
0.992709
0.992717
0.992725
0.992733
0.992741
0.992749
0.992756
0.992764
0.992772
0.99278
0.992788
0.992796
0.992803
0.992811
0.992819
0.992826
0.992834
0.992842
0.992849
0.992857
0.992865
0.992872
0.99288
0.992887
0.992895
0.992902
0.99291
0.992917
0.992925
0.992932
0.99294
0.992947
0.992954
0.992962
0.992969
0.992976
0.992984
0.992991
0.992998
0.993005
0.993013
0.99302
0.993027
0.993034
0.993041
0.993048
0.993056
0.993063
0.99307
0.993077
0.993084
0.993091
0.993098
0.993105
0.993112
0.993119
0.993126
0.993133
0.99314
0.993147
0.993153
0.99316
0.993167
0.993174
0.993181
0.993188
0.993194
0.993201
0.993208
0.993215
0.993221
0.993228
0.993235
0.993241
0.993248
0.993255
0.993261
0.993268
0.993274
0.993281
0.993288
0.993294
0.993301
0.993307
0.993314
0.99332
0.993327
0.993333
0.993339
0.993346
0.993352
0.993359
0.993365
0.993371
0.993378
0.993384
0.99339
0.993397
0.993403
0.993409
0.993415
0.993422
0.993428
0.993434
0.99344
0.993446
0.993452
0.993459
0.993465
0.993471
0.993477
0.993483
0.993489
0.993495
0.993501
0.993507
0.993513
0.993519
0.993525
0.993531
0.993537
0.993543
0.993549
0.993555
0.993561
0.993567
0.993573
0.993578
0.993584
0.99359
0.993596
0.993602
0.993607
0.993613
0.993619
0.993625
0.99363
0.993636
0.993642
0.993648
0.993653
0.993659
0.993665
0.99367
0.993676
0.993681
0.993687
0.993693
0.993698
0.993704
0.993709
0.993715
0.99372
0.993726
0.993731
0.993737
0.993742
0.993748
0.993753
0.993759
0.993764
0.99377
0.993775
0.99378
0.993786
0.993791
0.993796
0.993802
0.993807
0.993812
0.993818
0.993823
0.993828
0.993833
0.993839
0.993844
0.993849
0.993854
0.99386
0.993865
0.99387
0.993875
0.99388
0.993885
0.993891
0.993896
0.993901
0.993906
0.993911
0.993916
0.993921
0.993926
0.993931
0.993936
0.993941
0.993946
0.993951
0.993956
0.993961
0.993966
0.993971
0.993976
0.993981
0.993986
0.993991
0.993996
0.994001
0.994005
0.99401
0.994015
0.99402
0.994025
0.99403
0.994034
0.994039
0.994044
0.994049
0.994054
0.994058
0.994063
0.994068
0.994072
0.994077
0.994082
0.994087
0.994091
0.994096
0.994101
0.994105
0.99411
0.994114
0.994119
0.994124
0.994128
0.994133
0.994137
0.994142
0.994147
0.994151
0.994156
0.99416
0.994165
0.994169
0.994174
0.994178
0.994183
0.994187
0.994192
0.994196
0.9942
0.994205
0.994209
0.994214
0.994218
0.994222
0.994227
0.994231
0.994236
0.99424
0.994244
0.994249
0.994253
0.994257
0.994261
0.994266
0.99427
0.994274
0.994279
0.994283
0.994287
0.994291
0.994296
0.9943
0.994304
0.994308
0.994312
0.994317
0.994321
0.994325
0.994329
0.994333
0.994337
0.994341
0.994346
0.99435
0.994354
0.994358
0.994362
0.994366
0.99437
0.994374
0.994378
0.994382
0.994386
0.99439
0.994394
0.994398
0.994402
0.994406
0.99441
0.994414
0.994418
0.994422
0.994426
0.99443
0.994434
0.994438
0.994442
0.994446
0.994449
0.994453
0.994457
0.994461
0.994465
0.994469
0.994473
0.994476
0.99448
0.994484
0.994488
0.994492
0.994496
0.994499
0.994503
0.994507
0.994511
0.994514
0.994518
0.994522
0.994526
0.994529
0.994533
0.994537
0.99454
0.994544
0.994548
0.994551
0.994555
0.994559
0.994562
0.994566
0.99457
0.994573
0.994577
0.994581
0.994584
0.994588
0.994591
0.994595
0.994599
0.994602
0.994606
0.994609
0.994613
0.994616
0.99462
0.994623
0.994627
0.99463
0.994634
0.994637
0.994641
0.994644
0.994648
0.994651
0.994655
0.994658
0.994662
0.994665
0.994669
0.994672
0.994675
0.994679
0.994682
0.994686
0.994689
0.994692
0.994696
0.994699
0.994702
0.994706
0.994709
0.994712
0.994716
0.994719
0.994722
0.994726
0.994729
0.994732
0.994736
0.994739
0.994742
0.994745
0.994749
0.994752
0.994755
0.994758
0.994762
0.994765
0.994768
0.994771
0.994775
0.994778
0.994781
0.994784
0.994787
0.994791
0.994794
0.994797
0.9948
0.994803
0.994806
0.994809
0.994813
0.994816
0.994819
0.994822
0.994825
0.994828
0.994831
0.994834
0.994837
0.99484
0.994844
0.994847
0.99485
0.994853
0.994856
0.994859
0.994862
0.994865
0.994868
0.994871
0.994874
0.994877
0.99488
0.994883
0.994886
0.994889
0.994892
0.994895
0.994898
0.994901
0.994904
0.994907
0.99491
0.994912
0.994915
0.994918
0.994921
0.994924
0.994927
0.99493
0.994933
0.994936
0.994939
0.994941
0.994944
0.994947
0.99495
0.994953
0.994956
0.994959
0.994961
0.994964
0.994967
0.99497
0.994973
0.994975
0.994978
0.994981
0.994984
0.994987
0.994989
0.994992
0.994995
0.994998
0.995
0.995003
0.995006
0.995009
0.995011
0.995014
0.995017
0.99502
0.995022
0.995025
0.995028
0.99503
0.995033
0.995036
0.995038
0.995041
0.995044
0.995046
0.995049
0.995052
0.995054
0.995057
0.99506
0.995062
0.995065
0.995067
0.99507
0.995073
0.995075
0.995078
0.995081
0.995083
0.995086
0.995088
0.995091
0.995093
0.995096
0.995099
0.995101
0.995104
0.995106
0.995109
0.995111
0.995114
0.995116
0.995119
0.995121
0.995124
0.995126
0.995129
0.995131
0.995134
0.995136
0.995139
0.995141
0.995144
0.995146
0.995149
0.995151
0.995154
0.995156
0.995159
0.995161
0.995163
0.995166
0.995168
0.995171
0.995173
0.995175
0.995178
0.99518
0.995183
0.995185
0.995187
0.99519
0.995192
0.995195
0.995197
0.995199
0.995202
0.995204
0.995206
0.995209
0.995211
0.995213
0.995216
0.995218
0.99522
0.995223
0.995225
0.995227
0.99523
0.995232
0.995234
0.995237
0.995239
0.995241
0.995243
0.995246
0.995248
0.99525
0.995252
0.995255
0.995257
0.995259
0.995261
0.995264
0.995266
0.995268
0.99527
0.995273
0.995275
0.995277
0.995279
0.995281
0.995284
0.995286
0.995288
0.99529
0.995292
0.995295
0.995297
0.995299
0.995301
0.995303
0.995305
0.995308
0.99531
0.995312
0.995314
0.995316
0.995318
0.99532
0.995323
0.995325
0.995327
0.995329
0.995331
0.995333
0.995335
0.995337
0.995339
0.995342
0.995344
0.995346
0.995348
0.99535
0.995352
0.995354
0.995356
0.995358
0.99536
0.995362
0.995364
0.995366
0.995368
0.99537
0.995373
0.995375
0.995377
0.995379
0.995381
0.995383
0.995385
0.995387
0.995389
0.995391
0.995393
0.995395
0.995397
0.995399
0.995401
0.995403
0.995405
0.995407
0.995408
0.99541
0.995412
0.995414
0.995416
0.995418
0.99542
0.995422
0.995424
0.995426
0.995428
0.99543
0.995432
0.995434
0.995436
0.995438
0.995439
0.995441
0.995443
0.995445
0.995447
0.995449
0.995451
0.995453
0.995455
0.995457
0.995458
0.99546
0.995462
0.995464
0.995466
0.995468
0.99547
0.995471
0.995473
0.995475
0.995477
0.995479
0.995481
0.995482
0.995484
0.995486
0.995488
0.99549
0.995492
0.995493
0.995495
0.995497
0.995499
0.995501
0.995502
0.995504
0.995506
0.995508
0.99551
0.995511
0.995513
0.995515
0.995517
0.995518
0.99552
0.995522
0.995524
0.995525
0.995527
0.995529
0.995531
0.995532
0.995534
0.995536
0.995538
0.995539
0.995541
0.995543
0.995544
0.995546
0.995548
0.99555
0.995551
0.995553
0.995555
0.995556
0.995558
0.99556
0.995561
0.995563
0.995565
0.995566
0.995568
0.99557
0.995572
0.995573
0.995575
0.995576
0.995578
0.99558
0.995581
0.995583
0.995585
0.995586
0.995588
0.99559
