5.51581e+07	0
5.67819e+07	4.87144e+06
5.81207e+07	8.88807e+06
5.92883e+07	1.23907e+07
6.03295e+07	1.55145e+07
6.12536e+07	1.82867e+07
6.20959e+07	2.08137e+07
6.28907e+07	2.31979e+07
6.3641e+07	2.54489e+07
6.43491e+07	2.75732e+07
6.50167e+07	2.95758e+07
6.56448e+07	3.14602e+07
6.62345e+07	3.32293e+07
6.68174e+07	3.49781e+07
6.73634e+07	3.66161e+07
6.7904e+07	3.82377e+07
6.84085e+07	3.97514e+07
6.89086e+07	4.12516e+07
6.94045e+07	4.27394e+07
6.98655e+07	4.41222e+07
7.03228e+07	4.54943e+07
7.07769e+07	4.68566e+07
7.11966e+07	4.81157e+07
7.16134e+07	4.9366e+07
7.20274e+07	5.06081e+07
7.24389e+07	5.18424e+07
7.28479e+07	5.30695e+07
7.32232e+07	5.41953e+07
7.35962e+07	5.53144e+07
7.39671e+07	5.64272e+07
7.4336e+07	5.75338e+07
7.46714e+07	5.85401e+07
7.50365e+07	5.96354e+07
7.53682e+07	6.06306e+07
7.56982e+07	6.16206e+07
7.60266e+07	6.26056e+07
7.63533e+07	6.35857e+07
7.66785e+07	6.45612e+07
7.70021e+07	6.55322e+07
7.73243e+07	6.64988e+07
7.76134e+07	6.73661e+07
7.79011e+07	6.82292e+07
7.82192e+07	6.91834e+07
7.85043e+07	7.00386e+07
7.8788e+07	7.08899e+07
7.90705e+07	7.17374e+07
7.93518e+07	7.25814e+07
7.9632e+07	7.34217e+07
7.99109e+07	7.42586e+07
8.0157e+07	7.49967e+07
8.04337e+07	7.58269e+07
8.06775e+07	7.65583e+07
8.09521e+07	7.7382e+07
8.11937e+07	7.8107e+07
8.14663e+07	7.89246e+07
8.17059e+07	7.96435e+07
8.19445e+07	8.03595e+07
8.21822e+07	8.10725e+07
8.24189e+07	8.17826e+07
8.26547e+07	8.24899e+07
8.28895e+07	8.31944e+07
8.31235e+07	8.38962e+07
8.33565e+07	8.45953e+07
8.35887e+07	8.52918e+07
8.3788e+07	8.58897e+07
8.40184e+07	8.6581e+07
8.4248e+07	8.72698e+07
8.44448e+07	8.78601e+07
8.46727e+07	8.85439e+07
8.48678e+07	8.91292e+07
8.50941e+07	8.98082e+07
8.52877e+07	9.03888e+07
8.54804e+07	9.0967e+07
8.57044e+07	9.1639e+07
8.58956e+07	9.22126e+07
8.6086e+07	9.27839e+07
8.63078e+07	9.34492e+07
8.64967e+07	9.40161e+07
8.6685e+07	9.45808e+07
8.68725e+07	9.51433e+07
8.70593e+07	9.57037e+07
8.72454e+07	9.6262e+07
8.74308e+07	9.68182e+07
8.76155e+07	9.73723e+07
8.77995e+07	9.79244e+07
8.79829e+07	9.84745e+07
8.81334e+07	9.89262e+07
8.83155e+07	9.94723e+07
8.84969e+07	1.00016e+08
8.86776e+07	1.00559e+08
8.88255e+07	1.01002e+08
8.9005e+07	1.01541e+08
8.91838e+07	1.02077e+08
8.93299e+07	1.02515e+08
8.95075e+07	1.03048e+08
8.96523e+07	1.03483e+08
8.98286e+07	1.04012e+08
8.99722e+07	1.04443e+08
9.01474e+07	1.04968e+08
9.02898e+07	1.05395e+08
9.04639e+07	1.05917e+08
9.06051e+07	1.06341e+08
9.0778e+07	1.0686e+08
9.09181e+07	1.0728e+08
9.10576e+07	1.07699e+08
9.12288e+07	1.08212e+08
9.13672e+07	1.08627e+08
9.1505e+07	1.09041e+08
9.16423e+07	1.09453e+08
9.17791e+07	1.09863e+08
9.19476e+07	1.10369e+08
9.20833e+07	1.10776e+08
9.22185e+07	1.11181e+08
9.23531e+07	1.11585e+08
9.24872e+07	1.11987e+08
9.26208e+07	1.12388e+08
9.27539e+07	1.12788e+08
9.28865e+07	1.13185e+08
9.30186e+07	1.13582e+08
9.31502e+07	1.13976e+08
9.32813e+07	1.1437e+08
9.34119e+07	1.14761e+08
9.3542e+07	1.15152e+08
9.36716e+07	1.15541e+08
9.38008e+07	1.15928e+08
9.39295e+07	1.16314e+08
9.40577e+07	1.16699e+08
9.41854e+07	1.17082e+08
9.42803e+07	1.17367e+08
9.44071e+07	1.17747e+08
9.45335e+07	1.18126e+08
9.46594e+07	1.18504e+08
9.47849e+07	1.1888e+08
9.48775e+07	1.19158e+08
9.50021e+07	1.19532e+08
9.51262e+07	1.19904e+08
9.52175e+07	1.20178e+08
9.53407e+07	1.20548e+08
9.54636e+07	1.20917e+08
9.55535e+07	1.21186e+08
9.56755e+07	1.21552e+08
9.57971e+07	1.21917e+08
9.58858e+07	1.22183e+08
9.60065e+07	1.22545e+08
9.60944e+07	1.22809e+08
9.62143e+07	1.23169e+08
9.63338e+07	1.23527e+08
9.64205e+07	1.23787e+08
9.65392e+07	1.24143e+08
9.66251e+07	1.24401e+08
9.6743e+07	1.24755e+08
9.68281e+07	1.2501e+08
9.69452e+07	1.25361e+08
9.70295e+07	1.25614e+08
9.71134e+07	1.25866e+08
9.72294e+07	1.26214e+08
9.73125e+07	1.26463e+08
9.74278e+07	1.26809e+08
9.75102e+07	1.27056e+08
9.75922e+07	1.27302e+08
9.77063e+07	1.27645e+08
9.77876e+07	1.27889e+08
9.79011e+07	1.28229e+08
9.79816e+07	1.28471e+08
9.80618e+07	1.28711e+08
9.81742e+07	1.29048e+08
9.82537e+07	1.29287e+08
9.83328e+07	1.29524e+08
9.84116e+07	1.29761e+08
9.85226e+07	1.30094e+08
9.86007e+07	1.30328e+08
9.86785e+07	1.30561e+08
9.87559e+07	1.30794e+08
9.88656e+07	1.31123e+08
9.89424e+07	1.31353e+08
9.90188e+07	1.31582e+08
9.90949e+07	1.3181e+08
9.91707e+07	1.32038e+08
9.92787e+07	1.32362e+08
9.93538e+07	1.32587e+08
9.94287e+07	1.32812e+08
9.95032e+07	1.33035e+08
9.95773e+07	1.33258e+08
9.96512e+07	1.33479e+08
9.97248e+07	1.337e+08
9.98306e+07	1.34018e+08
9.99036e+07	1.34237e+08
9.99762e+07	1.34455e+08
1.00049e+08	1.34672e+08
1.00121e+08	1.34888e+08
1.00192e+08	1.35103e+08
1.00264e+08	1.35317e+08
1.00335e+08	1.35531e+08
1.00406e+08	1.35743e+08
1.00476e+08	1.35955e+08
1.00547e+08	1.36166e+08
1.00617e+08	1.36376e+08
1.00687e+08	1.36585e+08
1.00756e+08	1.36794e+08
1.00825e+08	1.37001e+08
1.00894e+08	1.37208e+08
1.00963e+08	1.37414e+08
1.01031e+08	1.37619e+08
1.01099e+08	1.37823e+08
1.01167e+08	1.38027e+08
1.01234e+08	1.38229e+08
1.01302e+08	1.38431e+08
1.01369e+08	1.38632e+08
1.01436e+08	1.38832e+08
1.01502e+08	1.39032e+08
1.01568e+08	1.39231e+08
1.01634e+08	1.39429e+08
1.01667e+08	1.39528e+08
1.01733e+08	1.39724e+08
1.01798e+08	1.3992e+08
1.01863e+08	1.40115e+08
1.01928e+08	1.40309e+08
1.01992e+08	1.40503e+08
1.02057e+08	1.40696e+08
1.02121e+08	1.40888e+08
1.02152e+08	1.40981e+08
1.02215e+08	1.41171e+08
1.02279e+08	1.41361e+08
1.02342e+08	1.41551e+08
1.02404e+08	1.41739e+08
1.02467e+08	1.41927e+08
1.02497e+08	1.42016e+08
1.02559e+08	1.42202e+08
1.02621e+08	1.42388e+08
1.02682e+08	1.42573e+08
1.02744e+08	1.42758e+08
1.02772e+08	1.42843e+08
1.02834e+08	1.43026e+08
1.02894e+08	1.43209e+08
1.02955e+08	1.43391e+08
1.02983e+08	1.43474e+08
1.03043e+08	1.43654e+08
1.03103e+08	1.43834e+08
1.03162e+08	1.44013e+08
1.03189e+08	1.44094e+08
1.03249e+08	1.44272e+08
1.03308e+08	1.44449e+08
1.03334e+08	1.44528e+08
1.03393e+08	1.44704e+08
1.03451e+08	1.44879e+08
1.03509e+08	1.45054e+08
1.03535e+08	1.4513e+08
1.03593e+08	1.45304e+08
1.03651e+08	1.45477e+08
1.03675e+08	1.45552e+08
1.03733e+08	1.45724e+08
1.0379e+08	1.45895e+08
1.03814e+08	1.45968e+08
1.03871e+08	1.46138e+08
1.03927e+08	1.46308e+08
1.03951e+08	1.46379e+08
1.04007e+08	1.46547e+08
1.04063e+08	1.46716e+08
1.04086e+08	1.46785e+08
1.04142e+08	1.46952e+08
1.04197e+08	1.47118e+08
1.0422e+08	1.47186e+08
1.04275e+08	1.47351e+08
1.04297e+08	1.47418e+08
1.04352e+08	1.47582e+08
1.04407e+08	1.47746e+08
1.04428e+08	1.47811e+08
1.04483e+08	1.47974e+08
1.04504e+08	1.48038e+08
1.04558e+08	1.482e+08
1.04612e+08	1.48361e+08
1.04632e+08	1.48423e+08
1.04686e+08	1.48584e+08
1.04706e+08	1.48645e+08
1.0476e+08	1.48804e+08
1.0478e+08	1.48865e+08
1.04832e+08	1.49023e+08
1.04885e+08	1.49181e+08
1.04905e+08	1.4924e+08
1.04957e+08	1.49397e+08
1.04976e+08	1.49455e+08
1.05028e+08	1.49611e+08
1.05047e+08	1.49668e+08
1.05099e+08	1.49823e+08
1.05118e+08	1.4988e+08
1.05169e+08	1.50034e+08
1.05188e+08	1.50089e+08
1.05239e+08	1.50243e+08
1.05257e+08	1.50297e+08
1.05308e+08	1.50449e+08
1.05326e+08	1.50503e+08
1.05376e+08	1.50655e+08
1.05394e+08	1.50707e+08
1.05444e+08	1.50858e+08
1.05461e+08	1.5091e+08
1.05511e+08	1.5106e+08
1.05528e+08	1.51111e+08
1.05578e+08	1.5126e+08
1.05595e+08	1.5131e+08
1.05644e+08	1.51458e+08
1.05661e+08	1.51508e+08
1.0571e+08	1.51655e+08
1.05726e+08	1.51704e+08
1.05775e+08	1.5185e+08
1.05791e+08	1.51898e+08
1.05839e+08	1.52044e+08
1.05855e+08	1.52091e+08
1.05903e+08	1.52236e+08
1.05919e+08	1.52283e+08
1.05934e+08	1.52328e+08
1.05982e+08	1.52472e+08
1.05997e+08	1.52518e+08
1.06045e+08	1.52661e+08
1.0606e+08	1.52705e+08
1.06107e+08	1.52848e+08
1.06122e+08	1.52891e+08
1.06136e+08	1.52935e+08
1.06183e+08	1.53076e+08
1.06198e+08	1.53119e+08
1.06245e+08	1.5326e+08
1.06259e+08	1.53301e+08
1.06305e+08	1.53441e+08
1.06319e+08	1.53483e+08
1.06333e+08	1.53524e+08
1.06379e+08	1.53663e+08
1.06392e+08	1.53703e+08
1.06438e+08	1.53841e+08
1.06452e+08	1.53881e+08
1.06465e+08	1.5392e+08
1.06511e+08	1.54057e+08
1.06523e+08	1.54096e+08
1.06536e+08	1.54134e+08
1.06582e+08	1.54271e+08
1.06594e+08	1.54308e+08
1.06639e+08	1.54444e+08
1.06652e+08	1.54481e+08
1.06664e+08	1.54518e+08
1.06709e+08	1.54652e+08
1.06721e+08	1.54689e+08
1.06733e+08	1.54724e+08
1.06777e+08	1.54858e+08
1.06789e+08	1.54893e+08
1.06834e+08	1.55027e+08
1.06845e+08	1.55061e+08
1.06857e+08	1.55096e+08
1.06901e+08	1.55228e+08
1.06912e+08	1.55262e+08
1.06923e+08	1.55295e+08
1.06967e+08	1.55427e+08
1.06978e+08	1.5546e+08
1.06989e+08	1.55492e+08
1.07032e+08	1.55623e+08
1.07043e+08	1.55655e+08
1.07054e+08	1.55687e+08
1.07097e+08	1.55817e+08
1.07107e+08	1.55848e+08
1.07118e+08	1.55879e+08
1.07161e+08	1.56008e+08
1.07171e+08	1.56039e+08
1.07181e+08	1.56069e+08
1.07224e+08	1.56197e+08
1.07234e+08	1.56227e+08
1.07244e+08	1.56256e+08
1.07286e+08	1.56384e+08
1.07296e+08	1.56413e+08
1.07305e+08	1.56442e+08
1.07315e+08	1.5647e+08
1.07357e+08	1.56597e+08
1.07366e+08	1.56625e+08
1.07375e+08	1.56652e+08
1.07418e+08	1.56778e+08
1.07427e+08	1.56806e+08
1.07436e+08	1.56833e+08
1.07477e+08	1.56958e+08
1.07486e+08	1.56984e+08
1.07495e+08	1.57011e+08
1.07504e+08	1.57037e+08
1.07545e+08	1.57161e+08
1.07554e+08	1.57187e+08
1.07562e+08	1.57212e+08
1.0757e+08	1.57237e+08
1.07612e+08	1.57361e+08
1.0762e+08	1.57385e+08
1.07628e+08	1.5741e+08
1.07669e+08	1.57533e+08
1.07677e+08	1.57557e+08
1.07685e+08	1.57581e+08
1.07693e+08	1.57604e+08
1.07733e+08	1.57726e+08
1.07741e+08	1.5775e+08
1.07749e+08	1.57773e+08
1.07756e+08	1.57795e+08
1.07797e+08	1.57917e+08
1.07804e+08	1.57939e+08
1.07812e+08	1.57961e+08
1.07819e+08	1.57983e+08
1.07859e+08	1.58104e+08
1.07867e+08	1.58125e+08
1.07874e+08	1.58147e+08
1.07881e+08	1.58168e+08
1.07921e+08	1.58288e+08
1.07928e+08	1.58309e+08
1.07934e+08	1.58329e+08
1.07941e+08	1.5835e+08
1.07981e+08	1.58469e+08
1.07988e+08	1.58489e+08
1.07994e+08	1.58509e+08
1.08001e+08	1.58528e+08
1.0804e+08	1.58647e+08
1.08047e+08	1.58666e+08
1.08053e+08	1.58686e+08
1.0806e+08	1.58705e+08
1.08099e+08	1.58822e+08
1.08105e+08	1.58841e+08
1.08111e+08	1.5886e+08
1.08117e+08	1.58878e+08
1.08123e+08	1.58896e+08
1.08162e+08	1.59013e+08
1.08168e+08	1.59031e+08
1.08174e+08	1.59049e+08
1.0818e+08	1.59066e+08
1.08186e+08	1.59083e+08
1.08225e+08	1.59199e+08
1.0823e+08	1.59217e+08
1.08236e+08	1.59233e+08
1.08241e+08	1.5925e+08
1.0828e+08	1.59365e+08
1.08285e+08	1.59382e+08
1.08291e+08	1.59398e+08
1.08296e+08	1.59415e+08
1.08302e+08	1.5943e+08
1.0834e+08	1.59545e+08
1.08345e+08	1.59561e+08
1.0835e+08	1.59577e+08
1.08355e+08	1.59592e+08
1.0836e+08	1.59607e+08
1.08398e+08	1.59721e+08
1.08403e+08	1.59736e+08
1.08408e+08	1.59751e+08
1.08413e+08	1.59766e+08
1.08418e+08	1.5978e+08
1.08423e+08	1.59795e+08
1.08461e+08	1.59908e+08
1.08465e+08	1.59922e+08
1.0847e+08	1.59936e+08
1.08475e+08	1.5995e+08
1.08479e+08	1.59964e+08
1.08517e+08	1.60076e+08
1.08521e+08	1.6009e+08
1.08526e+08	1.60103e+08
1.0853e+08	1.60117e+08
1.08535e+08	1.6013e+08
1.08539e+08	1.60143e+08
1.08576e+08	1.60255e+08
1.08581e+08	1.60267e+08
1.08585e+08	1.6028e+08
1.08589e+08	1.60293e+08
1.08593e+08	1.60305e+08
1.0863e+08	1.60416e+08
1.08634e+08	1.60428e+08
1.08638e+08	1.6044e+08
1.08642e+08	1.60452e+08
1.08646e+08	1.60464e+08
1.0865e+08	1.60476e+08
1.08687e+08	1.60586e+08
1.08691e+08	1.60598e+08
1.08695e+08	1.60609e+08
1.08698e+08	1.60621e+08
1.08702e+08	1.60632e+08
1.08706e+08	1.60643e+08
1.08709e+08	1.60654e+08
1.08746e+08	1.60763e+08
1.0875e+08	1.60774e+08
1.08753e+08	1.60785e+08
1.08757e+08	1.60796e+08
1.0876e+08	1.60806e+08
1.08763e+08	1.60816e+08
1.088e+08	1.60925e+08
1.08803e+08	1.60936e+08
1.08807e+08	1.60946e+08
1.0881e+08	1.60956e+08
1.08813e+08	1.60965e+08
1.08816e+08	1.60975e+08
1.0882e+08	1.60985e+08
1.08856e+08	1.61093e+08
1.08859e+08	1.61103e+08
1.08862e+08	1.61112e+08
1.08865e+08	1.61121e+08
1.08868e+08	1.61131e+08
1.08871e+08	1.6114e+08
1.08874e+08	1.61148e+08
1.0891e+08	1.61256e+08
1.08913e+08	1.61265e+08
1.08916e+08	1.61274e+08
1.08919e+08	1.61283e+08
1.08922e+08	1.61291e+08
1.08925e+08	1.613e+08
1.08927e+08	1.61308e+08
1.08963e+08	1.61415e+08
1.08966e+08	1.61424e+08
1.08969e+08	1.61432e+08
1.08971e+08	1.6144e+08
1.08974e+08	1.61448e+08
1.08977e+08	1.61456e+08
1.08979e+08	1.61464e+08
1.08982e+08	1.61471e+08
1.09017e+08	1.61578e+08
1.0902e+08	1.61585e+08
1.09022e+08	1.61593e+08
1.09025e+08	1.61601e+08
1.09027e+08	1.61608e+08
1.0903e+08	1.61615e+08
1.09032e+08	1.61622e+08
1.09034e+08	1.61629e+08
1.0907e+08	1.61735e+08
1.09072e+08	1.61742e+08
1.09075e+08	1.61749e+08
1.09077e+08	1.61756e+08
1.09079e+08	1.61763e+08
1.09081e+08	1.6177e+08
1.09084e+08	1.61776e+08
1.09086e+08	1.61783e+08
1.09088e+08	1.61789e+08
1.09123e+08	1.61895e+08
1.09125e+08	1.61901e+08
1.09127e+08	1.61908e+08
1.09129e+08	1.61914e+08
1.09131e+08	1.6192e+08
1.09133e+08	1.61926e+08
1.09135e+08	1.61932e+08
1.09137e+08	1.61938e+08
1.09139e+08	1.61944e+08
1.09174e+08	1.62049e+08
1.09176e+08	1.62055e+08
1.09178e+08	1.6206e+08
1.0918e+08	1.62066e+08
1.09182e+08	1.62072e+08
1.09184e+08	1.62077e+08
1.09186e+08	1.62083e+08
1.09187e+08	1.62088e+08
1.09189e+08	1.62093e+08
1.09224e+08	1.62197e+08
1.09226e+08	1.62203e+08
1.09227e+08	1.62208e+08
1.09229e+08	1.62214e+08
1.09231e+08	1.62219e+08
1.09233e+08	1.62224e+08
1.09234e+08	1.62229e+08
1.09236e+08	1.62234e+08
1.09238e+08	1.62238e+08
1.09239e+08	1.62243e+08
1.09241e+08	1.62248e+08
1.09275e+08	1.62352e+08
1.09277e+08	1.62356e+08
1.09278e+08	1.62361e+08
1.0928e+08	1.62366e+08
1.09282e+08	1.6237e+08
1.09283e+08	1.62375e+08
1.09284e+08	1.62379e+08
1.09286e+08	1.62384e+08
1.09287e+08	1.62388e+08
1.09289e+08	1.62392e+08
1.09323e+08	1.62495e+08
1.09325e+08	1.62499e+08
1.09326e+08	1.62504e+08
1.09327e+08	1.62508e+08
1.09329e+08	1.62512e+08
1.0933e+08	1.62516e+08
1.09331e+08	1.6252e+08
1.09333e+08	1.62524e+08
1.09334e+08	1.62528e+08
1.09335e+08	1.62531e+08
1.09336e+08	1.62535e+08
1.09338e+08	1.62539e+08
1.09372e+08	1.62641e+08
1.09373e+08	1.62645e+08
1.09374e+08	1.62649e+08
1.09376e+08	1.62653e+08
1.09377e+08	1.62656e+08
1.09378e+08	1.6266e+08
1.09379e+08	1.62663e+08
1.0938e+08	1.62667e+08
1.09381e+08	1.6267e+08
1.09383e+08	1.62673e+08
1.09384e+08	1.62677e+08
1.09385e+08	1.6268e+08
1.09419e+08	1.62782e+08
1.0942e+08	1.62785e+08
1.09421e+08	1.62789e+08
1.09422e+08	1.62792e+08
1.09423e+08	1.62795e+08
1.09424e+08	1.62798e+08
1.09425e+08	1.62801e+08
1.09426e+08	1.62804e+08
1.09427e+08	1.62807e+08
1.09428e+08	1.6281e+08
1.09429e+08	1.62813e+08
1.0943e+08	1.62816e+08
1.09431e+08	1.62818e+08
1.09432e+08	1.62821e+08
1.09466e+08	1.62923e+08
1.09467e+08	1.62926e+08
1.09468e+08	1.62928e+08
1.09468e+08	1.62931e+08
1.09469e+08	1.62934e+08
1.0947e+08	1.62937e+08
1.09471e+08	1.62939e+08
1.09472e+08	1.62942e+08
1.09473e+08	1.62944e+08
1.09474e+08	1.62947e+08
1.09474e+08	1.62949e+08
1.09475e+08	1.62951e+08
1.09476e+08	1.62954e+08
1.09477e+08	1.62956e+08
1.09477e+08	1.62958e+08
1.09511e+08	1.63059e+08
1.09512e+08	1.63062e+08
1.09513e+08	1.63064e+08
1.09514e+08	1.63067e+08
1.09514e+08	1.63069e+08
1.09515e+08	1.63071e+08
1.09516e+08	1.63074e+08
1.09517e+08	1.63076e+08
1.09517e+08	1.63078e+08
1.09518e+08	1.6308e+08
1.09519e+08	1.63082e+08
1.09519e+08	1.63084e+08
1.0952e+08	1.63086e+08
1.09521e+08	1.63088e+08
1.09521e+08	1.63089e+08
1.09522e+08	1.63091e+08
1.09555e+08	1.63192e+08
1.09556e+08	1.63194e+08
1.09557e+08	1.63196e+08
1.09557e+08	1.63198e+08
1.09558e+08	1.632e+08
1.09559e+08	1.63202e+08
1.09559e+08	1.63204e+08
1.0956e+08	1.63206e+08
1.09561e+08	1.63208e+08
1.09561e+08	1.63209e+08
1.09562e+08	1.63211e+08
1.09562e+08	1.63213e+08
1.09563e+08	1.63214e+08
1.09563e+08	1.63216e+08
1.09564e+08	1.63217e+08
1.09564e+08	1.63219e+08
1.09565e+08	1.6322e+08
1.09565e+08	1.63221e+08
1.09599e+08	1.63322e+08
1.09599e+08	1.63324e+08
1.096e+08	1.63325e+08
1.096e+08	1.63327e+08
1.09601e+08	1.63329e+08
1.09601e+08	1.6333e+08
1.09602e+08	1.63332e+08
1.09603e+08	1.63333e+08
1.09603e+08	1.63335e+08
1.09603e+08	1.63336e+08
1.09604e+08	1.63338e+08
1.09604e+08	1.63339e+08
1.09605e+08	1.6334e+08
1.09605e+08	1.63341e+08
1.09606e+08	1.63343e+08
1.09606e+08	1.63344e+08
1.09606e+08	1.63345e+08
1.09607e+08	1.63346e+08
1.09607e+08	1.63347e+08
1.09607e+08	1.63348e+08
1.09641e+08	1.63448e+08
1.09641e+08	1.6345e+08
1.09642e+08	1.63451e+08
1.09642e+08	1.63453e+08
1.09643e+08	1.63454e+08
1.09643e+08	1.63455e+08
1.09644e+08	1.63456e+08
1.09644e+08	1.63458e+08
1.09644e+08	1.63459e+08
1.09645e+08	1.6346e+08
1.09645e+08	1.63461e+08
1.09645e+08	1.63462e+08
1.09646e+08	1.63463e+08
1.09646e+08	1.63464e+08
1.09646e+08	1.63465e+08
1.09647e+08	1.63466e+08
1.09647e+08	1.63467e+08
1.09647e+08	1.63468e+08
1.09648e+08	1.63469e+08
1.09648e+08	1.6347e+08
1.09648e+08	1.63471e+08
1.09649e+08	1.63471e+08
1.09649e+08	1.63472e+08
1.09649e+08	1.63473e+08
1.09682e+08	1.63573e+08
1.09683e+08	1.63574e+08
1.09683e+08	1.63575e+08
1.09683e+08	1.63576e+08
1.09684e+08	1.63577e+08
1.09684e+08	1.63578e+08
1.09684e+08	1.63579e+08
1.09685e+08	1.6358e+08
1.09685e+08	1.63581e+08
1.09685e+08	1.63582e+08
1.09686e+08	1.63583e+08
1.09686e+08	1.63584e+08
1.09686e+08	1.63585e+08
1.09687e+08	1.63585e+08
1.09687e+08	1.63586e+08
1.09687e+08	1.63587e+08
1.09687e+08	1.63588e+08
1.09688e+08	1.63588e+08
1.09688e+08	1.63589e+08
1.09688e+08	1.6359e+08
1.09688e+08	1.6359e+08
1.09688e+08	1.63591e+08
1.09689e+08	1.63592e+08
1.09689e+08	1.63592e+08
1.09689e+08	1.63593e+08
1.09689e+08	1.63593e+08
1.09689e+08	1.63594e+08
1.09722e+08	1.63693e+08
1.09723e+08	1.63694e+08
1.09723e+08	1.63695e+08
1.09723e+08	1.63696e+08
1.09724e+08	1.63697e+08
1.09724e+08	1.63698e+08
1.09724e+08	1.63698e+08
1.09724e+08	1.63699e+08
1.09725e+08	1.637e+08
1.09725e+08	1.63701e+08
1.09725e+08	1.63701e+08
1.09725e+08	1.63702e+08
1.09726e+08	1.63703e+08
1.09726e+08	1.63704e+08
1.09726e+08	1.63704e+08
1.09726e+08	1.63705e+08
1.09727e+08	1.63705e+08
1.09727e+08	1.63706e+08
1.09727e+08	1.63707e+08
1.09727e+08	1.63707e+08
1.09727e+08	1.63708e+08
1.09727e+08	1.63708e+08
1.09728e+08	1.63709e+08
1.09728e+08	1.63709e+08
1.09728e+08	1.6371e+08
1.09728e+08	1.6371e+08
1.09728e+08	1.6371e+08
1.09728e+08	1.63711e+08
1.09728e+08	1.63711e+08
1.09729e+08	1.63712e+08
1.09729e+08	1.63712e+08
1.09729e+08	1.63712e+08
1.09729e+08	1.63713e+08
1.09729e+08	1.63713e+08
1.09762e+08	1.63813e+08
1.09762e+08	1.63813e+08
1.09763e+08	1.63814e+08
1.09763e+08	1.63815e+08
1.09763e+08	1.63815e+08
1.09763e+08	1.63816e+08
1.09764e+08	1.63817e+08
1.09764e+08	1.63818e+08
1.09764e+08	1.63818e+08
1.09764e+08	1.63819e+08
1.09765e+08	1.63819e+08
1.09765e+08	1.6382e+08
1.09765e+08	1.63821e+08
1.09765e+08	1.63821e+08
1.09765e+08	1.63822e+08
1.09765e+08	1.63822e+08
1.09766e+08	1.63823e+08
1.09766e+08	1.63823e+08
1.09766e+08	1.63824e+08
1.09766e+08	1.63824e+08
1.09766e+08	1.63825e+08
1.09766e+08	1.63825e+08
1.09767e+08	1.63826e+08
1.09767e+08	1.63826e+08
1.09767e+08	1.63827e+08
1.09767e+08	1.63827e+08
1.09767e+08	1.63827e+08
1.09767e+08	1.63828e+08
1.09767e+08	1.63828e+08
1.09768e+08	1.63829e+08
1.09768e+08	1.63829e+08
1.09768e+08	1.63829e+08
1.09768e+08	1.6383e+08
1.09768e+08	1.6383e+08
1.09768e+08	1.6383e+08
1.09768e+08	1.63831e+08
1.09768e+08	1.63831e+08
1.09768e+08	1.63831e+08
1.09769e+08	1.63831e+08
1.09769e+08	1.63832e+08
1.09769e+08	1.63832e+08
1.09769e+08	1.63832e+08
1.09769e+08	1.63833e+08
1.09769e+08	1.63833e+08
1.09802e+08	1.63932e+08
1.09802e+08	1.63933e+08
1.09803e+08	1.63934e+08
1.09803e+08	1.63934e+08
1.09803e+08	1.63935e+08
1.09803e+08	1.63936e+08
1.09803e+08	1.63936e+08
1.09804e+08	1.63937e+08
1.09804e+08	1.63937e+08
1.09804e+08	1.63938e+08
1.09804e+08	1.63939e+08
1.09804e+08	1.63939e+08
1.09805e+08	1.6394e+08
1.09805e+08	1.6394e+08
1.09805e+08	1.63941e+08
1.09805e+08	1.63942e+08
1.09805e+08	1.63942e+08
1.09806e+08	1.63943e+08
1.09806e+08	1.63943e+08
1.09806e+08	1.63944e+08
1.09806e+08	1.63944e+08
1.09806e+08	1.63945e+08
1.09806e+08	1.63945e+08
1.09807e+08	1.63946e+08
1.09807e+08	1.63946e+08
1.09807e+08	1.63947e+08
1.09807e+08	1.63947e+08
1.09807e+08	1.63948e+08
1.09807e+08	1.63948e+08
1.09808e+08	1.63949e+08
1.09808e+08	1.63949e+08
1.09808e+08	1.6395e+08
1.09808e+08	1.6395e+08
1.09808e+08	1.6395e+08
1.09808e+08	1.63951e+08
1.09808e+08	1.63951e+08
1.09809e+08	1.63952e+08
1.09809e+08	1.63952e+08
1.09809e+08	1.63952e+08
1.09809e+08	1.63953e+08
1.09809e+08	1.63953e+08
1.09809e+08	1.63954e+08
1.09809e+08	1.63954e+08
1.0981e+08	1.63954e+08
1.0981e+08	1.63955e+08
1.0981e+08	1.63955e+08
1.0981e+08	1.63955e+08
1.0981e+08	1.63956e+08
1.0981e+08	1.63956e+08
1.0981e+08	1.63957e+08
1.0981e+08	1.63957e+08
1.0981e+08	1.63957e+08
1.09811e+08	1.63958e+08
1.09811e+08	1.63958e+08
1.09811e+08	1.63958e+08
1.09811e+08	1.63959e+08
1.09811e+08	1.63959e+08
1.09811e+08	1.63959e+08
1.09811e+08	1.6396e+08
1.09811e+08	1.6396e+08
1.09811e+08	1.6396e+08
1.09812e+08	1.63961e+08
1.09812e+08	1.63961e+08
1.09812e+08	1.63961e+08
1.09812e+08	1.63961e+08
1.09845e+08	1.64061e+08
1.09845e+08	1.64062e+08
1.09846e+08	1.64062e+08
1.09846e+08	1.64063e+08
1.09846e+08	1.64064e+08
1.09846e+08	1.64065e+08
1.09847e+08	1.64065e+08
1.09847e+08	1.64066e+08
1.09847e+08	1.64067e+08
1.09847e+08	1.64068e+08
1.09848e+08	1.64068e+08
1.09848e+08	1.64069e+08
1.09848e+08	1.6407e+08
1.09848e+08	1.64071e+08
1.09848e+08	1.64071e+08
1.09849e+08	1.64072e+08
1.09849e+08	1.64073e+08
1.09849e+08	1.64073e+08
1.09849e+08	1.64074e+08
1.0985e+08	1.64075e+08
1.0985e+08	1.64076e+08
1.0985e+08	1.64076e+08
1.0985e+08	1.64077e+08
1.09851e+08	1.64078e+08
1.09851e+08	1.64078e+08
1.09851e+08	1.64079e+08
1.09851e+08	1.6408e+08
1.09852e+08	1.6408e+08
1.09852e+08	1.64081e+08
1.09852e+08	1.64082e+08
1.09852e+08	1.64082e+08
1.09852e+08	1.64083e+08
1.09853e+08	1.64084e+08
1.09853e+08	1.64084e+08
1.09853e+08	1.64085e+08
1.09853e+08	1.64086e+08
1.09854e+08	1.64086e+08
1.09854e+08	1.64087e+08
1.09854e+08	1.64088e+08
1.09854e+08	1.64088e+08
1.09854e+08	1.64089e+08
1.09855e+08	1.6409e+08
1.09855e+08	1.6409e+08
1.09855e+08	1.64091e+08
1.09855e+08	1.64092e+08
1.09856e+08	1.64092e+08
1.09856e+08	1.64093e+08
1.09856e+08	1.64094e+08
1.09856e+08	1.64094e+08
1.09856e+08	1.64095e+08
1.09857e+08	1.64096e+08
1.09857e+08	1.64096e+08
1.09857e+08	1.64097e+08
1.09857e+08	1.64098e+08
1.09857e+08	1.64098e+08
1.09858e+08	1.64099e+08
1.09858e+08	1.641e+08
1.09858e+08	1.641e+08
1.09858e+08	1.64101e+08
1.09859e+08	1.64101e+08
1.09859e+08	1.64102e+08
1.09859e+08	1.64103e+08
1.09859e+08	1.64103e+08
1.09859e+08	1.64104e+08
1.0986e+08	1.64105e+08
1.0986e+08	1.64105e+08
1.0986e+08	1.64106e+08
1.0986e+08	1.64107e+08
1.0986e+08	1.64107e+08
1.09861e+08	1.64108e+08
1.09861e+08	1.64109e+08
1.09861e+08	1.64109e+08
1.09861e+08	1.6411e+08
1.09862e+08	1.64111e+08
1.09862e+08	1.64111e+08
1.09862e+08	1.64112e+08
1.09862e+08	1.64113e+08
1.09862e+08	1.64113e+08
1.09863e+08	1.64114e+08
1.09863e+08	1.64114e+08
1.09863e+08	1.64115e+08
1.09863e+08	1.64116e+08
1.09864e+08	1.64116e+08
1.09864e+08	1.64117e+08
1.09864e+08	1.64118e+08
1.09864e+08	1.64118e+08
1.09864e+08	1.64119e+08
1.09865e+08	1.6412e+08
1.09865e+08	1.6412e+08
1.09865e+08	1.64121e+08
1.09865e+08	1.64122e+08
1.09866e+08	1.64122e+08
1.09866e+08	1.64123e+08
1.09866e+08	1.64124e+08
1.09866e+08	1.64124e+08
1.09866e+08	1.64125e+08
1.09867e+08	1.64126e+08
1.09867e+08	1.64126e+08
1.09867e+08	1.64127e+08
1.09867e+08	1.64128e+08
1.09868e+08	1.64128e+08
1.09868e+08	1.64129e+08
1.09868e+08	1.6413e+08
1.09868e+08	1.64131e+08
1.09868e+08	1.64131e+08
1.09869e+08	1.64132e+08
1.09869e+08	1.64133e+08
1.09869e+08	1.64133e+08
1.09869e+08	1.64134e+08
1.0987e+08	1.64135e+08
1.0987e+08	1.64135e+08
1.0987e+08	1.64136e+08
1.0987e+08	1.64137e+08
1.09871e+08	1.64137e+08
1.09871e+08	1.64138e+08
1.09871e+08	1.64139e+08
1.09871e+08	1.6414e+08
1.09871e+08	1.6414e+08
1.09872e+08	1.64141e+08
1.09872e+08	1.64142e+08
1.09872e+08	1.64142e+08
1.09872e+08	1.64143e+08
1.09873e+08	1.64144e+08
1.09873e+08	1.64145e+08
1.09873e+08	1.64145e+08
1.09873e+08	1.64146e+08
1.09874e+08	1.64147e+08
1.09874e+08	1.64148e+08
1.09874e+08	1.64148e+08
1.09874e+08	1.64149e+08
1.09875e+08	1.6415e+08
1.09875e+08	1.64151e+08
1.09875e+08	1.64151e+08
1.09875e+08	1.64152e+08
1.09876e+08	1.64153e+08
1.09876e+08	1.64154e+08
1.09876e+08	1.64154e+08
1.09876e+08	1.64155e+08
1.09877e+08	1.64156e+08
1.09877e+08	1.64157e+08
1.09877e+08	1.64157e+08
1.09877e+08	1.64158e+08
1.09878e+08	1.64159e+08
1.09878e+08	1.6416e+08
1.09878e+08	1.6416e+08
1.09878e+08	1.64161e+08
1.09879e+08	1.64162e+08
1.09879e+08	1.64163e+08
1.09879e+08	1.64164e+08
1.0988e+08	1.64164e+08
1.0988e+08	1.64165e+08
1.0988e+08	1.64166e+08
1.0988e+08	1.64167e+08
1.09881e+08	1.64168e+08
1.09881e+08	1.64168e+08
1.09881e+08	1.64169e+08
1.09881e+08	1.6417e+08
1.09882e+08	1.64171e+08
1.09882e+08	1.64172e+08
1.09882e+08	1.64173e+08
1.09883e+08	1.64173e+08
1.09883e+08	1.64174e+08
1.09883e+08	1.64175e+08
1.09883e+08	1.64176e+08
1.09884e+08	1.64177e+08
1.09884e+08	1.64178e+08
1.09884e+08	1.64178e+08
1.09884e+08	1.64179e+08
1.09885e+08	1.6418e+08
1.09885e+08	1.64181e+08
1.09885e+08	1.64182e+08
1.09886e+08	1.64183e+08
1.09886e+08	1.64184e+08
1.09886e+08	1.64184e+08
1.09886e+08	1.64185e+08
1.09887e+08	1.64186e+08
1.09887e+08	1.64187e+08
1.09887e+08	1.64188e+08
1.09888e+08	1.64189e+08
1.09888e+08	1.6419e+08
1.09888e+08	1.64191e+08
1.09889e+08	1.64191e+08
1.09889e+08	1.64192e+08
1.09889e+08	1.64193e+08
1.09889e+08	1.64194e+08
1.0989e+08	1.64195e+08
1.0989e+08	1.64196e+08
1.0989e+08	1.64197e+08
1.09891e+08	1.64198e+08
1.09891e+08	1.64199e+08
1.09891e+08	1.642e+08
1.09892e+08	1.64201e+08
1.09892e+08	1.64201e+08
1.09892e+08	1.64202e+08
1.09893e+08	1.64203e+08
1.09893e+08	1.64204e+08
1.09893e+08	1.64205e+08
1.09893e+08	1.64206e+08
1.09894e+08	1.64207e+08
1.09894e+08	1.64208e+08
1.09894e+08	1.64209e+08
1.09895e+08	1.6421e+08
1.09895e+08	1.64211e+08
1.09895e+08	1.64212e+08
1.09896e+08	1.64213e+08
1.09896e+08	1.64214e+08
1.09896e+08	1.64215e+08
1.09897e+08	1.64216e+08
1.09897e+08	1.64217e+08
1.09897e+08	1.64218e+08
1.09898e+08	1.64219e+08
1.09898e+08	1.6422e+08
1.09898e+08	1.64221e+08
1.09899e+08	1.64222e+08
1.09899e+08	1.64223e+08
1.09899e+08	1.64224e+08
1.099e+08	1.64225e+08
1.099e+08	1.64226e+08
1.099e+08	1.64227e+08
1.09901e+08	1.64228e+08
1.09901e+08	1.64229e+08
1.09901e+08	1.6423e+08
1.09902e+08	1.64231e+08
1.09902e+08	1.64232e+08
1.09902e+08	1.64233e+08
1.09903e+08	1.64234e+08
1.09903e+08	1.64235e+08
1.09903e+08	1.64236e+08
1.09904e+08	1.64237e+08
1.09904e+08	1.64238e+08
1.09904e+08	1.64239e+08
1.09905e+08	1.6424e+08
1.09905e+08	1.64241e+08
1.09906e+08	1.64242e+08
1.09906e+08	1.64244e+08
1.09906e+08	1.64245e+08
1.09907e+08	1.64246e+08
1.09907e+08	1.64247e+08
1.09907e+08	1.64248e+08
1.09908e+08	1.64249e+08
1.09908e+08	1.6425e+08
1.09908e+08	1.64251e+08
1.09909e+08	1.64252e+08
1.09909e+08	1.64253e+08
1.0991e+08	1.64254e+08
1.0991e+08	1.64256e+08
1.0991e+08	1.64257e+08
1.09911e+08	1.64258e+08
1.09911e+08	1.64259e+08
1.09911e+08	1.6426e+08
1.09912e+08	1.64261e+08
1.09912e+08	1.64262e+08
1.09913e+08	1.64263e+08
1.09913e+08	1.64265e+08
1.09913e+08	1.64266e+08
1.09914e+08	1.64267e+08
1.09914e+08	1.64268e+08
1.09914e+08	1.64269e+08
1.09915e+08	1.6427e+08
1.09915e+08	1.64271e+08
1.09916e+08	1.64273e+08
1.09916e+08	1.64274e+08
1.09916e+08	1.64275e+08
1.09917e+08	1.64276e+08
1.09917e+08	1.64277e+08
1.09918e+08	1.64278e+08
1.09918e+08	1.6428e+08
1.09918e+08	1.64281e+08
1.09919e+08	1.64282e+08
1.09919e+08	1.64283e+08
1.0992e+08	1.64284e+08
1.0992e+08	1.64286e+08
1.0992e+08	1.64287e+08
1.09921e+08	1.64288e+08
1.09921e+08	1.64289e+08
1.09922e+08	1.6429e+08
1.09922e+08	1.64292e+08
1.09922e+08	1.64293e+08
1.09923e+08	1.64294e+08
1.09923e+08	1.64295e+08
1.09924e+08	1.64296e+08
1.09924e+08	1.64298e+08
1.09924e+08	1.64299e+08
1.09925e+08	1.643e+08
1.09925e+08	1.64301e+08
1.09926e+08	1.64303e+08
1.09926e+08	1.64304e+08
1.09926e+08	1.64305e+08
1.09927e+08	1.64306e+08
1.09927e+08	1.64308e+08
1.09928e+08	1.64309e+08
1.09928e+08	1.6431e+08
1.09929e+08	1.64311e+08
1.09929e+08	1.64313e+08
1.09929e+08	1.64314e+08
1.0993e+08	1.64315e+08
1.0993e+08	1.64316e+08
1.09931e+08	1.64318e+08
1.09931e+08	1.64319e+08
1.09931e+08	1.6432e+08
1.09932e+08	1.64322e+08
1.09932e+08	1.64323e+08
1.09933e+08	1.64324e+08
1.09933e+08	1.64325e+08
1.09934e+08	1.64327e+08
1.09934e+08	1.64328e+08
1.09935e+08	1.64329e+08
1.09935e+08	1.64331e+08
1.09935e+08	1.64332e+08
1.09936e+08	1.64333e+08
1.09936e+08	1.64335e+08
1.09937e+08	1.64336e+08
1.09937e+08	1.64337e+08
1.09938e+08	1.64339e+08
1.09938e+08	1.6434e+08
1.09938e+08	1.64341e+08
1.09939e+08	1.64343e+08
1.09939e+08	1.64344e+08
1.0994e+08	1.64345e+08
1.0994e+08	1.64347e+08
1.09941e+08	1.64348e+08
1.09941e+08	1.64349e+08
1.09942e+08	1.64351e+08
1.09942e+08	1.64352e+08
1.09943e+08	1.64353e+08
1.09943e+08	1.64355e+08
1.09943e+08	1.64356e+08
1.09944e+08	1.64357e+08
1.09944e+08	1.64359e+08
1.09945e+08	1.6436e+08
1.09945e+08	1.64362e+08
1.09946e+08	1.64363e+08
1.09946e+08	1.64364e+08
1.09947e+08	1.64366e+08
1.09947e+08	1.64367e+08
1.09948e+08	1.64369e+08
1.09948e+08	1.6437e+08
1.09948e+08	1.64371e+08
1.09949e+08	1.64373e+08
1.09949e+08	1.64374e+08
1.0995e+08	1.64376e+08
1.0995e+08	1.64377e+08
1.09951e+08	1.64378e+08
1.09951e+08	1.6438e+08
1.09952e+08	1.64381e+08
1.09952e+08	1.64383e+08
1.09953e+08	1.64384e+08
1.09953e+08	1.64385e+08
1.09954e+08	1.64387e+08
1.09954e+08	1.64388e+08
1.09955e+08	1.6439e+08
1.09955e+08	1.64391e+08
1.09956e+08	1.64393e+08
1.09956e+08	1.64394e+08
1.09957e+08	1.64395e+08
1.09957e+08	1.64397e+08
1.09957e+08	1.64398e+08
1.09958e+08	1.644e+08
1.09958e+08	1.64401e+08
1.09959e+08	1.64403e+08
1.09959e+08	1.64404e+08
1.0996e+08	1.64406e+08
1.0996e+08	1.64407e+08
1.09961e+08	1.64409e+08
1.09961e+08	1.6441e+08
1.09962e+08	1.64411e+08
1.09962e+08	1.64413e+08
1.09963e+08	1.64414e+08
1.09963e+08	1.64416e+08
1.09964e+08	1.64417e+08
1.09964e+08	1.64419e+08
1.09965e+08	1.6442e+08
1.09965e+08	1.64422e+08
1.09966e+08	1.64423e+08
1.09966e+08	1.64425e+08
1.09967e+08	1.64426e+08
1.09967e+08	1.64428e+08
1.09968e+08	1.64429e+08
1.09968e+08	1.64431e+08
1.09969e+08	1.64432e+08
1.09969e+08	1.64434e+08
1.0997e+08	1.64435e+08
1.0997e+08	1.64437e+08
1.09971e+08	1.64438e+08
1.09971e+08	1.6444e+08
1.09972e+08	1.64441e+08
1.09972e+08	1.64443e+08
1.09973e+08	1.64444e+08
1.09973e+08	1.64446e+08
1.09974e+08	1.64447e+08
1.09974e+08	1.64449e+08
1.09975e+08	1.6445e+08
1.09975e+08	1.64452e+08
1.09976e+08	1.64454e+08
1.09976e+08	1.64455e+08
1.09977e+08	1.64457e+08
1.09977e+08	1.64458e+08
1.09978e+08	1.6446e+08
1.09978e+08	1.64461e+08
1.09979e+08	1.64463e+08
1.09979e+08	1.64464e+08
1.0998e+08	1.64466e+08
1.09981e+08	1.64467e+08
1.09981e+08	1.64469e+08
1.09982e+08	1.64471e+08
1.09982e+08	1.64472e+08
1.09983e+08	1.64474e+08
1.09983e+08	1.64475e+08
1.09984e+08	1.64477e+08
1.09984e+08	1.64478e+08
1.09985e+08	1.6448e+08
1.09985e+08	1.64481e+08
1.09986e+08	1.64483e+08
1.09986e+08	1.64485e+08
1.09987e+08	1.64486e+08
1.09987e+08	1.64488e+08
1.09988e+08	1.64489e+08
1.09988e+08	1.64491e+08
1.09989e+08	1.64493e+08
1.09989e+08	1.64494e+08
1.0999e+08	1.64496e+08
1.0999e+08	1.64497e+08
1.09991e+08	1.64499e+08
1.09992e+08	1.645e+08
1.09992e+08	1.64502e+08
1.09993e+08	1.64504e+08
1.09993e+08	1.64505e+08
1.09994e+08	1.64507e+08
1.09994e+08	1.64508e+08
1.09995e+08	1.6451e+08
1.09995e+08	1.64512e+08
1.09996e+08	1.64513e+08
1.09996e+08	1.64515e+08
1.09997e+08	1.64517e+08
1.09997e+08	1.64518e+08
1.09998e+08	1.6452e+08
1.09999e+08	1.64521e+08
1.09999e+08	1.64523e+08
1.1e+08	1.64525e+08
1.1e+08	1.64526e+08
1.10001e+08	1.64528e+08
1.10001e+08	1.6453e+08
1.10002e+08	1.64531e+08
1.10002e+08	1.64533e+08
1.10003e+08	1.64534e+08
1.10003e+08	1.64536e+08
1.10004e+08	1.64538e+08
1.10004e+08	1.64539e+08
1.10005e+08	1.64541e+08
1.10006e+08	1.64543e+08
1.10006e+08	1.64544e+08
1.10007e+08	1.64546e+08
1.10007e+08	1.64548e+08
1.10008e+08	1.64549e+08
1.10008e+08	1.64551e+08
1.10009e+08	1.64552e+08
1.10009e+08	1.64554e+08
1.1001e+08	1.64556e+08
1.10011e+08	1.64557e+08
1.10011e+08	1.64559e+08
1.10012e+08	1.64561e+08
1.10012e+08	1.64562e+08
1.10013e+08	1.64564e+08
1.10013e+08	1.64566e+08
1.10014e+08	1.64567e+08
1.10014e+08	1.64569e+08
1.10015e+08	1.64571e+08
1.10016e+08	1.64572e+08
1.10016e+08	1.64574e+08
1.10017e+08	1.64576e+08
1.10017e+08	1.64577e+08
1.10018e+08	1.64579e+08
1.10018e+08	1.64581e+08
1.10019e+08	1.64582e+08
1.10019e+08	1.64584e+08
1.1002e+08	1.64586e+08
1.10021e+08	1.64587e+08
1.10021e+08	1.64589e+08
1.10022e+08	1.64591e+08
1.10022e+08	1.64592e+08
1.10023e+08	1.64594e+08
1.10023e+08	1.64596e+08
1.10024e+08	1.64598e+08
1.10024e+08	1.64599e+08
1.10025e+08	1.64601e+08
1.10026e+08	1.64603e+08
1.10026e+08	1.64604e+08
1.10027e+08	1.64606e+08
1.10027e+08	1.64608e+08
1.10028e+08	1.64609e+08
1.10028e+08	1.64611e+08
1.10029e+08	1.64613e+08
1.1003e+08	1.64614e+08
1.1003e+08	1.64616e+08
1.10031e+08	1.64618e+08
1.10031e+08	1.6462e+08
1.10032e+08	1.64621e+08
1.10032e+08	1.64623e+08
1.10033e+08	1.64625e+08
1.10034e+08	1.64626e+08
1.10034e+08	1.64628e+08
1.10035e+08	1.6463e+08
1.10035e+08	1.64632e+08
1.10036e+08	1.64633e+08
1.10036e+08	1.64635e+08
1.10037e+08	1.64637e+08
1.10038e+08	1.64638e+08
1.10038e+08	1.6464e+08
1.10039e+08	1.64642e+08
1.10039e+08	1.64644e+08
1.1004e+08	1.64645e+08
1.1004e+08	1.64647e+08
1.10041e+08	1.64649e+08
1.10042e+08	1.6465e+08
1.10042e+08	1.64652e+08
1.10043e+08	1.64654e+08
1.10043e+08	1.64656e+08
1.10044e+08	1.64657e+08
1.10044e+08	1.64659e+08
1.10045e+08	1.64661e+08
1.10046e+08	1.64663e+08
1.10046e+08	1.64664e+08
1.10047e+08	1.64666e+08
1.10047e+08	1.64668e+08
1.10048e+08	1.64669e+08
1.10048e+08	1.64671e+08
1.10049e+08	1.64673e+08
1.1005e+08	1.64675e+08
1.1005e+08	1.64676e+08
1.10051e+08	1.64678e+08
1.10051e+08	1.6468e+08
1.10052e+08	1.64682e+08
1.10053e+08	1.64683e+08
1.10053e+08	1.64685e+08
1.10054e+08	1.64687e+08
1.10054e+08	1.64689e+08
1.10055e+08	1.6469e+08
1.10055e+08	1.64692e+08
1.10056e+08	1.64694e+08
1.10057e+08	1.64696e+08
1.10057e+08	1.64697e+08
1.10058e+08	1.64699e+08
1.10058e+08	1.64701e+08
1.10059e+08	1.64703e+08
1.10059e+08	1.64704e+08
1.1006e+08	1.64706e+08
1.10061e+08	1.64708e+08
1.10061e+08	1.6471e+08
1.10062e+08	1.64711e+08
1.10062e+08	1.64713e+08
1.10063e+08	1.64715e+08
1.10064e+08	1.64717e+08
1.10064e+08	1.64718e+08
1.10065e+08	1.6472e+08
1.10065e+08	1.64722e+08
1.10066e+08	1.64724e+08
1.10066e+08	1.64725e+08
1.10067e+08	1.64727e+08
1.10068e+08	1.64729e+08
1.10068e+08	1.64731e+08
1.10069e+08	1.64732e+08
1.10069e+08	1.64734e+08
1.1007e+08	1.64736e+08
1.10071e+08	1.64738e+08
1.10071e+08	1.64739e+08
1.10072e+08	1.64741e+08
1.10072e+08	1.64743e+08
1.10073e+08	1.64745e+08
1.10074e+08	1.64746e+08
1.10074e+08	1.64748e+08
1.10075e+08	1.6475e+08
1.10075e+08	1.64752e+08
1.10076e+08	1.64753e+08
1.10076e+08	1.64755e+08
1.10077e+08	1.64757e+08
1.10078e+08	1.64759e+08
1.10078e+08	1.64761e+08
1.10079e+08	1.64762e+08
1.10079e+08	1.64764e+08
1.1008e+08	1.64766e+08
1.10081e+08	1.64768e+08
1.10081e+08	1.64769e+08
1.10082e+08	1.64771e+08
1.10082e+08	1.64773e+08
1.10083e+08	1.64775e+08
1.10084e+08	1.64776e+08
1.10084e+08	1.64778e+08
1.10085e+08	1.6478e+08
1.10085e+08	1.64782e+08
1.10086e+08	1.64784e+08
1.10086e+08	1.64785e+08
1.10087e+08	1.64787e+08
1.10088e+08	1.64789e+08
1.10088e+08	1.64791e+08
1.10089e+08	1.64792e+08
1.10089e+08	1.64794e+08
1.1009e+08	1.64796e+08
1.10091e+08	1.64798e+08
1.10091e+08	1.64799e+08
1.10092e+08	1.64801e+08
1.10092e+08	1.64803e+08
1.10093e+08	1.64805e+08
1.10094e+08	1.64807e+08
1.10094e+08	1.64808e+08
1.10095e+08	1.6481e+08
1.10095e+08	1.64812e+08
1.10096e+08	1.64814e+08
1.10097e+08	1.64815e+08
1.10097e+08	1.64817e+08
1.10098e+08	1.64819e+08
1.10098e+08	1.64821e+08
1.10099e+08	1.64823e+08
1.101e+08	1.64824e+08
1.101e+08	1.64826e+08
1.10101e+08	1.64828e+08
1.10101e+08	1.6483e+08
1.10102e+08	1.64831e+08
1.10102e+08	1.64833e+08
1.10103e+08	1.64835e+08
1.10104e+08	1.64837e+08
1.10104e+08	1.64839e+08
1.10105e+08	1.6484e+08
1.10105e+08	1.64842e+08
1.10106e+08	1.64844e+08
1.10107e+08	1.64846e+08
1.10107e+08	1.64847e+08
1.10108e+08	1.64849e+08
1.10108e+08	1.64851e+08
1.10109e+08	1.64853e+08
1.1011e+08	1.64855e+08
1.1011e+08	1.64856e+08
1.10111e+08	1.64858e+08
1.10111e+08	1.6486e+08
1.10112e+08	1.64862e+08
1.10113e+08	1.64863e+08
1.10113e+08	1.64865e+08
1.10114e+08	1.64867e+08
1.10114e+08	1.64869e+08
1.10115e+08	1.64871e+08
1.10116e+08	1.64872e+08
1.10116e+08	1.64874e+08
1.10117e+08	1.64876e+08
1.10117e+08	1.64878e+08
1.10118e+08	1.64879e+08
1.10118e+08	1.64881e+08
1.10119e+08	1.64883e+08
1.1012e+08	1.64885e+08
1.1012e+08	1.64887e+08
1.10121e+08	1.64888e+08
1.10121e+08	1.6489e+08
1.10122e+08	1.64892e+08
1.10123e+08	1.64894e+08
1.10123e+08	1.64895e+08
1.10124e+08	1.64897e+08
1.10124e+08	1.64899e+08
1.10125e+08	1.64901e+08
1.10126e+08	1.64903e+08
1.10126e+08	1.64904e+08
1.10127e+08	1.64906e+08
1.10127e+08	1.64908e+08
1.10128e+08	1.6491e+08
1.10129e+08	1.64911e+08
1.10129e+08	1.64913e+08
1.1013e+08	1.64915e+08
1.1013e+08	1.64917e+08
1.10131e+08	1.64919e+08
1.10131e+08	1.6492e+08
1.10132e+08	1.64922e+08
1.10133e+08	1.64924e+08
1.10133e+08	1.64926e+08
1.10134e+08	1.64927e+08
1.10134e+08	1.64929e+08
1.10135e+08	1.64931e+08
1.10136e+08	1.64933e+08
1.10136e+08	1.64934e+08
1.10137e+08	1.64936e+08
1.10137e+08	1.64938e+08
1.10138e+08	1.6494e+08
1.10139e+08	1.64942e+08
1.10139e+08	1.64943e+08
1.1014e+08	1.64945e+08
1.1014e+08	1.64947e+08
1.10141e+08	1.64949e+08
1.10142e+08	1.6495e+08
1.10142e+08	1.64952e+08
1.10143e+08	1.64954e+08
1.10143e+08	1.64956e+08
1.10144e+08	1.64958e+08
1.10144e+08	1.64959e+08
1.10145e+08	1.64961e+08
1.10146e+08	1.64963e+08
1.10146e+08	1.64965e+08
1.10147e+08	1.64966e+08
1.10147e+08	1.64968e+08
1.10148e+08	1.6497e+08
1.10149e+08	1.64972e+08
1.10149e+08	1.64973e+08
1.1015e+08	1.64975e+08
1.1015e+08	1.64977e+08
1.10151e+08	1.64979e+08
1.10152e+08	1.6498e+08
1.10152e+08	1.64982e+08
1.10153e+08	1.64984e+08
1.10153e+08	1.64986e+08
1.10154e+08	1.64988e+08
1.10154e+08	1.64989e+08
1.10155e+08	1.64991e+08
1.10156e+08	1.64993e+08
1.10156e+08	1.64995e+08
1.10157e+08	1.64996e+08
1.10157e+08	1.64998e+08
1.10158e+08	1.65e+08
1.10159e+08	1.65002e+08
1.10159e+08	1.65003e+08
1.1016e+08	1.65005e+08
1.1016e+08	1.65007e+08
1.10161e+08	1.65009e+08
1.10162e+08	1.6501e+08
1.10162e+08	1.65012e+08
1.10163e+08	1.65014e+08
1.10163e+08	1.65016e+08
1.10164e+08	1.65017e+08
1.10164e+08	1.65019e+08
1.10165e+08	1.65021e+08
1.10166e+08	1.65023e+08
1.10166e+08	1.65024e+08
1.10167e+08	1.65026e+08
1.10167e+08	1.65028e+08
1.10168e+08	1.6503e+08
1.10169e+08	1.65031e+08
1.10169e+08	1.65033e+08
1.1017e+08	1.65035e+08
1.1017e+08	1.65037e+08
1.10171e+08	1.65038e+08
1.10171e+08	1.6504e+08
1.10172e+08	1.65042e+08
1.10173e+08	1.65044e+08
1.10173e+08	1.65045e+08
1.10174e+08	1.65047e+08
1.10174e+08	1.65049e+08
1.10175e+08	1.65051e+08
1.10176e+08	1.65052e+08
1.10176e+08	1.65054e+08
1.10177e+08	1.65056e+08
1.10177e+08	1.65058e+08
1.10178e+08	1.65059e+08
1.10178e+08	1.65061e+08
1.10179e+08	1.65063e+08
1.1018e+08	1.65065e+08
1.1018e+08	1.65066e+08
1.10181e+08	1.65068e+08
1.10181e+08	1.6507e+08
1.10182e+08	1.65071e+08
1.10182e+08	1.65073e+08
1.10183e+08	1.65075e+08
1.10184e+08	1.65077e+08
1.10184e+08	1.65078e+08
1.10185e+08	1.6508e+08
1.10185e+08	1.65082e+08
1.10186e+08	1.65084e+08
1.10187e+08	1.65085e+08
1.10187e+08	1.65087e+08
1.10188e+08	1.65089e+08
1.10188e+08	1.65091e+08
1.10189e+08	1.65092e+08
1.10189e+08	1.65094e+08
1.1019e+08	1.65096e+08
1.10191e+08	1.65097e+08
1.10191e+08	1.65099e+08
1.10192e+08	1.65101e+08
1.10192e+08	1.65103e+08
1.10193e+08	1.65104e+08
1.10193e+08	1.65106e+08
1.10194e+08	1.65108e+08
1.10195e+08	1.65109e+08
1.10195e+08	1.65111e+08
1.10196e+08	1.65113e+08
1.10196e+08	1.65115e+08
1.10197e+08	1.65116e+08
1.10197e+08	1.65118e+08
1.10198e+08	1.6512e+08
1.10199e+08	1.65122e+08
1.10199e+08	1.65123e+08
1.102e+08	1.65125e+08
1.102e+08	1.65127e+08
1.10201e+08	1.65128e+08
1.10201e+08	1.6513e+08
1.10202e+08	1.65132e+08
1.10203e+08	1.65133e+08
1.10203e+08	1.65135e+08
1.10204e+08	1.65137e+08
1.10204e+08	1.65139e+08
1.10205e+08	1.6514e+08
1.10205e+08	1.65142e+08
1.10206e+08	1.65144e+08
1.10207e+08	1.65145e+08
1.10207e+08	1.65147e+08
1.10208e+08	1.65149e+08
1.10208e+08	1.65151e+08
1.10209e+08	1.65152e+08
1.10209e+08	1.65154e+08
1.1021e+08	1.65156e+08
1.10211e+08	1.65157e+08
1.10211e+08	1.65159e+08
1.10212e+08	1.65161e+08
1.10212e+08	1.65162e+08
1.10213e+08	1.65164e+08
1.10213e+08	1.65166e+08
1.10214e+08	1.65167e+08
1.10214e+08	1.65169e+08
1.10215e+08	1.65171e+08
1.10216e+08	1.65173e+08
1.10216e+08	1.65174e+08
1.10217e+08	1.65176e+08
1.10217e+08	1.65178e+08
1.10218e+08	1.65179e+08
1.10218e+08	1.65181e+08
1.10219e+08	1.65183e+08
1.1022e+08	1.65184e+08
1.1022e+08	1.65186e+08
1.10221e+08	1.65188e+08
1.10221e+08	1.65189e+08
1.10222e+08	1.65191e+08
1.10222e+08	1.65193e+08
1.10223e+08	1.65194e+08
1.10223e+08	1.65196e+08
1.10224e+08	1.65198e+08
1.10225e+08	1.65199e+08
1.10225e+08	1.65201e+08
1.10226e+08	1.65203e+08
1.10226e+08	1.65204e+08
1.10227e+08	1.65206e+08
1.10227e+08	1.65208e+08
1.10228e+08	1.6521e+08
1.10228e+08	1.65211e+08
1.10229e+08	1.65213e+08
1.1023e+08	1.65215e+08
1.1023e+08	1.65216e+08
1.10231e+08	1.65218e+08
1.10231e+08	1.6522e+08
1.10232e+08	1.65221e+08
1.10232e+08	1.65223e+08
1.10233e+08	1.65224e+08
1.10233e+08	1.65226e+08
1.10234e+08	1.65228e+08
1.10235e+08	1.65229e+08
1.10235e+08	1.65231e+08
1.10236e+08	1.65233e+08
1.10236e+08	1.65234e+08
1.10237e+08	1.65236e+08
1.10237e+08	1.65238e+08
1.10238e+08	1.65239e+08
1.10238e+08	1.65241e+08
1.10239e+08	1.65243e+08
1.1024e+08	1.65244e+08
1.1024e+08	1.65246e+08
1.10241e+08	1.65248e+08
1.10241e+08	1.65249e+08
1.10242e+08	1.65251e+08
1.10242e+08	1.65253e+08
1.10243e+08	1.65254e+08
1.10243e+08	1.65256e+08
1.10244e+08	1.65257e+08
1.10244e+08	1.65259e+08
1.10245e+08	1.65261e+08
1.10246e+08	1.65262e+08
1.10246e+08	1.65264e+08
1.10247e+08	1.65266e+08
1.10247e+08	1.65267e+08
1.10248e+08	1.65269e+08
1.10248e+08	1.65271e+08
1.10249e+08	1.65272e+08
1.10249e+08	1.65274e+08
1.1025e+08	1.65275e+08
1.1025e+08	1.65277e+08
1.10251e+08	1.65279e+08
1.10252e+08	1.6528e+08
1.10252e+08	1.65282e+08
1.10253e+08	1.65284e+08
1.10253e+08	1.65285e+08
1.10254e+08	1.65287e+08
1.10254e+08	1.65288e+08
1.10255e+08	1.6529e+08
1.10255e+08	1.65292e+08
1.10256e+08	1.65293e+08
1.10256e+08	1.65295e+08
1.10257e+08	1.65297e+08
1.10257e+08	1.65298e+08
1.10258e+08	1.653e+08
1.10259e+08	1.65301e+08
1.10259e+08	1.65303e+08
1.1026e+08	1.65305e+08
1.1026e+08	1.65306e+08
1.10261e+08	1.65308e+08
1.10261e+08	1.65309e+08
1.10262e+08	1.65311e+08
1.10262e+08	1.65313e+08
1.10263e+08	1.65314e+08
1.10263e+08	1.65316e+08
1.10264e+08	1.65317e+08
1.10264e+08	1.65319e+08
1.10265e+08	1.65321e+08
1.10265e+08	1.65322e+08
1.10266e+08	1.65324e+08
1.10267e+08	1.65325e+08
1.10267e+08	1.65327e+08
1.10268e+08	1.65329e+08
1.10268e+08	1.6533e+08
1.10269e+08	1.65332e+08
1.10269e+08	1.65333e+08
1.1027e+08	1.65335e+08
1.1027e+08	1.65337e+08
1.10271e+08	1.65338e+08
1.10271e+08	1.6534e+08
1.10272e+08	1.65341e+08
1.10272e+08	1.65343e+08
1.10273e+08	1.65344e+08
1.10273e+08	1.65346e+08
1.10274e+08	1.65348e+08
1.10274e+08	1.65349e+08
1.10275e+08	1.65351e+08
1.10276e+08	1.65352e+08
1.10276e+08	1.65354e+08
1.10277e+08	1.65356e+08
1.10277e+08	1.65357e+08
1.10278e+08	1.65359e+08
1.10278e+08	1.6536e+08
1.10279e+08	1.65362e+08
1.10279e+08	1.65363e+08
1.1028e+08	1.65365e+08
1.1028e+08	1.65367e+08
1.10281e+08	1.65368e+08
1.10281e+08	1.6537e+08
1.10282e+08	1.65371e+08
1.10282e+08	1.65373e+08
1.10283e+08	1.65374e+08
1.10283e+08	1.65376e+08
1.10284e+08	1.65377e+08
1.10284e+08	1.65379e+08
1.10285e+08	1.65381e+08
1.10285e+08	1.65382e+08
1.10286e+08	1.65384e+08
1.10286e+08	1.65385e+08
1.10287e+08	1.65387e+08
1.10287e+08	1.65388e+08
1.10288e+08	1.6539e+08
1.10289e+08	1.65391e+08
1.10289e+08	1.65393e+08
1.1029e+08	1.65394e+08
1.1029e+08	1.65396e+08
1.10291e+08	1.65398e+08
1.10291e+08	1.65399e+08
1.10292e+08	1.65401e+08
1.10292e+08	1.65402e+08
1.10293e+08	1.65404e+08
1.10293e+08	1.65405e+08
1.10294e+08	1.65407e+08
1.10294e+08	1.65408e+08
1.10295e+08	1.6541e+08
1.10295e+08	1.65411e+08
1.10296e+08	1.65413e+08
1.10296e+08	1.65414e+08
1.10297e+08	1.65416e+08
1.10297e+08	1.65417e+08
1.10298e+08	1.65419e+08
1.10298e+08	1.65421e+08
1.10299e+08	1.65422e+08
1.10299e+08	1.65424e+08
1.103e+08	1.65425e+08
1.103e+08	1.65427e+08
1.10301e+08	1.65428e+08
1.10301e+08	1.6543e+08
1.10302e+08	1.65431e+08
1.10302e+08	1.65433e+08
1.10303e+08	1.65434e+08
1.10303e+08	1.65436e+08
1.10304e+08	1.65437e+08
1.10304e+08	1.65439e+08
1.10305e+08	1.6544e+08
1.10305e+08	1.65442e+08
1.10306e+08	1.65443e+08
1.10306e+08	1.65445e+08
1.10307e+08	1.65446e+08
1.10307e+08	1.65448e+08
1.10308e+08	1.65449e+08
1.10308e+08	1.65451e+08
1.10309e+08	1.65452e+08
1.10309e+08	1.65454e+08
1.1031e+08	1.65455e+08
1.1031e+08	1.65457e+08
1.10311e+08	1.65458e+08
1.10311e+08	1.6546e+08
1.10312e+08	1.65461e+08
1.10312e+08	1.65463e+08
1.10313e+08	1.65464e+08
1.10313e+08	1.65466e+08
1.10314e+08	1.65467e+08
1.10314e+08	1.65469e+08
1.10315e+08	1.6547e+08
1.10315e+08	1.65472e+08
1.10316e+08	1.65473e+08
1.10316e+08	1.65475e+08
1.10317e+08	1.65476e+08
1.10317e+08	1.65478e+08
1.10318e+08	1.65479e+08
1.10318e+08	1.6548e+08
1.10319e+08	1.65482e+08
1.10319e+08	1.65483e+08
1.1032e+08	1.65485e+08
1.1032e+08	1.65486e+08
1.10321e+08	1.65488e+08
1.10321e+08	1.65489e+08
1.10322e+08	1.65491e+08
1.10322e+08	1.65492e+08
1.10323e+08	1.65494e+08
1.10323e+08	1.65495e+08
1.10324e+08	1.65497e+08
1.10324e+08	1.65498e+08
1.10325e+08	1.655e+08
1.10325e+08	1.65501e+08
1.10326e+08	1.65502e+08
1.10326e+08	1.65504e+08
1.10326e+08	1.65505e+08
1.10327e+08	1.65507e+08
1.10327e+08	1.65508e+08
1.10328e+08	1.6551e+08
1.10328e+08	1.65511e+08
1.10329e+08	1.65513e+08
1.10329e+08	1.65514e+08
1.1033e+08	1.65515e+08
1.1033e+08	1.65517e+08
1.10331e+08	1.65518e+08
1.10331e+08	1.6552e+08
1.10332e+08	1.65521e+08
1.10332e+08	1.65523e+08
1.10333e+08	1.65524e+08
1.10333e+08	1.65526e+08
1.10334e+08	1.65527e+08
1.10334e+08	1.65528e+08
1.10335e+08	1.6553e+08
1.10335e+08	1.65531e+08
1.10336e+08	1.65533e+08
1.10336e+08	1.65534e+08
1.10337e+08	1.65536e+08
1.10337e+08	1.65537e+08
1.10338e+08	1.65538e+08
1.10338e+08	1.6554e+08
1.10338e+08	1.65541e+08
1.10339e+08	1.65543e+08
1.10339e+08	1.65544e+08
1.1034e+08	1.65545e+08
1.1034e+08	1.65547e+08
1.10341e+08	1.65548e+08
1.10341e+08	1.6555e+08
1.10342e+08	1.65551e+08
1.10342e+08	1.65553e+08
1.10343e+08	1.65554e+08
1.10343e+08	1.65555e+08
1.10344e+08	1.65557e+08
1.10344e+08	1.65558e+08
1.10345e+08	1.6556e+08
1.10345e+08	1.65561e+08
1.10346e+08	1.65562e+08
1.10346e+08	1.65564e+08
1.10346e+08	1.65565e+08
1.10347e+08	1.65567e+08
1.10347e+08	1.65568e+08
1.10348e+08	1.65569e+08
1.10348e+08	1.65571e+08
1.10349e+08	1.65572e+08
1.10349e+08	1.65574e+08
1.1035e+08	1.65575e+08
1.1035e+08	1.65576e+08
1.10351e+08	1.65578e+08
1.10351e+08	1.65579e+08
1.10352e+08	1.6558e+08
1.10352e+08	1.65582e+08
1.10352e+08	1.65583e+08
1.10353e+08	1.65585e+08
1.10353e+08	1.65586e+08
1.10354e+08	1.65587e+08
1.10354e+08	1.65589e+08
1.10355e+08	1.6559e+08
1.10355e+08	1.65591e+08
1.10356e+08	1.65593e+08
1.10356e+08	1.65594e+08
1.10357e+08	1.65596e+08
1.10357e+08	1.65597e+08
1.10358e+08	1.65598e+08
1.10358e+08	1.656e+08
1.10358e+08	1.65601e+08
1.10359e+08	1.65602e+08
1.10359e+08	1.65604e+08
1.1036e+08	1.65605e+08
1.1036e+08	1.65607e+08
1.10361e+08	1.65608e+08
1.10361e+08	1.65609e+08
1.10362e+08	1.65611e+08
1.10362e+08	1.65612e+08
1.10362e+08	1.65613e+08
1.10363e+08	1.65615e+08
1.10363e+08	1.65616e+08
1.10364e+08	1.65617e+08
1.10364e+08	1.65619e+08
1.10365e+08	1.6562e+08
1.10365e+08	1.65621e+08
1.10366e+08	1.65623e+08
1.10366e+08	1.65624e+08
1.10367e+08	1.65625e+08
1.10367e+08	1.65627e+08
1.10367e+08	1.65628e+08
1.10368e+08	1.65629e+08
1.10368e+08	1.65631e+08
1.10369e+08	1.65632e+08
1.10369e+08	1.65633e+08
1.1037e+08	1.65635e+08
1.1037e+08	1.65636e+08
1.10371e+08	1.65637e+08
1.10371e+08	1.65639e+08
1.10371e+08	1.6564e+08
1.10372e+08	1.65641e+08
1.10372e+08	1.65643e+08
1.10373e+08	1.65644e+08
1.10373e+08	1.65645e+08
1.10374e+08	1.65647e+08
1.10374e+08	1.65648e+08
1.10374e+08	1.65649e+08
1.10375e+08	1.65651e+08
1.10375e+08	1.65652e+08
1.10376e+08	1.65653e+08
1.10376e+08	1.65655e+08
1.10377e+08	1.65656e+08
1.10377e+08	1.65657e+08
1.10378e+08	1.65659e+08
1.10378e+08	1.6566e+08
1.10378e+08	1.65661e+08
1.10379e+08	1.65662e+08
