0.132591
0.150294
0.167287
0.183179
0.197984
0.21233
0.225916
0.239081
0.251774
0.263933
0.275909
0.287597
0.2989
0.309856
0.320617
0.331199
0.341499
0.351535
0.361434
0.371096
0.380533
0.389859
0.398878
0.4079
0.416633
0.425279
0.433655
0.441954
0.450178
0.458153
0.46606
0.473816
0.481426
0.488894
0.496225
0.503501
0.510568
0.517585
0.524478
0.531249
0.537902
0.54451
0.550936
0.55732
0.563529
0.569699
0.575767
0.581733
0.587601
0.593434
0.59911
0.604695
0.610248
0.615711
0.621031
0.626321
0.631527
0.636651
0.641695
0.646711
0.651598
0.656408
0.661194
0.665857
0.670496
0.675064
0.679562
0.683946
0.688308
0.692604
0.696836
0.701004
0.705151
0.709195
0.713178
0.717142
0.721007
0.724855
0.728606
0.732341
0.735982
0.739608
0.74318
0.7467
0.750168
0.753586
0.756954
0.760273
0.763543
0.766767
0.769944
0.773075
0.776193
0.779234
0.782232
0.785217
0.78813
0.79103
0.79386
0.796678
0.799427
0.802166
0.804865
0.807499
0.810123
0.812709
0.815259
0.817772
0.82025
0.822693
0.825101
0.827476
0.829817
0.832125
0.834401
0.836645
0.838857
0.841039
0.843212
0.845332
0.847424
0.849507
0.851539
0.853544
0.855541
0.85749
0.859432
0.861327
0.863215
0.865058
0.866894
0.868686
0.870471
0.872214
0.87395
0.875662
0.877333
0.878998
0.880639
0.882258
0.883839
0.885413
0.886966
0.888498
0.890008
0.891497
0.892966
0.894399
0.895828
0.897237
0.898626
0.899996
0.901347
0.90268
0.903994
0.905291
0.906569
0.907842
0.909086
0.910312
0.911521
0.912714
0.91389
0.91505
0.916206
0.917334
0.918447
0.919545
0.920628
0.921706
0.922759
0.923798
0.924822
0.925842
0.926839
0.927821
0.9288
0.929756
0.930699
0.931638
0.932555
0.933469
0.934361
0.93524
0.936117
0.936973
0.937825
0.938658
0.939487
0.940297
0.941096
0.941891
0.942669
0.943443
0.944199
0.944951
0.945694
0.946419
0.947142
0.947847
0.94855
0.949236
0.94992
0.950587
0.951252
0.951908
0.952549
0.953187
0.95381
0.954431
0.955043
0.955641
0.956236
0.956824
0.957397
0.957969
0.958532
0.959083
0.959631
0.960172
0.9607
0.961226
0.961745
0.962257
0.962756
0.963254
0.963745
0.964225
0.964702
0.965173
0.965638
0.966092
0.966544
0.96699
0.96743
0.967859
0.968287
0.968709
0.969126
0.969536
0.969937
0.970336
0.97073
0.971119
0.971502
0.971877
0.972249
0.972617
0.97298
0.973338
0.973687
0.974035
0.974379
0.974717
0.975051
0.975381
0.975706
0.976023
0.97634
0.976651
0.976959
0.977263
0.977562
0.977857
0.978146
0.978433
0.978716
0.978996
0.979271
0.979543
0.979811
0.980076
0.980337
0.980592
0.980846
0.981096
0.981343
0.981587
0.981827
0.982065
0.982298
0.982529
0.982757
0.982979
0.983201
0.983419
0.983635
0.983847
0.984057
0.984264
0.984468
0.984669
0.984868
0.985064
0.985257
0.985447
0.985636
0.985821
0.986002
0.986183
0.986361
0.986536
0.98671
0.986881
0.987049
0.987216
0.98738
0.987542
0.987701
0.987859
0.988014
0.988168
0.988319
0.988468
0.988616
0.988761
0.988904
0.989046
0.989185
0.989323
0.989459
0.989593
0.989725
0.989856
0.989984
0.990111
0.990236
0.990359
0.990481
0.990601
0.99072
0.990837
0.990952
0.991066
0.991178
0.991289
0.991399
0.991507
0.991613
0.991719
0.991822
0.991925
0.992026
0.992125
0.992224
0.992321
0.992416
0.992511
0.992604
0.992696
0.992787
0.992876
0.992965
0.993052
0.993138
0.993223
0.993307
0.993389
0.993471
0.993551
0.993631
0.993709
0.993787
0.993863
0.993938
0.994013
0.994086
0.994159
0.99423
0.994301
0.99437
0.994439
0.994507
0.994574
0.99464
0.994705
0.994769
0.994833
0.994895
0.994957
0.995018
0.995078
0.995138
0.995196
0.995254
0.995311
0.995368
0.995423
0.995478
0.995533
0.995586
0.995639
0.995691
0.995743
0.995793
0.995844
0.995893
0.995942
0.99599
0.996038
0.996085
0.996131
0.996177
0.996222
0.996267
0.996311
0.996355
0.996398
0.99644
0.996482
0.996523
0.996564
0.996604
0.996644
0.996683
0.996722
0.99676
0.996798
0.996835
0.996872
0.996908
0.996944
0.99698
0.997015
0.997049
0.997083
0.997117
0.99715
0.997183
0.997215
0.997247
0.997279
0.99731
0.997341
0.997371
0.997401
0.997431
0.99746
0.997489
0.997518
0.997546
0.997574
0.997601
0.997628
0.997655
0.997682
0.997708
0.997734
0.997759
0.997784
0.997809
0.997834
0.997858
0.997882
0.997906
0.997929
0.997952
0.997975
0.997998
0.99802
0.998042
0.998064
0.998085
0.998106
0.998127
0.998148
0.998168
0.998188
0.998208
0.998228
0.998247
0.998266
0.998285
0.998304
0.998323
0.998341
0.998359
0.998377
0.998394
0.998412
0.998429
0.998446
0.998463
0.998479
0.998496
0.998512
0.998528
0.998544
0.998559
0.998575
0.99859
0.998605
0.99862
0.998635
0.998649
0.998663
0.998678
0.998692
0.998705
0.998719
0.998733
0.998746
0.998759
0.998772
0.998785
0.998798
0.99881
0.998823
0.998835
0.998847
0.998859
0.998871
0.998883
0.998894
0.998906
0.998917
0.998928
0.998939
0.99895
0.998961
0.998972
0.998982
0.998993
0.999003
0.999013
0.999023
0.999033
0.999043
0.999053
0.999063
0.999072
0.999081
0.999091
0.9991
0.999109
0.999118
0.999127
0.999136
0.999144
0.999153
0.999161
0.99917
0.999178
0.999186
0.999194
0.999202
0.99921
0.999218
0.999226
0.999233
0.999241
0.999248
0.999256
0.999263
0.99927
0.999277
0.999284
0.999291
0.999298
0.999305
0.999312
0.999319
0.999325
0.999332
0.999338
0.999345
0.999351
0.999357
0.999363
0.999369
0.999375
0.999381
0.999387
0.999393
0.999399
0.999405
0.99941
0.999416
0.999421
0.999427
0.999432
0.999438
0.999443
0.999448
0.999453
0.999458
0.999464
0.999469
0.999474
0.999478
0.999483
0.999488
0.999493
0.999498
0.999502
0.999507
0.999511
0.999516
0.99952
0.999525
0.999529
0.999533
0.999538
0.999542
0.999546
0.99955
0.999554
0.999558
0.999562
0.999566
0.99957
0.999574
0.999578
0.999582
0.999585
0.999589
0.999593
0.999596
0.9996
0.999604
0.999607
0.999611
0.999614
0.999617
0.999621
0.999624
0.999628
0.999631
0.999634
0.999637
0.99964
0.999644
0.999647
0.99965
0.999653
0.999656
0.999659
0.999662
0.999665
0.999668
0.99967
0.999673
0.999676
0.999679
0.999682
0.999684
0.999687
0.99969
0.999692
0.999695
0.999698
0.9997
0.999703
0.999705
0.999708
0.99971
0.999713
0.999715
0.999717
0.99972
0.999722
0.999724
0.999727
0.999729
0.999731
0.999734
0.999736
0.999738
0.99974
0.999742
0.999744
0.999746
0.999749
0.999751
0.999753
0.999755
0.999757
0.999759
0.999761
0.999763
0.999764
0.999766
0.999768
0.99977
0.999772
0.999774
0.999776
0.999777
0.999779
0.999781
0.999783
0.999784
0.999786
0.999788
0.99979
0.999791
0.999793
0.999795
0.999796
0.999798
0.999799
0.999801
0.999802
0.999804
0.999806
0.999807
0.999809
0.99981
0.999812
0.999813
0.999814
0.999816
0.999817
0.999819
0.99982
0.999821
0.999823
0.999824
0.999826
0.999827
0.999828
0.999829
0.999831
0.999832
0.999833
0.999835
0.999836
0.999837
0.999838
0.99984
0.999841
0.999842
0.999843
0.999844
0.999845
0.999847
0.999848
0.999849
0.99985
0.999851
0.999852
0.999853
0.999854
0.999855
0.999856
0.999858
0.999859
0.99986
0.999861
0.999862
0.999863
0.999864
0.999865
0.999866
0.999867
0.999868
0.999868
0.999869
0.99987
0.999871
0.999872
0.999873
0.999874
0.999875
0.999876
0.999877
0.999878
0.999878
0.999879
0.99988
0.999881
0.999882
0.999883
0.999883
0.999884
0.999885
0.999886
0.999887
0.999887
0.999888
0.999889
0.99989
0.999891
0.999891
0.999892
0.999893
0.999893
0.999894
0.999895
0.999896
0.999896
0.999897
0.999898
0.999898
0.999899
0.9999
0.999901
0.999901
0.999902
0.999902
0.999903
0.999904
0.999904
0.999905
0.999906
0.999906
0.999907
0.999908
0.999908
0.999909
0.999909
0.99991
0.999911
0.999911
0.999912
0.999912
0.999913
0.999913
0.999914
0.999915
0.999915
0.999916
0.999916
0.999917
0.999917
0.999918
0.999918
0.999919
0.999919
0.99992
0.99992
0.999921
0.999921
0.999922
0.999922
0.999923
0.999923
0.999924
0.999924
0.999925
0.999925
0.999926
0.999926
0.999927
0.999927
0.999928
0.999928
0.999929
0.999929
0.999929
0.99993
0.99993
0.999931
0.999931
0.999932
0.999932
0.999932
0.999933
0.999933
0.999934
0.999934
0.999934
0.999935
0.999935
0.999936
0.999936
0.999936
0.999937
0.999937
0.999938
0.999938
0.999938
0.999939
0.999939
0.999939
0.99994
0.99994
0.99994
0.999941
0.999941
0.999941
0.999942
0.999942
0.999942
0.999943
0.999943
0.999943
0.999944
0.999944
0.999944
0.999945
0.999945
0.999945
0.999946
0.999946
0.999946
0.999947
0.999947
0.999947
0.999948
0.999948
0.999948
0.999948
0.999949
0.999949
0.999949
0.99995
0.99995
0.99995
0.99995
0.999951
0.999951
0.999951
0.999952
0.999952
0.999952
0.999952
0.999953
0.999953
0.999953
0.999953
0.999954
0.999954
0.999954
0.999954
0.999955
0.999955
0.999955
0.999955
0.999956
0.999956
0.999956
0.999956
0.999957
0.999957
0.999957
0.999957
0.999958
0.999958
0.999958
0.999958
0.999958
0.999959
0.999959
0.999959
0.999959
0.99996
0.99996
0.99996
0.99996
0.99996
0.999961
0.999961
0.999961
0.999961
0.999961
0.999962
0.999962
0.999962
0.999962
0.999962
0.999963
0.999963
0.999963
0.999963
0.999963
0.999964
0.999964
0.999964
0.999964
0.999964
0.999964
0.999965
0.999965
0.999965
0.999965
0.999965
0.999966
0.999966
0.999966
0.999966
0.999966
0.999966
0.999967
0.999967
0.999967
0.999967
0.999967
0.999967
0.999968
0.999968
0.999968
0.999968
0.999968
0.999968
0.999968
0.999969
0.999969
0.999969
0.999969
0.999969
0.999969
0.99997
0.99997
0.99997
0.99997
0.99997
0.99997
0.99997
0.999971
0.999971
0.999971
0.999971
0.999971
0.999971
0.999971
0.999971
0.999972
0.999972
0.999972
0.999972
0.999972
0.999972
0.999972
0.999973
0.999973
0.999973
0.999973
0.999973
0.999973
0.999973
0.999973
0.999974
0.999974
0.999974
0.999974
0.999974
0.999974
0.999974
0.999974
0.999974
0.999975
0.999975
0.999975
0.999975
0.999975
0.999975
0.999975
0.999975
0.999975
0.999976
0.999976
0.999976
0.999976
0.999976
0.999976
0.999976
0.999976
0.999976
0.999977
0.999977
0.999977
0.999977
0.999977
0.999977
0.999977
0.999977
0.999977
0.999977
0.999978
0.999978
0.999978
0.999978
0.999978
0.999978
0.999978
0.999978
0.999978
0.999978
0.999979
0.999979
0.999979
0.999979
0.999979
0.999979
0.999979
0.999979
0.999979
0.999979
0.999979
0.999979
0.99998
0.99998
0.99998
0.99998
0.99998
0.99998
0.99998
0.99998
0.99998
0.99998
0.99998
0.99998
0.999981
0.999981
0.999981
0.999981
0.999981
0.999981
0.999981
0.999981
0.999981
0.999981
0.999981
0.999981
0.999981
0.999982
0.999982
0.999982
0.999982
0.999982
0.999982
0.999982
0.999982
0.999982
0.999982
0.999982
0.999982
0.999982
0.999982
0.999983
0.999983
0.999983
0.999983
0.999983
0.999983
0.999983
0.999983
0.999983
0.999983
0.999983
0.999983
0.999983
0.999983
0.999983
0.999984
0.999984
0.999984
0.999984
0.999984
0.999984
0.999984
0.999984
0.999984
0.999984
0.999984
0.999984
0.999984
0.999984
0.999984
0.999984
0.999985
0.999985
0.999985
0.999985
0.999985
0.999985
0.999985
0.999985
0.999985
0.999985
0.999985
0.999985
0.999985
0.999985
0.999985
0.999985
0.999985
0.999985
0.999986
0.999986
0.999986
0.999986
0.999986
0.999986
0.999986
0.999986
0.999986
0.999986
0.999986
0.999986
0.999986
0.999986
0.999986
0.999986
0.999986
0.999986
0.999986
0.999986
0.999987
0.999987
0.999987
0.999987
0.999987
0.999987
0.999987
0.999987
0.999987
0.999987
0.999987
0.999987
0.999987
0.999987
0.999987
0.999987
0.999987
0.999987
0.999987
0.999987
0.999987
0.999987
0.999988
0.999988
0.999988
0.999988
0.999988
0.999988
0.999988
0.999988
0.999988
0.999988
0.999988
0.999988
0.999988
0.999988
0.999988
0.999988
0.999988
0.999988
0.999988
0.999988
0.999988
0.999988
0.999988
0.999988
0.999988
0.999989
0.999989
0.999989
0.999989
0.999989
0.999989
0.999989
0.999989
0.999989
0.999989
0.999989
0.999989
0.999989
0.999989
0.999989
0.999989
0.999989
0.999989
0.999989
0.999989
0.999989
0.999989
0.999989
0.999989
0.999989
0.999989
0.999989
0.999989
0.999989
0.99999
0.99999
0.99999
0.99999
0.99999
0.99999
0.99999
0.99999
0.99999
0.99999
0.99999
0.99999
0.99999
0.99999
0.99999
0.99999
0.99999
0.99999
0.99999
0.99999
0.99999
0.99999
0.99999
0.99999
0.99999
0.99999
0.99999
0.99999
0.99999
0.99999
0.99999
0.99999
0.999991
0.999991
0.999991
0.999991
0.999991
0.999991
0.999991
0.999991
0.999991
0.999991
0.999991
0.999991
0.999991
0.999991
0.999991
0.999991
0.999991
0.999991
0.999991
0.999991
0.999991
0.999991
0.999991
0.999991
0.999991
0.999991
0.999991
0.999991
0.999991
0.999991
0.999991
0.999991
0.999991
0.999991
0.999991
0.999991
0.999991
0.999991
0.999991
0.999992
0.999992
0.999992
0.999992
0.999992
0.999992
0.999992
0.999992
0.999992
0.999992
0.999992
0.999992
0.999992
0.999992
0.999992
0.999992
0.999992
0.999992
0.999992
0.999992
0.999992
0.999992
0.999992
0.999992
0.999992
0.999992
0.999992
0.999992
0.999992
0.999992
0.999992
0.999992
0.999992
0.999992
0.999992
0.999992
0.999992
0.999992
0.999992
0.999992
0.999992
0.999992
0.999992
0.999992
0.999992
0.999992
0.999993
0.999993
0.999993
0.999993
0.999993
0.999993
0.999993
0.999993
0.999993
0.999993
0.999993
0.999993
0.999993
0.999993
0.999993
0.999993
0.999993
0.999993
0.999993
0.999993
0.999993
0.999993
0.999993
0.999993
0.999993
0.999993
0.999993
0.999993
0.999993
0.999993
0.999993
0.999993
0.999993
0.999993
0.999993
0.999993
0.999993
0.999993
0.999993
0.999993
0.999993
0.999993
0.999993
0.999993
0.999993
0.999993
0.999993
0.999993
0.999993
0.999993
0.999993
0.999993
0.999993
0.999993
0.999993
0.999993
0.999993
0.999994
0.999994
0.999994
0.999994
0.999994
0.999994
0.999994
0.999994
0.999994
0.999994
0.999994
0.999994
0.999994
0.999994
0.999994
0.999994
0.999994
0.999994
0.999994
0.999994
0.999994
0.999994
0.999994
0.999994
0.999994
0.999994
0.999994
0.999994
0.999994
0.999994
0.999994
0.999994
0.999994
0.999994
0.999994
0.999994
0.999994
0.999994
0.999994
0.999994
0.999994
0.999994
0.999994
0.999994
0.999994
0.999994
0.999994
0.999994
0.999994
0.999994
0.999994
0.999994
0.999994
0.999994
0.999994
0.999994
0.999994
0.999994
0.999994
0.999994
0.999994
0.999994
0.999994
0.999994
0.999994
0.999994
0.999994
0.999994
0.999994
0.999994
0.999994
0.999994
0.999994
0.999994
0.999995
0.999995
0.999995
0.999995
0.999995
0.999995
0.999995
0.999995
0.999995
0.999995
0.999995
0.999995
0.999995
0.999995
0.999995
0.999995
0.999995
0.999995
0.999995
0.999995
0.999995
0.999995
0.999995
0.999995
0.999995
0.999995
0.999995
0.999995
0.999995
0.999995
0.999995
0.999995
0.999995
0.999995
0.999995
0.999995
0.999995
0.999995
0.999995
0.999995
0.999995
0.999995
0.999995
0.999995
0.999995
0.999995
0.999995
0.999995
0.999995
0.999995
0.999995
0.999995
0.999995
0.999995
0.999995
0.999995
0.999995
0.999995
0.999995
0.999995
0.999995
0.999995
0.999995
0.999995
0.999995
0.999995
0.999995
0.999995
0.999995
0.999995
0.999995
0.999995
0.999995
0.999995
0.999995
0.999995
0.999995
0.999995
0.999995
0.999995
0.999995
0.999995
0.999995
0.999995
0.999995
0.999995
0.999995
0.999995
0.999995
0.999995
0.999995
0.999995
0.999995
0.999995
0.999995
0.999995
0.999995
0.999995
0.999995
0.999995
0.999995
0.999995
0.999996
0.999996
0.999996
0.999996
0.999996
0.999996
0.999996
0.999996
0.999996
0.999996
0.999996
0.999996
0.999996
0.999996
0.999996
0.999996
0.999996
0.999996
0.999996
0.999996
0.999996
0.999996
0.999996
0.999996
0.999996
0.999996
0.999996
0.999996
0.999996
0.999996
0.999996
0.999996
0.999996
0.999996
0.999996
0.999996
0.999996
0.999996
0.999996
0.999996
0.999996
0.999996
0.999996
0.999996
0.999996
0.999996
0.999996
0.999996
0.999996
0.999996
0.999996
0.999996
0.999996
0.999996
0.999996
0.999996
0.999996
0.999996
0.999996
0.999996
0.999996
0.999996
0.999996
0.999996
0.999996
0.999996
0.999996
0.999996
0.999996
0.999996
0.999996
0.999996
0.999996
0.999996
0.999996
0.999996
0.999996
0.999996
0.999996
0.999996
0.999996
0.999996
0.999996
0.999996
0.999996
0.999996
0.999996
0.999996
0.999996
0.999996
0.999996
0.999996
0.999996
0.999996
0.999996
0.999996
0.999996
0.999996
0.999996
0.999996
0.999996
0.999996
0.999996
0.999996
0.999996
0.999996
0.999996
0.999996
0.999996
0.999996
0.999996
0.999996
0.999996
0.999996
0.999996
0.999996
0.999996
0.999996
0.999996
0.999996
0.999996
0.999996
0.999996
0.999996
0.999996
0.999996
0.999996
0.999996
0.999996
0.999996
0.999996
0.999996
0.999996
0.999996
0.999996
0.999996
0.999996
0.999996
0.999996
0.999996
0.999996
0.999996
0.999996
0.999996
0.999996
0.999996
0.999996
0.999996
0.999996
0.999996
0.999996
0.999996
0.999996
0.999997
0.999997
0.999997
0.999997
0.999997
0.999997
0.999997
0.999997
0.999997
0.999997
0.999997
0.999997
0.999997
0.999997
0.999997
0.999997
0.999997
0.999997
0.999997
0.999997
0.999997
0.999997
0.999997
0.999997
0.999997
0.999997
0.999997
0.999997
0.999997
0.999997
0.999997
0.999997
0.999997
0.999997
0.999997
0.999997
0.999997
0.999997
0.999997
0.999997
0.999997
0.999997
0.999997
0.999997
0.999997
0.999997
0.999997
0.999997
0.999997
0.999997
0.999997
0.999997
0.999997
0.999997
0.999997
0.999997
0.999997
0.999997
0.999997
0.999997
0.999997
0.999997
0.999997
0.999997
0.999997
0.999997
0.999997
0.999997
0.999997
0.999997
0.999997
0.999997
0.999997
0.999997
0.999997
0.999997
0.999997
0.999997
0.999997
0.999997
0.999997
0.999997
0.999997
0.999997
0.999997
0.999997
0.999997
0.999997
0.999997
0.999997
0.999997
0.999997
0.999997
0.999997
0.999997
0.999997
0.999997
0.999997
0.999997
0.999997
0.999997
0.999997
0.999997
0.999997
0.999997
0.999997
0.999997
0.999997
0.999997
0.999997
0.999997
0.999997
0.999997
0.999997
0.999997
0.999997
0.999997
0.999997
0.999997
0.999997
0.999997
0.999997
0.999997
0.999997
0.999997
0.999997
0.999997
0.999997
0.999997
0.999997
0.999997
0.999997
0.999997
0.999997
0.999997
0.999997
0.999997
0.999997
0.999997
0.999997
0.999997
0.999997
0.999997
0.999997
0.999997
0.999997
0.999997
0.999997
0.999997
0.999997
0.999997
0.999997
0.999997
0.999997
0.999997
0.999997
0.999997
0.999997
0.999997
0.999997
0.999997
0.999997
0.999997
0.999997
0.999997
0.999997
0.999997
0.999997
0.999997
0.999997
0.999997
0.999997
0.999997
0.999997
0.999997
0.999997
0.999997
0.999997
0.999997
0.999997
0.999997
0.999997
0.999997
0.999997
0.999997
0.999997
0.999997
0.999997
0.999997
0.999997
0.999997
0.999997
0.999997
0.999997
0.999997
0.999997
0.999997
0.999997
0.999997
0.999997
0.999997
0.999997
0.999997
0.999997
0.999997
0.999997
0.999997
0.999997
0.999997
0.999997
0.999997
0.999997
0.999997
0.999997
0.999997
0.999997
0.999997
0.999997
0.999997
0.999997
0.999997
0.999997
