0.379991
0.378469
0.377356
0.3765
0.375827
0.375297
0.374883
0.374569
0.374344
0.374198
0.374127
0.374113
0.374151
0.374249
0.374402
0.374597
0.37483
0.375111
0.375425
0.375769
0.376157
0.376572
0.377012
0.377477
0.377979
0.378503
0.379063
0.379627
0.380224
0.38084
0.381471
0.382135
0.382797
0.38349
0.384196
0.384933
0.385664
0.386424
0.387196
0.387978
0.388769
0.389571
0.390399
0.391236
0.392063
0.392916
0.393776
0.394662
0.395536
0.396435
0.397321
0.398231
0.399147
0.400068
0.400994
0.401944
0.402879
0.403837
0.404779
0.405744
0.406713
0.407684
0.408659
0.409636
0.410616
0.411598
0.412601
0.413587
0.414595
0.415604
0.416595
0.417606
0.418619
0.419633
0.420648
0.421663
0.422679
0.423715
0.424732
0.425769
0.426786
0.427823
0.42884
0.429876
0.430913
0.431929
0.432964
0.433998
0.435032
0.436065
0.437097
0.438128
0.439158
0.440207
0.441234
0.44226
0.443285
0.444328
0.44535
0.44639
0.447409
0.448446
0.449461
0.450494
0.451525
0.452535
0.453562
0.454587
0.455611
0.456632
0.457631
0.458648
0.459662
0.460674
0.461683
0.46269
0.463695
0.464697
0.465717
0.466713
0.467708
0.4687
0.469689
0.470676
0.471679
0.47266
0.473638
0.474634
0.475606
0.476576
0.477563
0.478526
0.479488
0.480465
0.48142
0.482392
0.483341
0.484307
0.48525
0.486209
0.487147
0.4881
0.489032
0.489978
0.490922
0.491844
0.492781
0.493698
0.494628
0.495556
0.496463
0.497383
0.498301
0.499218
0.50011
0.501018
0.501924
0.50281
0.503707
0.504602
0.505495
0.506386
0.507252
0.508133
0.509012
0.509889
0.510764
0.511614
0.512479
0.513341
0.5142
0.515058
0.515912
0.516746
0.51759
0.518431
0.51927
0.520106
0.52094
0.521771
0.522599
0.523424
0.524246
0.525044
0.525856
0.526664
0.52747
0.528272
0.529072
0.529869
0.530663
0.531454
0.532242
0.533027
0.533809
0.534588
0.535363
0.536136
0.536906
0.537673
0.538436
0.539197
0.539954
0.540709
0.54146
0.542208
0.542953
0.543695
0.544433
0.545169
0.545901
0.54663
0.547356
0.548079
0.548799
0.549516
0.550229
0.550939
0.551646
0.55235
0.553051
0.553749
0.554443
0.555134
0.555822
0.556507
0.557189
0.557867
0.558543
0.559215
0.559884
0.56055
0.561213
0.561872
0.562529
0.563182
0.563832
0.564479
0.565123
0.565764
0.566402
0.567036
0.567668
0.568296
0.568921
0.569543
0.570162
0.570778
0.571391
0.572001
0.572608
0.573212
0.573812
0.57441
0.575005
0.575596
0.576185
0.57677
0.577353
0.577932
0.578509
0.579082
0.579653
0.58022
0.580785
0.581347
0.581906
0.582461
0.583014
0.583564
0.584111
0.584655
0.585197
0.585735
0.586271
0.586803
0.587333
0.58786
0.588384
0.588905
0.589423
0.589939
0.590452
0.590962
0.591469
0.591973
0.592475
0.592974
0.59347
0.593963
0.594454
0.594942
0.595427
0.595909
0.596389
0.596866
0.597341
0.597812
0.598281
0.598748
0.599212
0.599673
0.600131
0.600587
0.60104
0.601491
0.601939
0.602384
0.602827
0.603268
0.603705
0.604141
0.604573
0.605003
0.605431
0.605856
0.606279
0.606699
0.607117
0.607532
0.607944
0.608355
0.608762
0.609168
0.609571
0.609971
0.610369
0.610765
0.611158
0.611549
0.611938
0.612324
0.612708
0.613089
0.613468
0.613845
0.614219
0.614592
0.614961
0.615329
0.615694
0.616057
0.616418
0.616776
0.617132
0.617486
0.617838
0.618187
0.618535
0.61888
0.619222
0.619563
0.619901
0.620238
0.620572
0.620904
0.621233
0.621561
0.621886
0.62221
0.622531
0.62285
0.623167
0.623482
0.623795
0.624105
0.624414
0.62472
0.625025
0.625327
0.625628
0.625926
0.626223
0.626517
0.626809
0.6271
0.627388
0.627674
0.627959
0.628241
0.628522
0.6288
0.629077
0.629351
0.629624
0.629895
0.630163
0.63043
0.630695
0.630959
0.63122
0.631479
0.631737
0.631992
0.632246
0.632498
0.632748
0.632996
0.633243
0.633487
0.63373
0.633971
0.63421
0.634448
0.634683
0.634917
0.635149
0.635379
0.635608
0.635835
0.63606
0.636283
0.636505
0.636725
0.636943
0.637159
0.637374
0.637587
0.637799
0.638008
0.638216
0.638423
0.638627
0.63883
0.639032
0.639232
0.63943
0.639626
0.639821
0.640015
0.640206
0.640397
0.640585
0.640772
0.640957
0.641141
0.641323
0.641504
0.641683
0.641861
0.642037
0.642212
0.642385
0.642556
0.642726
0.642894
0.643061
0.643227
0.643391
0.643553
0.643715
0.643874
0.644032
0.644189
0.644344
0.644498
0.64465
0.644801
0.644951
0.645099
0.645245
0.645391
0.645535
0.645677
0.645818
0.645958
0.646096
0.646233
0.646369
0.646503
0.646636
0.646767
0.646898
0.647026
0.647154
0.64728
0.647405
0.647529
0.647651
0.647772
0.647892
0.64801
0.648127
0.648243
0.648358
0.648471
0.648583
0.648694
0.648804
0.648912
0.649019
0.649125
0.649229
0.649333
0.649435
0.649536
0.649636
0.649734
0.649832
0.649928
0.650023
0.650117
0.65021
0.650301
0.650392
0.650481
0.650569
0.650656
0.650742
0.650826
0.65091
0.650992
0.651073
0.651154
0.651233
0.651311
0.651387
0.651463
0.651538
0.651611
0.651684
0.651755
0.651826
0.651895
0.651963
0.652031
0.652097
0.652162
0.652226
0.652289
0.652351
0.652412
0.652472
0.652531
0.652589
0.652646
0.652702
0.652757
0.652811
0.652864
0.652916
0.652967
0.653017
0.653066
0.653115
0.653162
0.653208
0.653253
0.653298
0.653341
0.653384
0.653425
0.653466
0.653506
0.653545
0.653583
0.65362
0.653656
0.653691
0.653725
0.653759
0.653791
0.653823
0.653854
0.653884
0.653913
0.653941
0.653968
0.653995
0.654021
0.654046
0.65407
0.654093
0.654115
0.654137
0.654157
0.654177
0.654196
0.654214
0.654232
0.654249
0.654264
0.65428
0.654294
0.654307
0.65432
0.654332
0.654343
0.654354
0.654363
0.654372
0.65438
0.654388
0.654394
0.6544
0.654405
0.65441
0.654413
0.654416
0.654419
0.65442
0.654421
0.654421
0.654421
0.654419
0.654417
0.654415
0.654411
0.654407
0.654402
0.654397
0.654391
0.654384
0.654377
0.654368
0.65436
0.65435
0.65434
0.654329
0.654318
0.654306
0.654293
0.65428
0.654266
0.654252
0.654236
0.654221
0.654204
0.654187
0.65417
0.654151
0.654132
0.654113
0.654093
0.654072
0.654051
0.654029
0.654007
0.653984
0.65396
0.653936
0.653911
0.653886
0.65386
0.653834
0.653807
0.65378
0.653752
0.653723
0.653694
0.653664
0.653634
0.653603
0.653572
0.65354
0.653508
0.653475
0.653442
0.653408
0.653374
0.653339
0.653303
0.653268
0.653231
0.653194
0.653157
0.653119
0.653081
0.653042
0.653003
0.652963
0.652923
0.652882
0.652841
0.652799
0.652757
0.652715
0.652672
0.652628
0.652585
0.65254
0.652495
0.65245
0.652405
0.652359
0.652312
0.652265
0.652218
0.65217
0.652122
0.652073
0.652024
0.651975
0.651925
0.651875
0.651824
0.651773
0.651721
0.65167
0.651617
0.651565
0.651512
0.651458
0.651405
0.65135
0.651296
0.651241
0.651186
0.65113
0.651074
0.651018
0.650961
0.650904
0.650847
0.650789
0.650731
0.650672
0.650613
0.650554
0.650495
0.650435
0.650375
0.650314
0.650253
0.650192
0.650131
0.650069
0.650007
0.649944
0.649882
0.649819
0.649755
0.649692
0.649628
0.649563
0.649499
0.649434
0.649369
0.649303
0.649238
0.649172
0.649105
0.649039
0.648972
0.648905
0.648837
0.648769
0.648701
0.648633
0.648565
0.648496
0.648427
0.648358
0.648288
0.648218
0.648148
0.648078
0.648007
0.647936
0.647865
0.647794
0.647722
0.647651
0.647578
0.647506
0.647434
0.647361
0.647288
0.647215
0.647141
0.647068
0.646994
0.64692
0.646846
0.646771
0.646696
0.646621
0.646546
0.646471
0.646395
0.64632
0.646244
0.646167
0.646091
0.646014
0.645938
0.645861
0.645784
0.645706
0.645629
0.645551
0.645473
0.645395
0.645317
0.645239
0.64516
0.645081
0.645002
0.644923
0.644844
0.644765
0.644685
0.644605
0.644525
0.644445
0.644365
0.644285
0.644204
0.644123
0.644042
0.643961
0.64388
0.643799
0.643718
0.643636
0.643554
0.643472
0.64339
0.643308
0.643226
0.643144
0.643061
0.642978
0.642896
0.642813
0.64273
0.642647
0.642563
0.64248
0.642396
0.642313
0.642229
0.642145
0.642061
0.641977
0.641893
0.641809
0.641724
0.64164
0.641555
0.64147
0.641385
0.6413
0.641215
0.64113
0.641045
0.64096
0.640874
0.640789
0.640703
0.640618
0.640532
0.640446
0.64036
0.640274
0.640188
0.640102
0.640015
0.639929
0.639843
0.639756
0.63967
0.639583
0.639496
0.63941
0.639323
0.639236
0.639149
0.639062
0.638975
0.638888
0.6388
0.638713
0.638626
0.638538
0.638451
0.638363
0.638276
0.638188
0.6381
0.638013
0.637925
0.637837
0.637749
0.637661
0.637573
0.637485
0.637397
0.637309
0.637221
0.637133
0.637045
0.636956
0.636868
0.63678
0.636691
0.636603
0.636515
0.636426
0.636338
0.636249
0.636161
0.636072
0.635984
0.635895
0.635806
0.635718
0.635629
0.63554
0.635451
0.635363
0.635274
0.635185
0.635096
0.635008
0.634919
0.63483
0.634741
0.634652
0.634563
0.634475
0.634386
0.634297
0.634208
0.634119
0.63403
0.633941
0.633852
0.633763
0.633674
0.633585
0.633497
0.633408
0.633319
0.63323
0.633141
0.633052
0.632963
0.632874
0.632785
0.632696
0.632608
0.632519
0.63243
0.632341
0.632252
0.632163
0.632075
0.631986
0.631897
0.631808
0.63172
0.631631
0.631542
0.631453
0.631365
0.631276
0.631188
0.631099
0.63101
0.630922
0.630833
0.630745
0.630656
0.630568
0.630479
0.630391
0.630303
0.630214
0.630126
0.630038
0.629949
0.629861
0.629773
0.629685
0.629597
0.629509
0.62942
0.629332
0.629244
0.629157
0.629069
0.628981
0.628893
0.628805
0.628717
0.62863
0.628542
0.628454
0.628367
0.628279
0.628192
0.628104
0.628017
0.627929
0.627842
0.627755
0.627667
0.62758
0.627493
0.627406
0.627319
0.627232
0.627145
0.627058
0.626971
0.626884
0.626797
0.626711
0.626624
0.626537
0.626451
0.626364
0.626278
0.626192
0.626105
0.626019
0.625933
0.625847
0.62576
0.625674
0.625588
0.625502
0.625417
0.625331
0.625245
0.625159
0.625074
0.624988
0.624903
0.624817
0.624732
0.624646
0.624561
0.624476
0.624391
0.624306
0.624221
0.624136
0.624051
0.623966
0.623881
0.623797
0.623712
0.623627
0.623543
0.623458
0.623374
0.62329
0.623206
0.623122
0.623037
0.622953
0.62287
0.622786
0.622702
0.622618
0.622534
0.622451
0.622367
0.622284
0.622201
0.622117
0.622034
0.621951
0.621868
0.621785
0.621702
0.621619
0.621536
0.621454
0.621371
0.621289
0.621206
0.621124
0.621041
0.620959
0.620877
0.620795
0.620713
0.620631
0.620549
0.620468
0.620386
0.620304
0.620223
0.620141
0.62006
0.619979
0.619897
0.619816
0.619735
0.619654
0.619573
0.619493
0.619412
0.619331
0.619251
0.61917
0.61909
0.61901
0.61893
0.618849
0.618769
0.618689
0.61861
0.61853
0.61845
0.61837
0.618291
0.618211
0.618132
0.618053
0.617974
0.617894
0.617815
0.617737
0.617658
0.617579
0.6175
0.617422
0.617343
0.617265
0.617186
0.617108
0.61703
0.616952
0.616874
0.616796
0.616718
0.616641
0.616563
0.616485
0.616408
0.616331
0.616253
0.616176
0.616099
0.616022
0.615945
0.615868
0.615792
0.615715
0.615639
0.615562
0.615486
0.615409
0.615333
0.615257
0.615181
0.615105
0.615029
0.614954
0.614878
0.614803
0.614727
0.614652
0.614576
0.614501
0.614426
0.614351
0.614276
0.614201
0.614127
0.614052
0.613978
0.613903
0.613829
0.613755
0.61368
0.613606
0.613532
0.613459
0.613385
0.613311
0.613237
0.613164
0.61309
0.613017
0.612944
0.612871
0.612798
0.612725
0.612652
0.612579
0.612507
0.612434
0.612361
0.612289
0.612217
0.612145
0.612073
0.612001
0.611929
0.611857
0.611785
0.611713
0.611642
0.61157
0.611499
0.611428
0.611357
0.611286
0.611215
0.611144
0.611073
0.611002
0.610932
0.610861
0.610791
0.61072
0.61065
0.61058
0.61051
0.61044
0.61037
0.610301
0.610231
0.610161
0.610092
0.610023
0.609953
0.609884
0.609815
0.609746
0.609677
0.609608
0.60954
0.609471
0.609403
0.609334
0.609266
0.609198
0.60913
0.609061
0.608994
0.608926
0.608858
0.60879
0.608723
0.608655
0.608588
0.608521
0.608453
0.608386
0.608319
0.608252
0.608186
0.608119
0.608052
0.607986
0.607919
0.607853
0.607787
0.607721
0.607655
0.607589
0.607523
0.607457
0.607391
0.607326
0.60726
0.607195
0.60713
0.607064
0.606999
0.606934
0.606869
0.606805
0.60674
0.606675
0.606611
0.606546
0.606482
0.606418
0.606353
0.606289
0.606225
0.606161
0.606098
0.606034
0.60597
0.605907
0.605843
0.60578
0.605717
0.605654
0.605591
0.605528
0.605465
0.605402
0.605339
0.605277
0.605214
0.605152
0.60509
0.605027
0.604965
0.604903
0.604841
0.604779
0.604718
0.604656
0.604595
0.604533
0.604472
0.60441
0.604349
0.604288
0.604227
0.604166
0.604105
0.604045
0.603984
0.603923
0.603863
0.603802
0.603742
0.603682
0.603622
0.603562
0.603502
0.603442
0.603382
0.603323
0.603263
0.603204
0.603144
0.603085
0.603026
0.602967
0.602908
0.602849
0.60279
0.602731
0.602673
0.602614
0.602556
0.602497
0.602439
0.602381
0.602322
0.602264
0.602207
0.602149
0.602091
0.602033
0.601976
0.601918
0.601861
0.601803
0.601746
0.601689
0.601632
0.601575
0.601518
0.601461
0.601405
0.601348
0.601292
0.601235
0.601179
0.601122
0.601066
0.60101
0.600954
0.600898
0.600842
0.600787
0.600731
0.600675
0.60062
0.600565
0.600509
0.600454
0.600399
0.600344
0.600289
0.600234
0.600179
0.600125
0.60007
0.600015
0.599961
0.599907
0.599852
0.599798
0.599744
0.59969
0.599636
0.599582
0.599528
0.599475
0.599421
0.599368
0.599314
0.599261
0.599208
0.599154
0.599101
0.599048
0.598995
0.598943
0.59889
0.598837
0.598785
0.598732
0.59868
0.598627
0.598575
0.598523
0.598471
0.598419
0.598367
0.598315
0.598263
0.598212
0.59816
0.598109
0.598057
0.598006
0.597954
0.597903
0.597852
0.597801
0.59775
0.597699
0.597649
0.597598
0.597547
0.597497
0.597446
0.597396
0.597346
0.597295
0.597245
0.597195
0.597145
0.597095
0.597046
0.596996
0.596946
0.596897
0.596847
0.596798
0.596748
0.596699
0.59665
0.596601
0.596552
0.596503
0.596454
0.596405
0.596356
0.596308
0.596259
0.596211
0.596162
0.596114
0.596066
0.596018
0.59597
0.595922
0.595874
0.595826
0.595778
0.59573
0.595683
0.595635
0.595588
0.59554
0.595493
0.595446
0.595399
0.595352
0.595305
0.595258
0.595211
0.595164
0.595117
0.595071
0.595024
0.594978
0.594931
0.594885
0.594839
0.594793
0.594746
0.5947
0.594654
0.594609
0.594563
0.594517
0.594471
0.594426
0.59438
0.594335
0.59429
0.594244
0.594199
0.594154
0.594109
0.594064
0.594019
0.593974
0.593929
0.593885
0.59384
0.593795
0.593751
0.593707
0.593662
0.593618
0.593574
0.59353
0.593486
0.593442
0.593398
0.593354
0.59331
0.593266
0.593223
0.593179
0.593136
0.593092
0.593049
0.593006
0.592963
0.592919
0.592876
0.592833
0.59279
0.592748
0.592705
0.592662
0.592619
0.592577
0.592534
0.592492
0.59245
0.592407
0.592365
0.592323
0.592281
0.592239
0.592197
0.592155
0.592113
0.592071
0.59203
0.591988
0.591947
0.591905
0.591864
0.591822
0.591781
0.59174
0.591699
0.591658
0.591617
0.591576
0.591535
0.591494
0.591453
0.591413
0.591372
0.591332
0.591291
0.591251
0.59121
0.59117
0.59113
0.59109
0.59105
0.59101
0.59097
0.59093
0.59089
0.59085
0.590811
0.590771
0.590732
0.590692
0.590653
0.590613
0.590574
0.590535
0.590496
0.590457
0.590418
0.590379
0.59034
0.590301
0.590262
0.590223
0.590185
0.590146
0.590108
0.590069
0.590031
0.589992
0.589954
0.589916
0.589878
0.58984
0.589802
0.589764
0.589726
0.589688
0.58965
0.589612
0.589575
0.589537
0.5895
0.589462
0.589425
0.589387
0.58935
0.589313
0.589276
0.589239
0.589202
0.589165
0.589128
0.589091
0.589054
0.589017
0.588981
0.588944
0.588907
0.588871
0.588835
0.588798
0.588762
0.588726
0.588689
0.588653
0.588617
0.588581
0.588545
0.588509
0.588473
0.588438
0.588402
0.588366
0.588331
0.588295
0.58826
0.588224
0.588189
0.588153
0.588118
0.588083
0.588048
0.588013
0.587978
0.587943
0.587908
0.587873
0.587838
0.587803
0.587769
0.587734
0.587699
0.587665
0.58763
0.587596
0.587562
0.587527
0.587493
0.587459
0.587425
0.587391
0.587357
0.587323
0.587289
0.587255
0.587221
0.587187
0.587154
0.58712
0.587087
0.587053
0.58702
0.586986
0.586953
0.58692
0.586886
0.586853
0.58682
0.586787
0.586754
0.586721
0.586688
0.586655
0.586622
0.586589
0.586557
0.586524
0.586491
0.586459
0.586426
0.586394
0.586362
0.586329
0.586297
0.586265
0.586233
0.5862
0.586168
0.586136
0.586104
0.586072
0.586041
0.586009
0.585977
0.585945
0.585914
0.585882
0.58585
0.585819
0.585787
0.585756
0.585725
0.585693
0.585662
0.585631
0.5856
0.585569
0.585538
0.585507
0.585476
0.585445
0.585414
0.585383
0.585352
0.585322
0.585291
0.585261
0.58523
0.585199
0.585169
0.585139
0.585108
0.585078
0.585048
0.585018
0.584987
0.584957
0.584927
0.584897
0.584867
0.584837
0.584808
0.584778
0.584748
0.584718
0.584689
0.584659
0.584629
0.5846
0.58457
0.584541
0.584512
0.584482
0.584453
0.584424
0.584395
0.584365
0.584336
0.584307
0.584278
0.584249
0.58422
0.584192
0.584163
0.584134
0.584105
0.584077
0.584048
0.584019
0.583991
0.583962
0.583934
0.583906
0.583877
0.583849
0.583821
0.583792
0.583764
0.583736
0.583708
0.58368
0.583652
0.583624
0.583596
0.583568
0.583541
0.583513
0.583485
0.583457
0.58343
0.583402
0.583375
0.583347
0.58332
0.583292
0.583265
0.583238
0.58321
0.583183
0.583156
0.583129
0.583102
0.583075
0.583048
0.583021
0.582994
0.582967
0.58294
0.582913
0.582887
0.58286
0.582833
0.582807
0.58278
0.582754
0.582727
0.582701
0.582674
0.582648
0.582622
0.582595
0.582569
0.582543
0.582517
0.582491
0.582465
0.582438
0.582413
0.582387
0.582361
0.582335
0.582309
0.582283
0.582258
0.582232
0.582206
0.582181
0.582155
0.582129
0.582104
0.582079
0.582053
0.582028
0.582002
0.581977
0.581952
0.581927
0.581902
0.581876
0.581851
0.581826
0.581801
0.581776
0.581751
0.581727
0.581702
0.581677
0.581652
0.581628
0.581603
0.581578
0.581554
0.581529
0.581505
0.58148
0.581456
0.581431
0.581407
0.581382
0.581358
0.581334
0.58131
0.581286
0.581261
0.581237
0.581213
0.581189
0.581165
0.581141
0.581117
0.581094
0.58107
0.581046
0.581022
0.580999
0.580975
0.580951
0.580928
0.580904
0.580881
0.580857
0.580834
0.58081
0.580787
0.580764
0.58074
0.580717
0.580694
0.580671
0.580647
0.580624
0.580601
0.580578
0.580555
0.580532
0.580509
0.580486
0.580464
0.580441
0.580418
0.580395
0.580372
0.58035
0.580327
0.580305
0.580282
0.580259
0.580237
0.580215
0.580192
0.58017
0.580147
0.580125
0.580103
0.580081
0.580058
0.580036
0.580014
0.579992
0.57997
0.579948
0.579926
0.579904
0.579882
0.57986
0.579838
0.579816
0.579795
0.579773
0.579751
0.579729
0.579708
0.579686
0.579665
0.579643
0.579621
0.5796
0.579579
0.579557
0.579536
0.579514
0.579493
0.579472
0.579451
0.579429
0.579408
0.579387
0.579366
0.579345
0.579324
0.579303
0.579282
0.579261
0.57924
0.579219
0.579198
0.579177
0.579157
0.579136
0.579115
0.579095
0.579074
0.579053
0.579033
0.579012
0.578992
0.578971
0.578951
0.57893
0.57891
0.57889
0.578869
0.578849
0.578829
0.578808
0.578788
0.578768
0.578748
