0.0530366
0.0746938
0.0951095
0.1143
0.13278
0.150715
0.168087
0.185018
0.201579
0.217816
0.233761
0.249254
0.264327
0.279175
0.293806
0.308065
0.32197
0.335689
0.349076
0.362142
0.375045
0.387646
0.399955
0.411983
0.423869
0.435487
0.44697
0.458074
0.469053
0.479791
0.490295
0.500684
0.510737
0.520684
0.530417
0.540047
0.54937
0.558596
0.567628
0.57647
0.585127
0.593606
0.601997
0.610214
0.618175
0.626058
0.633779
0.641421
0.648828
0.65616
0.663268
0.670306
0.6772
0.683954
0.690572
0.697123
0.703474
0.709763
0.71586
0.721897
0.727811
0.733607
0.739285
0.744848
0.750299
0.755641
0.760929
0.766057
0.771133
0.776106
0.780928
0.785702
0.79038
0.794962
0.799451
0.803849
0.808158
0.812422
0.816557
0.820649
0.824615
0.828541
0.832347
0.836114
0.839802
0.843378
0.846916
0.850382
0.853775
0.857098
0.860352
0.863538
0.866657
0.869743
0.872732
0.87566
0.878526
0.88136
0.884106
0.886821
0.889452
0.892053
0.894573
0.897064
0.899502
0.901864
0.904198
0.906481
0.908716
0.910901
0.913018
0.91511
0.917156
0.919157
0.921114
0.923029
0.924901
0.926731
0.928539
0.930289
0.931999
0.933672
0.935307
0.936905
0.938483
0.94001
0.941502
0.942976
0.9444
0.945793
0.947167
0.948496
0.949795
0.951077
0.952316
0.953539
0.954721
0.955887
0.957015
0.958127
0.959202
0.960262
0.961288
0.962298
0.963285
0.964238
0.965178
0.966086
0.966981
0.967855
0.968699
0.96953
0.970342
0.971134
0.971898
0.972651
0.973386
0.974096
0.974794
0.975476
0.97614
0.976789
0.977414
0.978029
0.97863
0.979215
0.979786
0.980336
0.980878
0.981406
0.98192
0.982422
0.98291
0.983382
0.983845
0.984296
0.984736
0.985165
0.985582
0.985988
0.986384
0.98677
0.987145
0.987506
0.987862
0.988207
0.988544
0.988872
0.989191
0.989501
0.989804
0.990098
0.990384
0.990662
0.990933
0.991197
0.991453
0.991702
0.991945
0.992181
0.99241
0.992633
0.99285
0.993061
0.993266
0.993465
0.993659
0.993847
0.99403
0.994208
0.994381
0.994549
0.994713
0.994871
0.995025
0.995175
0.995321
0.995462
0.995599
0.995732
0.995862
0.995988
0.99611
0.996228
0.996343
0.996455
0.996564
0.996669
0.996771
0.996871
0.996967
0.99706
0.997151
0.997239
0.997325
0.997408
0.997488
0.997566
0.997642
0.997715
0.997787
0.997856
0.997923
0.997988
0.998051
0.998112
0.998172
0.998229
0.998285
0.998339
0.998391
0.998442
0.998492
0.998539
0.998586
0.998631
0.998674
0.998716
0.998757
0.998797
0.998835
0.998873
0.998909
0.998944
0.998977
0.99901
0.999042
0.999073
0.999103
0.999131
0.999159
0.999187
0.999213
0.999238
0.999263
0.999287
0.99931
0.999332
0.999354
0.999375
0.999395
0.999415
0.999434
0.999452
0.99947
0.999487
0.999504
0.99952
0.999536
0.999551
0.999566
0.99958
0.999594
0.999607
0.99962
0.999633
0.999645
0.999656
0.999668
0.999679
0.999689
0.999699
0.999709
0.999719
0.999728
0.999737
0.999746
0.999754
0.999762
0.99977
0.999778
0.999785
0.999792
0.999799
0.999806
0.999812
0.999818
0.999824
0.99983
0.999836
0.999841
0.999847
0.999852
0.999857
0.999861
0.999866
0.99987
0.999875
0.999879
0.999883
0.999887
0.999891
0.999894
0.999898
0.999901
0.999904
0.999908
0.999911
0.999914
0.999917
0.999919
0.999922
0.999925
0.999927
0.99993
0.999932
0.999934
0.999936
0.999939
0.999941
0.999943
0.999944
0.999946
0.999948
0.99995
0.999952
0.999953
0.999955
0.999956
0.999958
0.999959
0.99996
0.999962
0.999963
0.999964
0.999965
0.999967
0.999968
0.999969
0.99997
0.999971
0.999972
0.999973
0.999974
0.999975
0.999975
0.999976
0.999977
0.999978
0.999979
0.999979
0.99998
0.999981
0.999981
0.999982
0.999982
0.999983
0.999984
0.999984
0.999985
0.999985
0.999986
0.999986
0.999987
0.999987
0.999987
0.999988
0.999988
0.999989
0.999989
0.999989
0.99999
0.99999
0.99999
0.999991
0.999991
0.999991
0.999992
0.999992
0.999992
0.999992
0.999993
0.999993
0.999993
0.999993
0.999994
0.999994
0.999994
0.999994
0.999994
0.999995
0.999995
0.999995
0.999995
0.999995
0.999995
0.999996
0.999996
0.999996
0.999996
0.999996
0.999996
0.999996
0.999996
0.999997
0.999997
0.999997
0.999997
0.999997
0.999997
0.999997
0.999997
0.999997
0.999997
0.999998
0.999998
0.999998
0.999998
0.999998
0.999998
0.999998
0.999998
0.999998
0.999998
0.999998
0.999998
0.999998
0.999998
0.999998
0.999998
0.999999
0.999999
0.999999
0.999999
0.999999
0.999999
0.999999
0.999999
0.999999
0.999999
0.999999
0.999999
0.999999
0.999999
0.999999
0.999999
0.999999
0.999999
0.999999
0.999999
0.999999
0.999999
0.999999
0.999999
0.999999
0.999999
0.999999
0.999999
0.999999
0.999999
0.999999
0.999999
0.999999
0.999999
0.999999
1
1
1
1
1
1
1
1
1
1
1
1
1
1
1
1
1
1
1
1
1
1
1
1
1
1
1
1
1
1
1
1
1
1
1
1
1
1
1
1
1
1
1
1
1
1
1
1
1
1
1
1
1
1
1
1
1
1
1
1
1
1
1
1
1
1
1
1
1
1
1
1
1
1
1
1
1
1
1
1
1
1
1
1
1
1
1
1
1
1
1
1
1
1
1
1
1
1
1
1
1
1
1
1
1
1
1
1
1
1
1
1
1
1
1
1
1
1
1
1
1
1
1
1
1
1
1
1
1
1
1
1
1
1
1
1
1
1
1
1
1
1
1
1
1
1
1
1
1
1
1
1
1
1
1
1
1
1
1
1
1
1
1
1
1
1
1
1
1
1
1
1
1
1
1
1
1
1
1
1
1
1
1
1
1
1
1
1
1
1
1
1
1
1
1
1
1
1
1
1
1
1
1
1
1
1
1
1
1
1
1
1
1
1
1
1
1
1
1
1
1
1
1
1
1
1
1
1
1
1
1
1
1
1
1
1
1
1
1
1
1
1
1
1
1
1
1
1
1
1
1
1
1
1
1
1
1
1
1
1
1
1
1
1
1
1
1
1
1
1
1
1
1
1
1
1
1
1
1
1
1
1
1
1
1
1
1
1
1
1
1
1
1
1
1
1
1
1
1
1
1
1
1
1
1
1
1
1
1
1
1
1
1
1
1
1
1
1
1
1
1
1
1
1
1
1
1
1
1
1
1
1
1
1
1
1
1
1
1
1
1
1
1
1
1
1
1
1
1
1
1
1
1
1
1
1
1
1
1
1
1
1
1
1
1
1
1
1
1
1
1
1
1
1
1
1
1
1
1
1
1
1
1
1
1
1
1
1
1
1
1
1
1
1
1
1
1
1
1
1
1
1
1
1
1
1
1
1
1
1
1
1
1
1
1
1
1
1
1
1
1
1
1
1
1
1
1
1
1
1
1
1
1
1
1
1
1
1
1
1
1
1
1
1
1
1
1
1
1
1
1
1
1
1
1
1
1
1
1
1
1
1
1
1
1
1
1
1
1
1
1
1
1
1
1
1
1
1
1
1
1
1
1
1
1
1
1
1
1
1
1
1
1
1
1
1
1
1
1
1
1
1
1
1
1
1
1
1
1
1
1
1
1
1
1
1
1
1
1
1
1
1
1
1
1
1
1
1
1
1
1
1
1
1
1
1
1
1
1
1
1
1
1
1
1
1
1
1
1
1
1
1
1
1
1
1
1
1
1
1
1
1
1
1
1
1
1
1
1
1
1
1
1
1
1
1
1
1
1
1
1
1
1
1
1
1
1
1
1
1
1
1
1
1
1
1
1
1
1
1
1
1
1
1
1
1
1
1
1
1
1
1
1
1
1
1
1
1
1
1
1
1
1
1
1
1
1
1
1
1
1
1
1
1
1
1
1
1
1
1
1
1
1
1
1
1
1
1
1
1
1
1
1
1
1
1
1
1
1
1
1
1
1
1
1
1
1
1
1
1
1
1
1
1
1
1
1
1
1
1
1
1
1
1
1
1
1
1
1
1
1
1
1
1
1
1
1
1
1
1
1
1
1
1
1
1
1
1
1
1
1
1
1
1
1
1
1
1
1
1
1
1
1
1
1
1
1
1
1
1
1
1
1
1
1
1
1
1
1
1
1
1
1
1
1
1
1
1
1
1
1
1
1
1
1
1
1
1
1
1
1
1
1
1
1
1
1
1
1
1
1
1
1
1
1
1
1
1
1
1
1
1
1
1
1
1
1
1
1
1
1
1
1
1
1
1
1
1
1
1
1
1
1
1
1
1
1
1
1
1
1
1
1
1
1
1
1
1
1
1
1
1
1
1
1
1
1
1
1
1
1
1
1
1
1
1
1
1
1
1
1
1
1
1
1
1
1
1
1
1
1
1
1
1
1
1
1
1
1
1
1
1
1
1
1
1
1
1
1
1
1
1
1
1
1
1
1
1
1
1
1
1
1
1
1
1
1
1
1
1
1
1
1
1
1
1
1
1
1
1
1
1
1
1
1
1
1
1
1
1
1
1
1
1
1
1
1
1
1
1
1
1
1
1
1
1
1
1
1
1
1
1
1
1
1
1
1
1
1
1
1
1
1
1
1
1
1
1
1
1
1
1
1
1
1
1
1
1
1
1
1
1
1
1
1
1
1
1
1
1
1
1
1
1
1
1
1
1
1
1
1
1
1
1
1
1
1
1
1
1
1
1
1
1
1
1
1
1
1
1
1
1
1
1
1
1
1
1
1
1
1
1
1
1
1
1
1
1
1
1
1
1
1
1
1
1
1
1
1
1
1
1
1
1
1
1
1
1
1
1
1
1
1
1
1
1
1
1
1
1
1
1
1
1
1
1
1
1
1
1
1
1
1
1
1
1
1
1
1
1
1
1
1
1
1
1
1
1
1
1
1
1
1
1
1
1
1
1
1
1
1
1
1
1
1
1
1
1
1
1
1
1
1
1
1
1
1
1
1
1
1
1
1
1
1
1
1
1
1
1
1
1
1
1
1
1
1
1
1
1
1
1
1
1
1
1
1
1
1
1
1
1
1
1
1
1
1
1
1
1
1
1
1
1
1
1
1
1
1
1
1
1
1
1
1
1
1
1
1
1
1
1
1
1
1
1
1
1
1
1
1
1
1
1
1
1
1
1
1
1
1
1
1
1
1
1
1
1
1
1
1
1
1
1
1
1
1
1
1
1
1
1
1
1
1
1
1
1
1
1
1
1
1
1
1
1
1
1
1
1
1
1
1
1
1
1
1
1
1
1
1
1
1
1
1
1
1
1
1
1
1
1
1
1
1
1
1
1
1
1
1
1
1
1
1
1
1
1
1
1
1
1
1
1
1
1
1
1
1
1
1
1
1
1
1
1
1
1
1
1
1
1
1
1
1
1
1
1
1
1
1
1
1
1
1
1
1
1
1
1
1
1
1
1
1
1
1
1
1
1
1
1
1
1
1
1
1
1
1
1
1
1
1
1
1
1
1
1
1
1
1
1
1
1
1
1
1
1
1
1
1
1
1
1
1
1
1
1
1
1
1
1
1
1
1
1
1
1
1
1
1
1
1
1
1
1
1
1
1
1
1
1
1
1
1
1
1
1
1
1
1
1
1
1
1
1
1
1
1
1
1
1
1
1
1
1
1
1
1
1
1
1
1
1
1
1
1
1
1
1
1
1
1
1
1
1
1
1
1
1
1
1
1
1
1
1
1
1
1
1
1
1
1
1
1
1
1
1
1
1
1
1
1
1
1
1
1
1
1
1
1
1
1
1
1
1
1
1
1
1
1
1
1
1
1
1
1
1
1
1
1
1
1
1
1
1
1
1
1
1
1
1
1
1
1
1
1
1
1
1
1
1
1
1
1
