0.379991
0.378146
0.376527
0.375101
0.373828
0.372668
0.37161
0.370637
0.369738
0.368903
0.368129
0.367409
0.366738
0.36611
0.365525
0.364983
0.364475
0.364
0.363561
0.36315
0.362768
0.362417
0.362084
0.361788
0.361508
0.361256
0.361017
0.360805
0.360619
0.360444
0.360293
0.36016
0.360042
0.359939
0.359852
0.359787
0.359727
0.359689
0.359664
0.359651
0.35965
0.359671
0.359692
0.359735
0.359777
0.35984
0.359912
0.359994
0.360085
0.360196
0.360304
0.36042
0.360556
0.360699
0.360838
0.360996
0.361161
0.361333
0.361512
0.361708
0.361899
0.362097
0.362311
0.36252
0.362746
0.362977
0.363214
0.363443
0.36369
0.363941
0.364197
0.364457
0.364734
0.365002
0.365275
0.365564
0.365844
0.36614
0.366428
0.366731
0.367025
0.367335
0.367648
0.367964
0.368283
0.368604
0.368929
0.369256
0.369585
0.369917
0.370251
0.370587
0.370939
0.37128
0.371622
0.37198
0.372326
0.372687
0.373037
0.373402
0.373755
0.374122
0.374491
0.374849
0.37522
0.375593
0.375967
0.376343
0.376719
0.377096
0.377475
0.377854
0.378234
0.378615
0.378996
0.379379
0.379762
0.380145
0.380542
0.380927
0.381312
0.381711
0.382096
0.382483
0.382882
0.383269
0.383669
0.384056
0.384457
0.384844
0.385245
0.385632
0.386033
0.38642
0.386821
0.387221
0.387608
0.388008
0.388408
0.388808
0.389195
0.389594
0.389993
0.390391
0.39079
0.391187
0.391585
0.391969
0.392365
0.392761
0.393157
0.393552
0.393946
0.39434
0.394734
0.395126
0.395519
0.395923
0.396314
0.396704
0.397093
0.397482
0.39787
0.398257
0.398656
0.399042
0.399426
0.39981
0.400194
0.400589
0.40097
0.40135
0.40173
0.402122
0.402499
0.402876
0.403265
0.40364
0.404014
0.4044
0.404772
0.405156
0.405525
0.405894
0.406275
0.406642
0.407021
0.407385
0.407762
0.408124
0.408486
0.408858
0.409218
0.409588
0.409946
0.410314
0.410682
0.411035
0.4114
0.411751
0.412114
0.412463
0.412823
0.41317
0.413528
0.413885
0.414228
0.414582
0.414923
0.415274
0.415625
0.415962
0.41631
0.416657
0.41699
0.417334
0.417678
0.418007
0.418348
0.418687
0.419013
0.41935
0.419685
0.42002
0.42034
0.420672
0.421003
0.42132
0.421647
0.421973
0.422299
0.422611
0.422933
0.423254
0.423575
0.423882
0.424199
0.424514
0.42483
0.425144
0.425444
0.425754
0.426064
0.426372
0.42668
0.426973
0.427277
0.42758
0.427882
0.428183
0.428471
0.428768
0.429064
0.429359
0.429653
0.429947
0.430239
0.430516
0.430804
0.431091
0.431378
0.431663
0.431947
0.43223
0.432499
0.432778
0.433055
0.433332
0.433608
0.433883
0.434156
0.434429
0.434701
0.434957
0.435225
0.435491
0.435756
0.43602
0.436283
0.436545
0.436806
0.437066
0.437325
0.43757
0.437825
0.438078
0.43833
0.438581
0.438831
0.43908
0.439328
0.439575
0.43982
0.440065
0.440308
0.440551
0.440792
0.441032
0.441259
0.441494
0.441729
0.441962
0.442195
0.442426
0.442656
0.442885
0.443113
0.44334
0.443566
0.44379
0.444014
0.444236
0.444458
0.444678
0.444897
0.445115
0.445332
0.445547
0.445762
0.445976
0.446188
0.446399
0.446609
0.446819
0.447027
0.447233
0.447439
0.447633
0.447834
0.448034
0.448233
0.448431
0.448628
0.448824
0.449019
0.449213
0.449405
0.449597
0.449787
0.449977
0.450165
0.450352
0.450539
0.450724
0.450908
0.45109
0.451272
0.451453
0.451633
0.451811
0.451989
0.452166
0.452341
0.452515
0.452689
0.452861
0.453032
0.453203
0.453372
0.45354
0.453707
0.453873
0.454038
0.454202
0.454365
0.454527
0.454688
0.454848
0.455007
0.455164
0.455321
0.455477
0.455632
0.455786
0.455938
0.45609
0.456241
0.456391
0.456539
0.456687
0.456834
0.45698
0.457125
0.457269
0.457411
0.457553
0.457694
0.457834
0.457973
0.458111
0.458248
0.458385
0.45852
0.458654
0.458787
0.45892
0.459051
0.459182
0.459311
0.45944
0.459567
0.459694
0.45982
0.459945
0.460069
0.460192
0.460314
0.460435
0.460556
0.460675
0.460794
0.460911
0.461028
0.461144
0.461259
0.461373
0.461486
0.461599
0.46171
0.461821
0.461931
0.46204
0.462148
0.462255
0.462361
0.462467
0.462571
0.462675
0.462778
0.46288
0.462982
0.463082
0.463182
0.463281
0.463379
0.463476
0.463572
0.463668
0.463763
0.463857
0.46395
0.464042
0.464134
0.464225
0.464315
0.464404
0.464492
0.46458
0.464667
0.464753
0.464839
0.464923
0.465007
0.46509
0.465172
0.465254
0.465335
0.465415
0.465494
0.465573
0.465651
0.465728
0.465805
0.46588
0.465955
0.46603
0.466103
0.466176
0.466248
0.46632
0.46639
0.46646
0.46653
0.466598
0.466666
0.466734
0.4668
0.466866
0.466931
0.466996
0.46706
0.467123
0.467186
0.467248
0.467309
0.467369
0.467429
0.467489
0.467547
0.467605
0.467663
0.467719
0.467776
0.467831
0.467886
0.46794
0.467994
0.468047
0.468099
0.468151
0.468202
0.468253
0.468303
0.468352
0.468401
0.468449
0.468496
0.468543
0.46859
0.468636
0.468681
0.468726
0.46877
0.468813
0.468856
0.468898
0.46894
0.468982
0.469022
0.469062
0.469102
0.469141
0.46918
0.469218
0.469255
0.469292
0.469328
0.469364
0.469399
0.469434
0.469468
0.469502
0.469535
0.469568
0.4696
0.469632
0.469663
0.469694
0.469724
0.469754
0.469783
0.469812
0.46984
0.469867
0.469895
0.469921
0.469948
0.469973
0.469999
0.470024
0.470048
0.470072
0.470095
0.470118
0.470141
0.470163
0.470185
0.470206
0.470226
0.470247
0.470266
0.470286
0.470305
0.470323
0.470341
0.470359
0.470376
0.470393
0.470409
0.470425
0.470441
0.470456
0.470471
0.470485
0.470499
0.470512
0.470525
0.470538
0.47055
0.470562
0.470573
0.470584
0.470595
0.470605
0.470615
0.470625
0.470634
0.470642
0.470651
0.470659
0.470666
0.470674
0.47068
0.470687
0.470693
0.470699
0.470704
0.470709
0.470714
0.470718
0.470722
0.470726
0.470729
0.470732
0.470735
0.470737
0.470739
0.470741
0.470742
0.470743
0.470743
0.470743
0.470743
0.470743
0.470742
0.470741
0.47074
0.470738
0.470736
0.470734
0.470731
0.470728
0.470725
0.470722
0.470718
0.470713
0.470709
0.470704
0.470699
0.470694
0.470688
0.470682
0.470676
0.47067
0.470663
0.470656
0.470648
0.470641
0.470633
0.470625
0.470616
0.470607
0.470598
0.470589
0.47058
0.47057
0.47056
0.470549
0.470539
0.470528
0.470517
0.470506
0.470494
0.470482
0.47047
0.470458
0.470445
0.470432
0.470419
0.470406
0.470392
0.470378
0.470364
0.47035
0.470336
0.470321
0.470306
0.470291
0.470275
0.470259
0.470244
0.470227
0.470211
0.470195
0.470178
0.470161
0.470144
0.470126
0.470109
0.470091
0.470073
0.470054
0.470036
0.470017
0.469998
0.469979
0.46996
0.469941
0.469921
0.469901
0.469881
0.469861
0.46984
0.46982
0.469799
0.469778
0.469757
0.469735
0.469714
0.469692
0.46967
0.469648
0.469626
0.469603
0.469581
0.469558
0.469535
0.469512
0.469489
0.469465
0.469441
0.469418
0.469394
0.469369
0.469345
0.469321
0.469296
0.469271
0.469246
0.469221
0.469196
0.469171
0.469145
0.469119
0.469093
0.469067
0.469041
0.469015
0.468989
0.468962
0.468935
0.468908
0.468881
0.468854
0.468827
0.468799
0.468772
0.468744
0.468716
0.468688
0.46866
0.468632
0.468604
0.468575
0.468547
0.468518
0.468489
0.46846
0.468431
0.468402
0.468372
0.468343
0.468313
0.468283
0.468254
0.468224
0.468194
0.468163
0.468133
0.468103
0.468072
0.468042
0.468011
0.46798
0.467949
0.467918
0.467887
0.467856
0.467824
0.467793
0.467761
0.46773
0.467698
0.467666
0.467634
0.467602
0.46757
0.467537
0.467505
0.467473
0.46744
0.467408
0.467375
0.467342
0.467309
0.467276
0.467243
0.46721
0.467177
0.467143
0.46711
0.467076
0.467043
0.467009
0.466976
0.466942
0.466908
0.466874
0.46684
0.466806
0.466772
0.466737
0.466703
0.466669
0.466634
0.466599
0.466565
0.46653
0.466495
0.466461
0.466426
0.466391
0.466356
0.466321
0.466285
0.46625
0.466215
0.46618
0.466144
0.466109
0.466073
0.466038
0.466002
0.465966
0.46593
0.465895
0.465859
0.465823
0.465787
0.465751
0.465715
0.465678
0.465642
0.465606
0.46557
0.465533
0.465497
0.46546
0.465424
0.465387
0.465351
0.465314
0.465277
0.465241
0.465204
0.465167
0.46513
0.465093
0.465056
0.465019
0.464982
0.464945
0.464908
0.464871
0.464834
0.464797
0.464759
0.464722
0.464685
0.464647
0.46461
0.464573
0.464535
0.464498
0.46446
0.464422
0.464385
0.464347
0.46431
0.464272
0.464234
0.464196
0.464159
0.464121
0.464083
0.464045
0.464007
0.463969
0.463931
0.463893
0.463855
0.463817
0.463779
0.463741
0.463703
0.463665
0.463627
0.463589
0.463551
0.463512
0.463474
0.463436
0.463398
0.463359
0.463321
0.463283
0.463245
0.463206
0.463168
0.463129
0.463091
0.463053
0.463014
0.462976
0.462937
0.462899
0.46286
0.462822
0.462784
0.462745
0.462707
0.462668
0.462629
0.462591
0.462552
0.462514
0.462475
0.462437
0.462398
0.462359
0.462321
0.462282
0.462244
0.462205
0.462166
0.462128
0.462089
0.462051
0.462012
0.461973
0.461935
0.461896
0.461857
0.461819
0.46178
0.461741
0.461703
0.461664
0.461625
0.461587
0.461548
0.461509
0.461471
0.461432
0.461393
0.461355
0.461316
0.461277
0.461239
0.4612
0.461161
0.461123
0.461084
0.461046
0.461007
0.460968
0.46093
0.460891
0.460853
0.460814
0.460775
0.460737
0.460698
0.46066
0.460621
0.460582
0.460544
0.460505
0.460467
0.460428
0.46039
0.460351
0.460313
0.460274
0.460236
0.460197
0.460159
0.460121
0.460082
0.460044
0.460005
0.459967
0.459929
0.45989
0.459852
0.459813
0.459775
0.459737
0.459699
0.45966
0.459622
0.459584
0.459545
0.459507
0.459469
0.459431
0.459393
0.459355
0.459316
0.459278
0.45924
0.459202
0.459164
0.459126
0.459088
0.45905
0.459012
0.458974
0.458936
0.458898
0.45886
0.458822
0.458784
0.458746
0.458708
0.458671
0.458633
0.458595
0.458557
0.458519
0.458482
0.458444
0.458406
0.458368
0.458331
0.458293
0.458256
0.458218
0.45818
0.458143
0.458105
0.458068
0.45803
0.457993
0.457955
0.457918
0.457881
0.457843
0.457806
0.457769
0.457731
0.457694
0.457657
0.45762
0.457582
0.457545
0.457508
0.457471
0.457434
0.457397
0.45736
0.457323
0.457286
0.457249
0.457212
0.457175
0.457138
0.457101
0.457064
0.457028
0.456991
0.456954
0.456917
0.456881
0.456844
0.456807
0.456771
0.456734
0.456697
0.456661
0.456624
0.456588
0.456552
0.456515
0.456479
0.456442
0.456406
0.45637
0.456333
0.456297
0.456261
0.456225
0.456189
0.456152
0.456116
0.45608
0.456044
0.456008
0.455972
0.455936
0.4559
0.455865
0.455829
0.455793
0.455757
0.455721
0.455686
0.45565
0.455614
0.455579
0.455543
0.455507
0.455472
0.455436
0.455401
0.455365
0.45533
0.455295
0.455259
0.455224
0.455189
0.455153
0.455118
0.455083
0.455048
0.455013
0.454978
0.454942
0.454907
0.454872
0.454837
0.454803
0.454768
0.454733
0.454698
0.454663
0.454628
0.454594
0.454559
0.454524
0.45449
0.454455
0.45442
0.454386
0.454351
0.454317
0.454283
0.454248
0.454214
0.454179
0.454145
0.454111
0.454077
0.454043
0.454008
0.453974
0.45394
0.453906
0.453872
0.453838
0.453804
0.45377
0.453736
0.453703
0.453669
0.453635
0.453601
0.453568
0.453534
0.4535
0.453467
0.453433
0.4534
0.453366
0.453333
0.453299
0.453266
0.453232
0.453199
0.453166
0.453133
0.453099
0.453066
0.453033
0.453
0.452967
0.452934
0.452901
0.452868
0.452835
0.452802
0.452769
0.452737
0.452704
0.452671
0.452638
0.452606
0.452573
0.452541
0.452508
0.452475
0.452443
0.452411
0.452378
0.452346
0.452313
0.452281
0.452249
0.452217
0.452184
0.452152
0.45212
0.452088
0.452056
0.452024
0.451992
0.45196
0.451928
0.451896
0.451865
0.451833
0.451801
0.451769
0.451738
0.451706
0.451674
0.451643
0.451611
0.45158
0.451548
0.451517
0.451486
0.451454
0.451423
0.451392
0.45136
0.451329
0.451298
0.451267
0.451236
0.451205
0.451174
0.451143
0.451112
0.451081
0.45105
0.451019
0.450988
0.450958
0.450927
0.450896
0.450866
0.450835
0.450805
0.450774
0.450743
0.450713
0.450683
0.450652
0.450622
0.450592
0.450561
0.450531
0.450501
0.450471
0.450441
0.450411
0.45038
0.45035
0.45032
0.450291
0.450261
0.450231
0.450201
0.450171
0.450141
0.450112
0.450082
0.450052
0.450023
0.449993
0.449964
0.449934
0.449905
0.449875
0.449846
0.449817
0.449787
0.449758
0.449729
0.4497
0.44967
0.449641
0.449612
0.449583
0.449554
0.449525
0.449496
0.449467
0.449439
0.44941
0.449381
0.449352
0.449323
0.449295
0.449266
0.449238
0.449209
0.44918
0.449152
0.449123
0.449095
0.449067
0.449038
0.44901
0.448982
0.448953
0.448925
0.448897
0.448869
0.448841
0.448813
0.448785
0.448757
0.448729
0.448701
0.448673
0.448645
0.448617
0.44859
0.448562
0.448534
0.448507
0.448479
0.448451
0.448424
0.448396
0.448369
0.448341
0.448314
0.448287
0.448259
0.448232
0.448205
0.448178
0.44815
0.448123
0.448096
0.448069
0.448042
0.448015
0.447988
0.447961
0.447934
0.447907
0.447881
0.447854
0.447827
0.4478
0.447774
0.447747
0.44772
0.447694
0.447667
0.447641
0.447614
0.447588
0.447561
0.447535
0.447509
0.447482
0.447456
0.44743
0.447404
0.447378
0.447352
0.447325
0.447299
0.447273
0.447247
0.447222
0.447196
0.44717
0.447144
0.447118
0.447092
0.447067
0.447041
0.447015
0.44699
0.446964
0.446939
0.446913
0.446888
0.446862
0.446837
0.446811
0.446786
0.446761
0.446735
0.44671
0.446685
0.44666
0.446635
0.44661
0.446585
0.446559
0.446534
0.44651
0.446485
0.44646
0.446435
0.44641
0.446385
0.44636
0.446336
0.446311
0.446286
0.446262
0.446237
0.446213
0.446188
0.446164
0.446139
0.446115
0.44609
0.446066
0.446042
0.446017
0.445993
0.445969
0.445945
0.445921
0.445897
0.445873
0.445848
0.445824
0.445801
0.445777
0.445753
0.445729
0.445705
0.445681
0.445657
0.445634
0.44561
0.445586
0.445563
0.445539
0.445515
0.445492
0.445468
0.445445
0.445421
0.445398
0.445375
0.445351
0.445328
0.445305
0.445281
0.445258
0.445235
0.445212
0.445189
0.445166
0.445143
0.44512
0.445097
0.445074
0.445051
0.445028
0.445005
0.444982
0.444959
0.444937
0.444914
0.444891
0.444869
0.444846
0.444823
0.444801
0.444778
0.444756
0.444733
0.444711
0.444688
0.444666
0.444644
0.444621
0.444599
0.444577
0.444555
0.444532
0.44451
0.444488
0.444466
0.444444
0.444422
0.4444
0.444378
0.444356
0.444334
0.444312
0.444291
0.444269
0.444247
0.444225
0.444203
0.444182
0.44416
0.444139
0.444117
0.444095
0.444074
0.444052
0.444031
0.444009
0.443988
0.443967
0.443945
0.443924
0.443903
0.443881
0.44386
0.443839
0.443818
0.443797
0.443776
0.443755
0.443734
0.443713
0.443692
0.443671
0.44365
0.443629
0.443608
0.443587
0.443566
0.443546
0.443525
0.443504
0.443483
0.443463
0.443442
0.443422
0.443401
0.443381
0.44336
0.44334
0.443319
0.443299
0.443278
0.443258
0.443238
0.443217
0.443197
0.443177
0.443157
0.443136
0.443116
0.443096
0.443076
0.443056
0.443036
0.443016
0.442996
0.442976
0.442956
0.442936
0.442916
0.442897
0.442877
0.442857
0.442837
0.442818
0.442798
0.442778
0.442759
0.442739
0.442719
0.4427
0.44268
0.442661
0.442641
0.442622
0.442603
0.442583
0.442564
0.442545
0.442525
0.442506
0.442487
0.442468
0.442448
0.442429
0.44241
0.442391
0.442372
0.442353
0.442334
0.442315
0.442296
0.442277
0.442258
0.442239
0.44222
0.442202
0.442183
0.442164
0.442145
0.442127
0.442108
0.442089
0.442071
0.442052
0.442034
0.442015
0.441996
0.441978
0.44196
0.441941
0.441923
0.441904
0.441886
0.441868
0.441849
0.441831
0.441813
0.441795
0.441776
0.441758
0.44174
0.441722
0.441704
0.441686
0.441668
0.44165
0.441632
0.441614
0.441596
0.441578
0.44156
0.441542
0.441524
0.441507
0.441489
0.441471
0.441453
0.441436
0.441418
0.4414
0.441383
0.441365
0.441348
0.44133
0.441313
0.441295
0.441278
0.44126
0.441243
0.441225
0.441208
0.441191
0.441173
0.441156
0.441139
0.441122
0.441104
0.441087
0.44107
0.441053
0.441036
0.441019
0.441002
0.440985
0.440968
0.440951
0.440934
0.440917
0.4409
0.440883
0.440866
0.440849
0.440833
0.440816
0.440799
0.440782
0.440766
0.440749
0.440732
0.440716
0.440699
0.440682
0.440666
0.440649
0.440633
0.440616
0.4406
0.440583
0.440567
0.440551
0.440534
0.440518
0.440502
0.440485
0.440469
0.440453
0.440437
0.44042
0.440404
0.440388
0.440372
0.440356
0.44034
0.440324
0.440308
0.440292
0.440276
0.44026
0.440244
0.440228
0.440212
0.440196
0.44018
0.440164
0.440149
0.440133
0.440117
0.440101
0.440086
0.44007
0.440054
0.440039
0.440023
0.440007
0.439992
0.439976
0.439961
0.439945
0.43993
0.439914
0.439899
0.439884
0.439868
0.439853
0.439837
0.439822
0.439807
0.439792
0.439776
0.439761
0.439746
0.439731
0.439716
0.4397
0.439685
0.43967
0.439655
0.43964
0.439625
0.43961
0.439595
0.43958
0.439565
0.43955
0.439535
0.439521
0.439506
0.439491
0.439476
0.439461
0.439446
0.439432
0.439417
0.439402
0.439388
0.439373
0.439358
0.439344
0.439329
0.439315
0.4393
0.439286
0.439271
0.439257
0.439242
0.439228
0.439213
0.439199
0.439184
0.43917
0.439156
0.439141
0.439127
0.439113
0.439099
0.439084
0.43907
0.439056
0.439042
0.439028
0.439014
0.439
0.438985
0.438971
0.438957
0.438943
0.438929
0.438915
0.438901
0.438888
0.438874
0.43886
0.438846
0.438832
0.438818
0.438804
0.438791
0.438777
0.438763
0.438749
0.438736
0.438722
0.438708
0.438695
0.438681
0.438667
0.438654
0.43864
0.438627
0.438613
0.4386
0.438586
0.438573
0.438559
0.438546
0.438532
0.438519
0.438506
0.438492
0.438479
0.438466
0.438452
0.438439
0.438426
0.438413
0.438399
0.438386
0.438373
0.43836
0.438347
0.438334
0.438321
0.438307
0.438294
0.438281
0.438268
0.438255
0.438242
0.438229
0.438216
0.438204
0.438191
0.438178
0.438165
0.438152
0.438139
0.438126
0.438114
0.438101
0.438088
0.438075
0.438063
0.43805
0.438037
0.438025
0.438012
0.437999
0.437987
0.437974
0.437962
0.437949
0.437937
0.437924
0.437912
0.437899
0.437887
0.437874
0.437862
0.437849
0.437837
0.437825
0.437812
0.4378
0.437788
0.437775
0.437763
0.437751
0.437739
0.437726
0.437714
0.437702
0.43769
0.437678
0.437666
0.437654
0.437641
0.437629
0.437617
0.437605
0.437593
0.437581
0.437569
0.437557
0.437545
0.437533
0.437522
0.43751
0.437498
0.437486
0.437474
0.437462
0.43745
0.437439
0.437427
0.437415
0.437403
0.437392
0.43738
0.437368
0.437357
0.437345
0.437333
0.437322
0.43731
0.437299
0.437287
0.437275
0.437264
0.437252
0.437241
0.437229
0.437218
0.437207
0.437195
0.437184
0.437172
0.437161
0.43715
0.437138
0.437127
0.437116
0.437104
0.437093
0.437082
0.437071
0.437059
0.437048
0.437037
0.437026
0.437015
0.437003
0.436992
0.436981
0.43697
0.436959
0.436948
0.436937
0.436926
0.436915
0.436904
0.436893
0.436882
0.436871
0.43686
0.436849
0.436838
0.436827
0.436816
0.436806
0.436795
0.436784
0.436773
0.436762
0.436752
0.436741
0.43673
0.436719
0.436709
0.436698
0.436687
0.436677
0.436666
0.436655
0.436645
0.436634
0.436624
0.436613
0.436602
0.436592
0.436581
0.436571
0.43656
0.43655
0.436539
0.436529
0.436519
0.436508
0.436498
0.436487
