1.72369e+07	0
1.89971e+07	5.28057e+06
2.0211e+07	8.92226e+06
2.12175e+07	1.19417e+07
2.20542e+07	1.44519e+07
2.28207e+07	1.67514e+07
2.35182e+07	1.8844e+07
2.41475e+07	2.07317e+07
2.47414e+07	2.25134e+07
2.53003e+07	2.41903e+07
2.58571e+07	2.58608e+07
2.63467e+07	2.73294e+07
2.68344e+07	2.87926e+07
2.73204e+07	3.02506e+07
2.77721e+07	3.16056e+07
2.81894e+07	3.28576e+07
2.86053e+07	3.41051e+07
2.90196e+07	3.53481e+07
2.93997e+07	3.64885e+07
2.97785e+07	3.76247e+07
3.01558e+07	3.87569e+07
3.0499e+07	3.97865e+07
3.08409e+07	4.08121e+07
3.11815e+07	4.18339e+07
3.15209e+07	4.28519e+07
3.18261e+07	4.37675e+07
3.2163e+07	4.47782e+07
3.24328e+07	4.55877e+07
3.27344e+07	4.64924e+07
3.30348e+07	4.73937e+07
3.33011e+07	4.81926e+07
3.35663e+07	4.89881e+07
3.38303e+07	4.97803e+07
3.40933e+07	5.05691e+07
3.43552e+07	5.13548e+07
3.45829e+07	5.20381e+07
3.48427e+07	5.28174e+07
3.50684e+07	5.34945e+07
3.52931e+07	5.41685e+07
3.55167e+07	5.48396e+07
3.57394e+07	5.55076e+07
3.59281e+07	5.60735e+07
3.61488e+07	5.67358e+07
3.63355e+07	5.7296e+07
3.65545e+07	5.79527e+07
3.67394e+07	5.85074e+07
3.69234e+07	5.90594e+07
3.71065e+07	5.96087e+07
3.72887e+07	6.01555e+07
3.7437e+07	6.06003e+07
3.76176e+07	6.1142e+07
3.77642e+07	6.15818e+07
3.79431e+07	6.21188e+07
3.80881e+07	6.25538e+07
3.82324e+07	6.29864e+07
3.84091e+07	6.35165e+07
3.85518e+07	6.39447e+07
3.86938e+07	6.43708e+07
3.88019e+07	6.46949e+07
3.89425e+07	6.51167e+07
3.90824e+07	6.55365e+07
3.92217e+07	6.59543e+07
3.9327e+07	6.62703e+07
3.9465e+07	6.66843e+07
3.95691e+07	6.69965e+07
3.96725e+07	6.73069e+07
3.97754e+07	6.76154e+07
3.99109e+07	6.80222e+07
4.00126e+07	6.83273e+07
4.01138e+07	6.86307e+07
4.02144e+07	6.89325e+07
4.03145e+07	6.92327e+07
4.03807e+07	6.94314e+07
4.04797e+07	6.97285e+07
4.05783e+07	7.00242e+07
4.0643e+07	7.02184e+07
4.07406e+07	7.05112e+07
4.08044e+07	7.07026e+07
4.09011e+07	7.09928e+07
4.09641e+07	7.11815e+07
4.10599e+07	7.14691e+07
4.1122e+07	7.16554e+07
4.11837e+07	7.18404e+07
4.1245e+07	7.20243e+07
4.13059e+07	7.22071e+07
4.13665e+07	7.23888e+07
4.14267e+07	7.25694e+07
4.14866e+07	7.2749e+07
4.15461e+07	7.29276e+07
4.16053e+07	7.31052e+07
4.16642e+07	7.32819e+07
4.17228e+07	7.34577e+07
4.17477e+07	7.35323e+07
4.18057e+07	7.37064e+07
4.18635e+07	7.38797e+07
4.18875e+07	7.39519e+07
4.19448e+07	7.41236e+07
4.19683e+07	7.41942e+07
4.20251e+07	7.43645e+07
4.20482e+07	7.44338e+07
4.21045e+07	7.46027e+07
4.21271e+07	7.46708e+07
4.21496e+07	7.47381e+07
4.22053e+07	7.49053e+07
4.22274e+07	7.49715e+07
4.22493e+07	7.50373e+07
4.22711e+07	7.51025e+07
4.22926e+07	7.51672e+07
4.2314e+07	7.52314e+07
4.23353e+07	7.52953e+07
4.23564e+07	7.53587e+07
4.23775e+07	7.54217e+07
4.23983e+07	7.54843e+07
4.24191e+07	7.55466e+07
4.24398e+07	7.56086e+07
4.24603e+07	7.56702e+07
4.24807e+07	7.57315e+07
4.25011e+07	7.57926e+07
4.24879e+07	7.5753e+07
4.25081e+07	7.58136e+07
4.25282e+07	7.5874e+07
4.25148e+07	7.58337e+07
4.25348e+07	7.58938e+07
4.25547e+07	7.59535e+07
4.25412e+07	7.59128e+07
4.2561e+07	7.59724e+07
4.25473e+07	7.59313e+07
4.25671e+07	7.59907e+07
4.25534e+07	7.59495e+07
4.25731e+07	7.60087e+07
4.25594e+07	7.59674e+07
4.2579e+07	7.60265e+07
4.25653e+07	7.59851e+07
4.25849e+07	7.60441e+07
4.25712e+07	7.60028e+07
4.25574e+07	7.59614e+07
4.2577e+07	7.60205e+07
4.25633e+07	7.59792e+07
4.25496e+07	7.5938e+07
4.25358e+07	7.58968e+07
4.25556e+07	7.59561e+07
4.2542e+07	7.59152e+07
4.25283e+07	7.58743e+07
4.25147e+07	7.58336e+07
4.25012e+07	7.57929e+07
4.24877e+07	7.57524e+07
4.24742e+07	7.5712e+07
4.24943e+07	7.57721e+07
4.24809e+07	7.57321e+07
4.24676e+07	7.56923e+07
4.24544e+07	7.56526e+07
4.24413e+07	7.56131e+07
4.24282e+07	7.55738e+07
4.24151e+07	7.55348e+07
4.24022e+07	7.54959e+07
4.23893e+07	7.54573e+07
4.23765e+07	7.54189e+07
4.23303e+07	7.52803e+07
4.23177e+07	7.52425e+07
4.23052e+07	7.52049e+07
4.22928e+07	7.51676e+07
4.22804e+07	7.51305e+07
4.22681e+07	7.50937e+07
4.2256e+07	7.50572e+07
4.22104e+07	7.49205e+07
4.21985e+07	7.48847e+07
4.21866e+07	7.48492e+07
4.21749e+07	7.48139e+07
4.21632e+07	7.47789e+07
4.21182e+07	7.46439e+07
4.21068e+07	7.46097e+07
4.20955e+07	7.45757e+07
4.20842e+07	7.4542e+07
4.20397e+07	7.44085e+07
4.20288e+07	7.43756e+07
4.20179e+07	7.4343e+07
4.19737e+07	7.42105e+07
4.19631e+07	7.41787e+07
4.19526e+07	7.41472e+07
4.19089e+07	7.40159e+07
4.18986e+07	7.39852e+07
4.18551e+07	7.38545e+07
4.18451e+07	7.38247e+07
4.18353e+07	7.37951e+07
4.17921e+07	7.36657e+07
4.17826e+07	7.3637e+07
4.17397e+07	7.35083e+07
4.17304e+07	7.34805e+07
4.16878e+07	7.33526e+07
4.16788e+07	7.33256e+07
4.16364e+07	7.31985e+07
4.16277e+07	7.31724e+07
4.1619e+07	7.31464e+07
4.15772e+07	7.30209e+07
4.15688e+07	7.29957e+07
4.15273e+07	7.28711e+07
4.14857e+07	7.27466e+07
4.14779e+07	7.2723e+07
4.14367e+07	7.25994e+07
4.14291e+07	7.25767e+07
4.13882e+07	7.2454e+07
4.13809e+07	7.24321e+07
4.13404e+07	7.23104e+07
4.13333e+07	7.22892e+07
4.12931e+07	7.21686e+07
4.12529e+07	7.20481e+07
4.12464e+07	7.20284e+07
4.12066e+07	7.1909e+07
4.12002e+07	7.18899e+07
4.11608e+07	7.17716e+07
4.11214e+07	7.16535e+07
4.11155e+07	7.16359e+07
4.10765e+07	7.15189e+07
4.10376e+07	7.14021e+07
4.10322e+07	7.1386e+07
4.09937e+07	7.12703e+07
4.09552e+07	7.11549e+07
4.09503e+07	7.11401e+07
4.09122e+07	7.10259e+07
4.08742e+07	7.09118e+07
4.08697e+07	7.08984e+07
4.08321e+07	7.07856e+07
4.07946e+07	7.0673e+07
4.07571e+07	7.05607e+07
4.07534e+07	7.05494e+07
4.07164e+07	7.04384e+07
4.06794e+07	7.03276e+07
4.0676e+07	7.03174e+07
4.06395e+07	7.02079e+07
4.06031e+07	7.00986e+07
4.05668e+07	6.99897e+07
4.0564e+07	6.99813e+07
4.05281e+07	6.98737e+07
4.04923e+07	6.97663e+07
4.04566e+07	6.96592e+07
4.04544e+07	6.96527e+07
4.04192e+07	6.95469e+07
4.03841e+07	6.94415e+07
4.0349e+07	6.93363e+07
4.03141e+07	6.92315e+07
4.03127e+07	6.92275e+07
4.02782e+07	6.9124e+07
4.02438e+07	6.90208e+07
4.02096e+07	6.8918e+07
4.01754e+07	6.88155e+07
4.01748e+07	6.88137e+07
4.01411e+07	6.87126e+07
4.01075e+07	6.86118e+07
4.0074e+07	6.85113e+07
4.00406e+07	6.84111e+07
4.00407e+07	6.84113e+07
4.00077e+07	6.83125e+07
3.99749e+07	6.82141e+07
3.99422e+07	6.8116e+07
3.99096e+07	6.80183e+07
3.98772e+07	6.79208e+07
3.98448e+07	6.78237e+07
3.98461e+07	6.78276e+07
3.98142e+07	6.77319e+07
3.97824e+07	6.76366e+07
3.97508e+07	6.75416e+07
3.97192e+07	6.7447e+07
3.96878e+07	6.73527e+07
3.96565e+07	6.72588e+07
3.96588e+07	6.72656e+07
3.96279e+07	6.71731e+07
3.95972e+07	6.70809e+07
3.95666e+07	6.69892e+07
3.95361e+07	6.68977e+07
3.95058e+07	6.68067e+07
3.94755e+07	6.67159e+07
3.94454e+07	6.66256e+07
3.94154e+07	6.65356e+07
3.94191e+07	6.65465e+07
3.93896e+07	6.6458e+07
3.93601e+07	6.63698e+07
3.93309e+07	6.62819e+07
3.93017e+07	6.61944e+07
3.92727e+07	6.61073e+07
3.92437e+07	6.60206e+07
3.92149e+07	6.59342e+07
3.91863e+07	6.58481e+07
3.91577e+07	6.57624e+07
3.91626e+07	6.57772e+07
3.91345e+07	6.56929e+07
3.91066e+07	6.5609e+07
3.90787e+07	6.55255e+07
3.9051e+07	6.54424e+07
3.90234e+07	6.53596e+07
3.8996e+07	6.52772e+07
3.89686e+07	6.51951e+07
3.89414e+07	6.51134e+07
3.89143e+07	6.50321e+07
3.88873e+07	6.49511e+07
3.88604e+07	6.48705e+07
3.88336e+07	6.47903e+07
3.8807e+07	6.47104e+07
3.87805e+07	6.46309e+07
3.87875e+07	6.46518e+07
3.87615e+07	6.45737e+07
3.87355e+07	6.4496e+07
3.87098e+07	6.44186e+07
3.86841e+07	6.43416e+07
3.86585e+07	6.42649e+07
3.86331e+07	6.41886e+07
3.86078e+07	6.41127e+07
3.85826e+07	6.40371e+07
3.85575e+07	6.39619e+07
3.85326e+07	6.3887e+07
3.85077e+07	6.38125e+07
3.8483e+07	6.37384e+07
3.84584e+07	6.36646e+07
3.8434e+07	6.35912e+07
3.84096e+07	6.35181e+07
3.83854e+07	6.34454e+07
3.83612e+07	6.3373e+07
3.83372e+07	6.3301e+07
3.83133e+07	6.32293e+07
3.82896e+07	6.3158e+07
3.82659e+07	6.30871e+07
3.82424e+07	6.30165e+07
3.8219e+07	6.29463e+07
3.81957e+07	6.28764e+07
3.81725e+07	6.28068e+07
3.81494e+07	6.27376e+07
3.81265e+07	6.26688e+07
3.81037e+07	6.26003e+07
3.81142e+07	6.26318e+07
3.80918e+07	6.25647e+07
3.80695e+07	6.24979e+07
3.80474e+07	6.24315e+07
3.80253e+07	6.23654e+07
3.80034e+07	6.22996e+07
3.79816e+07	6.22342e+07
3.79599e+07	6.21691e+07
3.79383e+07	6.21043e+07
3.79169e+07	6.20399e+07
3.78955e+07	6.19759e+07
3.78743e+07	6.19121e+07
3.78531e+07	6.18487e+07
3.78321e+07	6.17856e+07
3.78112e+07	6.17229e+07
3.77904e+07	6.16605e+07
3.77697e+07	6.15984e+07
3.77491e+07	6.15367e+07
3.77287e+07	6.14753e+07
3.77083e+07	6.14142e+07
3.7688e+07	6.13534e+07
3.76679e+07	6.1293e+07
3.76479e+07	6.12329e+07
3.76279e+07	6.11731e+07
3.76081e+07	6.11137e+07
3.75884e+07	6.10545e+07
3.75688e+07	6.09957e+07
3.75493e+07	6.09372e+07
3.75299e+07	6.0879e+07
3.75106e+07	6.08212e+07
3.74914e+07	6.07637e+07
3.74724e+07	6.07064e+07
3.74534e+07	6.06495e+07
3.74345e+07	6.05929e+07
3.74158e+07	6.05367e+07
3.73971e+07	6.04807e+07
3.73786e+07	6.0425e+07
3.73601e+07	6.03697e+07
3.73418e+07	6.03147e+07
3.73235e+07	6.02599e+07
3.73054e+07	6.02055e+07
3.72874e+07	6.01514e+07
3.72694e+07	6.00976e+07
3.72516e+07	6.00441e+07
3.72338e+07	5.99909e+07
3.72162e+07	5.9938e+07
3.71987e+07	5.98854e+07
3.71812e+07	5.98331e+07
3.71639e+07	5.97811e+07
3.71467e+07	5.97293e+07
3.71295e+07	5.96779e+07
3.71125e+07	5.96268e+07
3.70956e+07	5.9576e+07
3.70787e+07	5.95255e+07
3.7062e+07	5.94752e+07
3.70453e+07	5.94253e+07
3.70288e+07	5.93756e+07
3.70123e+07	5.93262e+07
3.69959e+07	5.92772e+07
3.69797e+07	5.92284e+07
3.69635e+07	5.91798e+07
3.69474e+07	5.91316e+07
3.69315e+07	5.90837e+07
3.69156e+07	5.9036e+07
3.68998e+07	5.89886e+07
3.68841e+07	5.89415e+07
3.68685e+07	5.88947e+07
3.68529e+07	5.88481e+07
3.68375e+07	5.88019e+07
3.68222e+07	5.87559e+07
3.68069e+07	5.87101e+07
3.67918e+07	5.86647e+07
3.67767e+07	5.86195e+07
3.67618e+07	5.85746e+07
3.67469e+07	5.85299e+07
3.67321e+07	5.84856e+07
3.67174e+07	5.84414e+07
3.67028e+07	5.83976e+07
3.66882e+07	5.8354e+07
3.66738e+07	5.83107e+07
3.66594e+07	5.82677e+07
3.66452e+07	5.82249e+07
3.6631e+07	5.81823e+07
3.66169e+07	5.81401e+07
3.66029e+07	5.8098e+07
3.6589e+07	5.80563e+07
3.65752e+07	5.80148e+07
3.65614e+07	5.79735e+07
3.65477e+07	5.79325e+07
3.65342e+07	5.78918e+07
3.65207e+07	5.78513e+07
3.65072e+07	5.78111e+07
3.64939e+07	5.77711e+07
3.64807e+07	5.77313e+07
3.64675e+07	5.76918e+07
3.64544e+07	5.76526e+07
3.64414e+07	5.76136e+07
3.64285e+07	5.75748e+07
3.64157e+07	5.75363e+07
3.64029e+07	5.7498e+07
3.63902e+07	5.746e+07
3.63776e+07	5.74222e+07
3.63651e+07	5.73846e+07
3.63527e+07	5.73473e+07
3.63403e+07	5.73102e+07
3.6328e+07	5.72733e+07
3.63158e+07	5.72367e+07
3.63037e+07	5.72003e+07
3.62916e+07	5.71642e+07
3.62796e+07	5.71282e+07
3.62677e+07	5.70925e+07
3.62559e+07	5.70571e+07
3.62442e+07	5.70218e+07
3.62325e+07	5.69868e+07
3.62209e+07	5.6952e+07
3.62094e+07	5.69175e+07
3.61979e+07	5.68831e+07
3.61866e+07	5.6849e+07
3.61753e+07	5.68151e+07
3.6164e+07	5.67814e+07
3.61529e+07	5.6748e+07
3.61418e+07	5.67148e+07
3.61308e+07	5.66817e+07
3.61199e+07	5.66489e+07
3.6109e+07	5.66163e+07
3.60982e+07	5.6584e+07
3.60875e+07	5.65518e+07
3.60768e+07	5.65198e+07
3.60663e+07	5.64881e+07
3.60558e+07	5.64566e+07
3.60453e+07	5.64253e+07
3.60349e+07	5.63941e+07
3.60246e+07	5.63632e+07
3.60144e+07	5.63325e+07
3.60042e+07	5.6302e+07
3.59941e+07	5.62718e+07
3.59841e+07	5.62417e+07
3.59742e+07	5.62118e+07
3.59643e+07	5.61821e+07
3.59544e+07	5.61526e+07
3.59447e+07	5.61233e+07
3.5935e+07	5.60943e+07
3.59253e+07	5.60654e+07
3.59158e+07	5.60367e+07
3.59063e+07	5.60082e+07
3.58969e+07	5.59799e+07
3.58875e+07	5.59518e+07
3.58782e+07	5.59239e+07
3.58689e+07	5.58961e+07
3.58598e+07	5.58686e+07
3.58506e+07	5.58413e+07
3.58416e+07	5.58141e+07
3.58326e+07	5.57871e+07
3.58237e+07	5.57604e+07
3.58148e+07	5.57338e+07
3.5806e+07	5.57074e+07
3.57973e+07	5.56811e+07
3.57886e+07	5.56551e+07
3.578e+07	5.56292e+07
3.57714e+07	5.56036e+07
3.57629e+07	5.55781e+07
3.57545e+07	5.55528e+07
3.57461e+07	5.55276e+07
3.57378e+07	5.55027e+07
3.57295e+07	5.54779e+07
3.57213e+07	5.54533e+07
3.57132e+07	5.54289e+07
3.57051e+07	5.54046e+07
3.56971e+07	5.53805e+07
3.56891e+07	5.53566e+07
3.56812e+07	5.53329e+07
3.56733e+07	5.53093e+07
3.56655e+07	5.52859e+07
3.56578e+07	5.52627e+07
3.56501e+07	5.52397e+07
3.56425e+07	5.52168e+07
3.56349e+07	5.5194e+07
3.56274e+07	5.51715e+07
3.56199e+07	5.51491e+07
3.56125e+07	5.51269e+07
3.56052e+07	5.51048e+07
3.55979e+07	5.50829e+07
3.55906e+07	5.50612e+07
3.55834e+07	5.50396e+07
3.55763e+07	5.50182e+07
3.55692e+07	5.49969e+07
3.55622e+07	5.49758e+07
3.55552e+07	5.49549e+07
3.55483e+07	5.49341e+07
3.55414e+07	5.49135e+07
3.55346e+07	5.4893e+07
3.55278e+07	5.48727e+07
3.55211e+07	5.48525e+07
3.55144e+07	5.48325e+07
3.55078e+07	5.48127e+07
3.55012e+07	5.4793e+07
3.54947e+07	5.47734e+07
3.54882e+07	5.4754e+07
3.54818e+07	5.47348e+07
3.54754e+07	5.47157e+07
3.54691e+07	5.46967e+07
3.54629e+07	5.46779e+07
3.54566e+07	5.46592e+07
3.54505e+07	5.46407e+07
3.54443e+07	5.46223e+07
3.54383e+07	5.46041e+07
3.54322e+07	5.4586e+07
3.54262e+07	5.45681e+07
3.54203e+07	5.45503e+07
3.54144e+07	5.45326e+07
3.54086e+07	5.45151e+07
3.54028e+07	5.44977e+07
3.5397e+07	5.44804e+07
3.53913e+07	5.44633e+07
3.53857e+07	5.44464e+07
3.53801e+07	5.44295e+07
3.53745e+07	5.44128e+07
3.5369e+07	5.43963e+07
3.53635e+07	5.43799e+07
3.53581e+07	5.43636e+07
3.53527e+07	5.43474e+07
3.53474e+07	5.43314e+07
3.53421e+07	5.43155e+07
3.53368e+07	5.42997e+07
3.53316e+07	5.42841e+07
3.53264e+07	5.42686e+07
3.53213e+07	5.42532e+07
3.53162e+07	5.4238e+07
3.53112e+07	5.42228e+07
3.53062e+07	5.42079e+07
3.53012e+07	5.4193e+07
3.52963e+07	5.41783e+07
3.52914e+07	5.41636e+07
3.52866e+07	5.41492e+07
3.52818e+07	5.41348e+07
3.52771e+07	5.41205e+07
3.52724e+07	5.41064e+07
3.52677e+07	5.40924e+07
3.52631e+07	5.40785e+07
3.52585e+07	5.40648e+07
3.52539e+07	5.40512e+07
3.52494e+07	5.40376e+07
3.5245e+07	5.40242e+07
3.52405e+07	5.4011e+07
3.52362e+07	5.39978e+07
3.52318e+07	5.39847e+07
3.52275e+07	5.39718e+07
3.52232e+07	5.3959e+07
3.5219e+07	5.39463e+07
3.52148e+07	5.39337e+07
3.52106e+07	5.39212e+07
3.52065e+07	5.39089e+07
3.52024e+07	5.38966e+07
3.51984e+07	5.38845e+07
3.51944e+07	5.38725e+07
3.51904e+07	5.38606e+07
3.51865e+07	5.38488e+07
3.51826e+07	5.38371e+07
3.51787e+07	5.38255e+07
3.51749e+07	5.3814e+07
3.51711e+07	5.38026e+07
3.51674e+07	5.37914e+07
3.51636e+07	5.37802e+07
3.516e+07	5.37692e+07
3.51563e+07	5.37582e+07
3.51527e+07	5.37474e+07
3.51491e+07	5.37367e+07
3.51456e+07	5.3726e+07
3.51421e+07	5.37155e+07
3.51386e+07	5.37051e+07
3.51351e+07	5.36947e+07
3.51317e+07	5.36845e+07
3.51284e+07	5.36744e+07
3.5125e+07	5.36644e+07
3.51217e+07	5.36545e+07
3.51184e+07	5.36446e+07
3.51152e+07	5.36349e+07
3.5112e+07	5.36253e+07
3.51088e+07	5.36158e+07
3.51057e+07	5.36063e+07
3.51026e+07	5.3597e+07
3.50995e+07	5.35878e+07
3.50964e+07	5.35786e+07
3.50934e+07	5.35696e+07
3.50904e+07	5.35606e+07
3.50875e+07	5.35518e+07
3.50846e+07	5.3543e+07
3.50817e+07	5.35343e+07
3.50788e+07	5.35258e+07
3.5076e+07	5.35173e+07
3.50732e+07	5.35089e+07
3.50704e+07	5.35006e+07
3.50677e+07	5.34924e+07
3.5065e+07	5.34842e+07
3.50623e+07	5.34762e+07
3.50596e+07	5.34683e+07
3.5057e+07	5.34604e+07
3.50544e+07	5.34526e+07
3.50519e+07	5.34449e+07
3.50493e+07	5.34374e+07
3.50468e+07	5.34298e+07
3.50444e+07	5.34224e+07
3.50419e+07	5.34151e+07
3.50395e+07	5.34078e+07
3.50371e+07	5.34007e+07
3.50348e+07	5.33936e+07
3.50324e+07	5.33866e+07
3.50301e+07	5.33797e+07
3.50278e+07	5.33728e+07
3.50256e+07	5.33661e+07
3.50234e+07	5.33594e+07
3.50212e+07	5.33528e+07
3.5019e+07	5.33463e+07
3.50169e+07	5.33399e+07
3.50147e+07	5.33335e+07
3.50127e+07	5.33273e+07
3.50106e+07	5.33211e+07
3.50086e+07	5.3315e+07
3.50065e+07	5.3309e+07
3.50046e+07	5.3303e+07
3.50026e+07	5.32971e+07
3.50007e+07	5.32913e+07
3.49988e+07	5.32856e+07
3.49969e+07	5.328e+07
3.4995e+07	5.32744e+07
3.49932e+07	5.32689e+07
3.49914e+07	5.32635e+07
3.49896e+07	5.32581e+07
3.49878e+07	5.32528e+07
3.49861e+07	5.32476e+07
3.49844e+07	5.32425e+07
3.49827e+07	5.32375e+07
3.49811e+07	5.32325e+07
3.49794e+07	5.32276e+07
3.49778e+07	5.32227e+07
3.49762e+07	5.3218e+07
3.49746e+07	5.32133e+07
3.49731e+07	5.32086e+07
3.49716e+07	5.32041e+07
3.49701e+07	5.31996e+07
3.49686e+07	5.31952e+07
3.49672e+07	5.31908e+07
3.49657e+07	5.31865e+07
3.49643e+07	5.31823e+07
3.49629e+07	5.31782e+07
3.49616e+07	5.31741e+07
3.49603e+07	5.31701e+07
3.49589e+07	5.31661e+07
3.49576e+07	5.31622e+07
3.49564e+07	5.31584e+07
3.49551e+07	5.31547e+07
3.49539e+07	5.3151e+07
3.49527e+07	5.31474e+07
3.49515e+07	5.31438e+07
3.49503e+07	5.31403e+07
3.49492e+07	5.31369e+07
3.49481e+07	5.31335e+07
3.4947e+07	5.31302e+07
3.49459e+07	5.3127e+07
3.49448e+07	5.31238e+07
3.49438e+07	5.31206e+07
3.49428e+07	5.31176e+07
3.49418e+07	5.31146e+07
3.49408e+07	5.31116e+07
3.49398e+07	5.31088e+07
3.49389e+07	5.31059e+07
3.4938e+07	5.31032e+07
3.49371e+07	5.31005e+07
3.49362e+07	5.30978e+07
3.49353e+07	5.30953e+07
3.49345e+07	5.30927e+07
3.49336e+07	5.30903e+07
3.49328e+07	5.30878e+07
3.49321e+07	5.30855e+07
3.49313e+07	5.30832e+07
3.49305e+07	5.30809e+07
3.49298e+07	5.30787e+07
3.49291e+07	5.30766e+07
3.49284e+07	5.30745e+07
3.49277e+07	5.30725e+07
3.49271e+07	5.30705e+07
3.49264e+07	5.30686e+07
3.49258e+07	5.30668e+07
3.49252e+07	5.3065e+07
3.49246e+07	5.30632e+07
3.49241e+07	5.30615e+07
3.49235e+07	5.30598e+07
3.4923e+07	5.30582e+07
3.49225e+07	5.30567e+07
3.4922e+07	5.30552e+07
3.49215e+07	5.30538e+07
3.4921e+07	5.30524e+07
3.49206e+07	5.3051e+07
3.49201e+07	5.30497e+07
3.49197e+07	5.30485e+07
3.49193e+07	5.30473e+07
3.49189e+07	5.30462e+07
3.49186e+07	5.30451e+07
3.49182e+07	5.3044e+07
3.49179e+07	5.3043e+07
3.49176e+07	5.30421e+07
3.49173e+07	5.30412e+07
3.4917e+07	5.30403e+07
3.49167e+07	5.30395e+07
3.49165e+07	5.30388e+07
3.49162e+07	5.30381e+07
3.4916e+07	5.30374e+07
3.49158e+07	5.30368e+07
3.49156e+07	5.30362e+07
3.49155e+07	5.30357e+07
3.49153e+07	5.30352e+07
3.49151e+07	5.30348e+07
3.4915e+07	5.30344e+07
3.49149e+07	5.3034e+07
3.49148e+07	5.30337e+07
3.49147e+07	5.30334e+07
3.49146e+07	5.30332e+07
3.49146e+07	5.30331e+07
3.49145e+07	5.30329e+07
3.49145e+07	5.30328e+07
3.49145e+07	5.30328e+07
3.49145e+07	5.30328e+07
3.49145e+07	5.30328e+07
3.49145e+07	5.30329e+07
3.49146e+07	5.3033e+07
3.49146e+07	5.30332e+07
3.49147e+07	5.30334e+07
3.49148e+07	5.30336e+07
3.49149e+07	5.30339e+07
3.4915e+07	5.30343e+07
3.49151e+07	5.30346e+07
3.49152e+07	5.3035e+07
3.49154e+07	5.30355e+07
3.49155e+07	5.30359e+07
3.49157e+07	5.30365e+07
3.49159e+07	5.3037e+07
3.49161e+07	5.30376e+07
3.49163e+07	5.30383e+07
3.49165e+07	5.30389e+07
3.49168e+07	5.30396e+07
3.4917e+07	5.30404e+07
3.49173e+07	5.30412e+07
3.49176e+07	5.3042e+07
3.49178e+07	5.30429e+07
3.49181e+07	5.30438e+07
3.49185e+07	5.30447e+07
3.49188e+07	5.30457e+07
3.49191e+07	5.30467e+07
3.49195e+07	5.30477e+07
3.49198e+07	5.30488e+07
3.49202e+07	5.30499e+07
3.49206e+07	5.3051e+07
3.4921e+07	5.30522e+07
3.49214e+07	5.30534e+07
3.49218e+07	5.30547e+07
3.49222e+07	5.3056e+07
3.49226e+07	5.30573e+07
3.49231e+07	5.30586e+07
3.49236e+07	5.306e+07
3.4924e+07	5.30614e+07
3.49245e+07	5.30629e+07
3.4925e+07	5.30643e+07
3.49255e+07	5.30658e+07
3.4926e+07	5.30674e+07
3.49265e+07	5.3069e+07
3.49271e+07	5.30706e+07
3.49276e+07	5.30722e+07
3.49282e+07	5.30739e+07
3.49288e+07	5.30756e+07
3.49293e+07	5.30773e+07
3.49299e+07	5.30791e+07
3.49305e+07	5.30809e+07
3.49311e+07	5.30827e+07
3.49317e+07	5.30845e+07
3.49324e+07	5.30864e+07
3.4933e+07	5.30883e+07
3.49337e+07	5.30903e+07
3.49343e+07	5.30922e+07
3.4935e+07	5.30942e+07
3.49356e+07	5.30963e+07
3.49363e+07	5.30983e+07
3.4937e+07	5.31004e+07
3.49377e+07	5.31025e+07
3.49384e+07	5.31047e+07
3.49392e+07	5.31068e+07
3.49399e+07	5.3109e+07
3.49406e+07	5.31112e+07
3.49414e+07	5.31135e+07
3.49421e+07	5.31158e+07
3.49429e+07	5.31181e+07
3.49437e+07	5.31204e+07
3.49445e+07	5.31228e+07
3.49453e+07	5.31251e+07
3.49461e+07	5.31275e+07
3.49469e+07	5.313e+07
3.49477e+07	5.31324e+07
3.49485e+07	5.31349e+07
3.49494e+07	5.31374e+07
3.49502e+07	5.314e+07
3.49511e+07	5.31425e+07
3.49519e+07	5.31451e+07
3.49528e+07	5.31477e+07
3.49537e+07	5.31504e+07
3.49546e+07	5.3153e+07
3.49555e+07	5.31557e+07
3.49564e+07	5.31584e+07
3.49573e+07	5.31611e+07
3.49582e+07	5.31639e+07
3.49591e+07	5.31667e+07
3.496e+07	5.31695e+07
3.4961e+07	5.31723e+07
3.49619e+07	5.31751e+07
3.49629e+07	5.3178e+07
3.49639e+07	5.31809e+07
3.49648e+07	5.31838e+07
3.49658e+07	5.31867e+07
3.49668e+07	5.31897e+07
3.49678e+07	5.31927e+07
3.49688e+07	5.31957e+07
3.49698e+07	5.31987e+07
3.49708e+07	5.32017e+07
3.49718e+07	5.32048e+07
3.49728e+07	5.32079e+07
3.49739e+07	5.3211e+07
3.49749e+07	5.32141e+07
3.4976e+07	5.32172e+07
3.4977e+07	5.32204e+07
3.49781e+07	5.32236e+07
3.49792e+07	5.32268e+07
3.49802e+07	5.323e+07
3.49813e+07	5.32333e+07
3.49824e+07	5.32365e+07
3.49835e+07	5.32398e+07
3.49846e+07	5.32431e+07
3.49857e+07	5.32465e+07
3.49868e+07	5.32498e+07
3.49879e+07	5.32532e+07
3.49891e+07	5.32565e+07
3.49902e+07	5.32599e+07
3.49913e+07	5.32634e+07
3.49925e+07	5.32668e+07
3.49936e+07	5.32702e+07
3.49948e+07	5.32737e+07
3.4996e+07	5.32772e+07
3.49971e+07	5.32807e+07
3.49983e+07	5.32842e+07
3.49995e+07	5.32878e+07
3.50007e+07	5.32913e+07
3.50019e+07	5.32949e+07
3.50031e+07	5.32985e+07
3.50043e+07	5.33021e+07
3.50055e+07	5.33057e+07
3.50067e+07	5.33094e+07
3.50079e+07	5.3313e+07
3.50091e+07	5.33167e+07
3.50104e+07	5.33204e+07
3.50116e+07	5.33241e+07
3.50128e+07	5.33278e+07
3.50141e+07	5.33316e+07
3.50153e+07	5.33353e+07
3.50166e+07	5.33391e+07
3.50179e+07	5.33429e+07
3.50191e+07	5.33467e+07
3.50204e+07	5.33505e+07
3.50217e+07	5.33543e+07
3.50229e+07	5.33582e+07
3.50242e+07	5.3362e+07
3.50255e+07	5.33659e+07
3.50268e+07	5.33698e+07
3.50281e+07	5.33737e+07
3.50294e+07	5.33776e+07
3.50307e+07	5.33815e+07
3.50321e+07	5.33855e+07
3.50334e+07	5.33894e+07
3.50347e+07	5.33934e+07
3.5036e+07	5.33974e+07
3.50374e+07	5.34014e+07
3.50387e+07	5.34054e+07
3.504e+07	5.34094e+07
3.50414e+07	5.34135e+07
3.50427e+07	5.34175e+07
3.50441e+07	5.34216e+07
3.50454e+07	5.34257e+07
3.50468e+07	5.34298e+07
3.50482e+07	5.34339e+07
3.50496e+07	5.3438e+07
3.50509e+07	5.34421e+07
3.50523e+07	5.34462e+07
3.50537e+07	5.34504e+07
3.50551e+07	5.34546e+07
3.50565e+07	5.34587e+07
3.50579e+07	5.34629e+07
3.50593e+07	5.34671e+07
3.50607e+07	5.34713e+07
3.50621e+07	5.34755e+07
3.50635e+07	5.34798e+07
3.50649e+07	5.3484e+07
3.50663e+07	5.34883e+07
3.50677e+07	5.34925e+07
3.50692e+07	5.34968e+07
3.50706e+07	5.35011e+07
3.5072e+07	5.35054e+07
3.50735e+07	5.35097e+07
3.50749e+07	5.3514e+07
3.50763e+07	5.35184e+07
3.50778e+07	5.35227e+07
3.50792e+07	5.35271e+07
3.50807e+07	5.35314e+07
3.50822e+07	5.35358e+07
3.50836e+07	5.35402e+07
3.50851e+07	5.35445e+07
3.50865e+07	5.35489e+07
3.5088e+07	5.35534e+07
3.50895e+07	5.35578e+07
3.5091e+07	5.35622e+07
3.50924e+07	5.35666e+07
3.50939e+07	5.35711e+07
3.50954e+07	5.35755e+07
3.50969e+07	5.358e+07
3.50984e+07	5.35845e+07
3.50999e+07	5.3589e+07
3.51014e+07	5.35934e+07
3.51029e+07	5.35979e+07
3.51044e+07	5.36024e+07
3.51059e+07	5.3607e+07
3.51074e+07	5.36115e+07
3.51089e+07	5.3616e+07
3.51104e+07	5.36206e+07
3.51119e+07	5.36251e+07
3.51134e+07	5.36297e+07
3.5115e+07	5.36342e+07
3.51165e+07	5.36388e+07
3.5118e+07	5.36434e+07
3.51195e+07	5.3648e+07
3.51211e+07	5.36526e+07
3.51226e+07	5.36572e+07
3.51241e+07	5.36618e+07
3.51257e+07	5.36664e+07
3.51272e+07	5.3671e+07
3.51288e+07	5.36756e+07
3.51303e+07	5.36803e+07
3.51319e+07	5.36849e+07
3.51334e+07	5.36896e+07
3.5135e+07	5.36942e+07
3.51365e+07	5.36989e+07
3.51381e+07	5.37036e+07
3.51396e+07	5.37082e+07
3.51412e+07	5.37129e+07
3.51428e+07	5.37176e+07
3.51443e+07	5.37223e+07
3.51459e+07	5.3727e+07
3.51475e+07	5.37317e+07
3.5149e+07	5.37364e+07
3.51506e+07	5.37411e+07
3.51522e+07	5.37459e+07
3.51538e+07	5.37506e+07
3.51553e+07	5.37553e+07
3.51569e+07	5.37601e+07
3.51585e+07	5.37648e+07
3.51601e+07	5.37696e+07
3.51617e+07	5.37744e+07
3.51633e+07	5.37791e+07
3.51649e+07	5.37839e+07
3.51664e+07	5.37887e+07
3.5168e+07	5.37934e+07
3.51696e+07	5.37982e+07
3.51712e+07	5.3803e+07
3.51728e+07	5.38078e+07
3.51744e+07	5.38126e+07
3.5176e+07	5.38174e+07
3.51776e+07	5.38222e+07
3.51792e+07	5.3827e+07
3.51808e+07	5.38319e+07
3.51825e+07	5.38367e+07
3.51841e+07	5.38415e+07
3.51857e+07	5.38463e+07
3.51873e+07	5.38512e+07
3.51889e+07	5.3856e+07
3.51905e+07	5.38609e+07
3.51921e+07	5.38657e+07
3.51938e+07	5.38706e+07
3.51954e+07	5.38754e+07
3.5197e+07	5.38803e+07
3.51986e+07	5.38852e+07
3.52002e+07	5.389e+07
3.52019e+07	5.38949e+07
3.52035e+07	5.38998e+07
3.52051e+07	5.39047e+07
3.52067e+07	5.39095e+07
3.52084e+07	5.39144e+07
3.521e+07	5.39193e+07
3.52116e+07	5.39242e+07
3.52133e+07	5.39291e+07
3.52149e+07	5.3934e+07
3.52165e+07	5.39389e+07
3.52182e+07	5.39438e+07
3.52198e+07	5.39487e+07
3.52214e+07	5.39536e+07
3.52231e+07	5.39585e+07
3.52247e+07	5.39635e+07
3.52264e+07	5.39684e+07
3.5228e+07	5.39733e+07
3.52296e+07	5.39782e+07
3.52313e+07	5.39832e+07
3.52329e+07	5.39881e+07
3.52346e+07	5.3993e+07
3.52362e+07	5.39979e+07
3.52379e+07	5.40029e+07
3.52395e+07	5.40078e+07
3.52411e+07	5.40128e+07
3.52428e+07	5.40177e+07
3.52444e+07	5.40227e+07
3.52461e+07	5.40276e+07
3.52477e+07	5.40326e+07
3.52494e+07	5.40375e+07
3.5251e+07	5.40425e+07
3.52527e+07	5.40474e+07
3.52544e+07	5.40524e+07
3.5256e+07	5.40573e+07
3.52577e+07	5.40623e+07
3.52593e+07	5.40673e+07
3.5261e+07	5.40722e+07
3.52626e+07	5.40772e+07
3.52643e+07	5.40822e+07
3.52659e+07	5.40871e+07
3.52676e+07	5.40921e+07
3.52693e+07	5.40971e+07
3.52709e+07	5.4102e+07
3.52726e+07	5.4107e+07
3.52742e+07	5.4112e+07
3.52759e+07	5.4117e+07
3.52775e+07	5.4122e+07
3.52792e+07	5.41269e+07
3.52809e+07	5.41319e+07
3.52825e+07	5.41369e+07
3.52842e+07	5.41419e+07
3.52858e+07	5.41469e+07
3.52875e+07	5.41518e+07
3.52892e+07	5.41568e+07
3.52908e+07	5.41618e+07
3.52925e+07	5.41668e+07
3.52942e+07	5.41718e+07
3.52958e+07	5.41768e+07
3.52975e+07	5.41818e+07
3.52991e+07	5.41867e+07
3.53008e+07	5.41917e+07
3.53025e+07	5.41967e+07
3.53041e+07	5.42017e+07
3.53058e+07	5.42067e+07
3.53075e+07	5.42117e+07
3.53091e+07	5.42167e+07
3.53108e+07	5.42217e+07
3.53125e+07	5.42267e+07
3.53141e+07	5.42317e+07
3.53158e+07	5.42367e+07
3.53174e+07	5.42416e+07
3.53191e+07	5.42466e+07
3.53208e+07	5.42516e+07
3.53224e+07	5.42566e+07
3.53241e+07	5.42616e+07
3.53258e+07	5.42666e+07
3.53274e+07	5.42716e+07
3.53291e+07	5.42766e+07
3.53308e+07	5.42816e+07
3.53324e+07	5.42866e+07
3.53341e+07	5.42916e+07
3.53357e+07	5.42965e+07
3.53374e+07	5.43015e+07
3.53391e+07	5.43065e+07
3.53407e+07	5.43115e+07
3.53424e+07	5.43165e+07
3.53441e+07	5.43215e+07
3.53457e+07	5.43265e+07
3.53474e+07	5.43315e+07
3.5349e+07	5.43364e+07
3.53507e+07	5.43414e+07
3.53524e+07	5.43464e+07
3.5354e+07	5.43514e+07
3.53557e+07	5.43564e+07
3.53573e+07	5.43613e+07
3.5359e+07	5.43663e+07
3.53607e+07	5.43713e+07
3.53623e+07	5.43763e+07
3.5364e+07	5.43813e+07
3.53656e+07	5.43862e+07
3.53673e+07	5.43912e+07
3.5369e+07	5.43962e+07
3.53706e+07	5.44012e+07
3.53723e+07	5.44061e+07
3.53739e+07	5.44111e+07
3.53756e+07	5.44161e+07
3.53772e+07	5.4421e+07
3.53789e+07	5.4426e+07
3.53805e+07	5.4431e+07
3.53822e+07	5.44359e+07
3.53839e+07	5.44409e+07
3.53855e+07	5.44459e+07
3.53872e+07	5.44508e+07
3.53888e+07	5.44558e+07
3.53905e+07	5.44607e+07
3.53921e+07	5.44657e+07
3.53938e+07	5.44706e+07
3.53954e+07	5.44756e+07
3.53971e+07	5.44805e+07
3.53987e+07	5.44855e+07
3.54004e+07	5.44904e+07
3.5402e+07	5.44954e+07
3.54037e+07	5.45003e+07
3.54053e+07	5.45053e+07
3.5407e+07	5.45102e+07
3.54086e+07	5.45151e+07
3.54103e+07	5.45201e+07
3.54119e+07	5.4525e+07
3.54135e+07	5.45299e+07
3.54152e+07	5.45349e+07
3.54168e+07	5.45398e+07
3.54185e+07	5.45447e+07
3.54201e+07	5.45497e+07
3.54218e+07	5.45546e+07
3.54234e+07	5.45595e+07
3.5425e+07	5.45644e+07
3.54267e+07	5.45693e+07
3.54283e+07	5.45742e+07
3.54299e+07	5.45792e+07
3.54316e+07	5.45841e+07
3.54332e+07	5.4589e+07
3.54349e+07	5.45939e+07
3.54365e+07	5.45988e+07
3.54381e+07	5.46037e+07
3.54398e+07	5.46086e+07
3.54414e+07	5.46135e+07
3.5443e+07	5.46184e+07
3.54446e+07	5.46233e+07
3.54463e+07	5.46281e+07
3.54479e+07	5.4633e+07
3.54495e+07	5.46379e+07
3.54512e+07	5.46428e+07
3.54528e+07	5.46477e+07
3.54544e+07	5.46526e+07
3.5456e+07	5.46574e+07
3.54577e+07	5.46623e+07
3.54593e+07	5.46672e+07
3.54609e+07	5.4672e+07
3.54625e+07	5.46769e+07
3.54641e+07	5.46818e+07
3.54658e+07	5.46866e+07
3.54674e+07	5.46915e+07
3.5469e+07	5.46963e+07
3.54706e+07	5.47012e+07
3.54722e+07	5.4706e+07
3.54738e+07	5.47109e+07
3.54755e+07	5.47157e+07
3.54771e+07	5.47205e+07
3.54787e+07	5.47254e+07
3.54803e+07	5.47302e+07
3.54819e+07	5.4735e+07
3.54835e+07	5.47399e+07
3.54851e+07	5.47447e+07
3.54867e+07	5.47495e+07
3.54883e+07	5.47543e+07
3.54899e+07	5.47591e+07
3.54915e+07	5.4764e+07
3.54931e+07	5.47688e+07
3.54947e+07	5.47736e+07
3.54963e+07	5.47784e+07
3.54979e+07	5.47832e+07
3.54995e+07	5.4788e+07
3.55011e+07	5.47928e+07
3.55027e+07	5.47975e+07
3.55043e+07	5.48023e+07
3.55059e+07	5.48071e+07
3.55075e+07	5.48119e+07
3.55091e+07	5.48167e+07
3.55107e+07	5.48214e+07
3.55123e+07	5.48262e+07
3.55139e+07	5.4831e+07
3.55155e+07	5.48357e+07
3.55171e+07	5.48405e+07
3.55186e+07	5.48453e+07
3.55202e+07	5.485e+07
3.55218e+07	5.48548e+07
3.55234e+07	5.48595e+07
3.5525e+07	5.48643e+07
3.55266e+07	5.4869e+07
3.55281e+07	5.48737e+07
3.55297e+07	5.48785e+07
3.55313e+07	5.48832e+07
3.55329e+07	5.48879e+07
3.55344e+07	5.48927e+07
3.5536e+07	5.48974e+07
3.55376e+07	5.49021e+07
3.55392e+07	5.49068e+07
3.55407e+07	5.49115e+07
3.55423e+07	5.49162e+07
3.55439e+07	5.49209e+07
3.55454e+07	5.49256e+07
3.5547e+07	5.49303e+07
3.55486e+07	5.4935e+07
3.55501e+07	5.49397e+07
3.55517e+07	5.49444e+07
3.55532e+07	5.49491e+07
3.55548e+07	5.49537e+07
3.55564e+07	5.49584e+07
3.55579e+07	5.49631e+07
3.55595e+07	5.49677e+07
3.5561e+07	5.49724e+07
3.55626e+07	5.49771e+07
3.55641e+07	5.49817e+07
3.55657e+07	5.49864e+07
3.55672e+07	5.4991e+07
3.55688e+07	5.49957e+07
3.55703e+07	5.50003e+07
3.55719e+07	5.50049e+07
3.55734e+07	5.50096e+07
3.5575e+07	5.50142e+07
3.55765e+07	5.50188e+07
3.5578e+07	5.50234e+07
3.55796e+07	5.50281e+07
3.55811e+07	5.50327e+07
3.55827e+07	5.50373e+07
3.55842e+07	5.50419e+07
3.55857e+07	5.50465e+07
3.55873e+07	5.50511e+07
3.55888e+07	5.50557e+07
3.55903e+07	5.50603e+07
3.55918e+07	5.50649e+07
3.55934e+07	5.50694e+07
3.55949e+07	5.5074e+07
3.55964e+07	5.50786e+07
3.55979e+07	5.50832e+07
3.55995e+07	5.50877e+07
3.5601e+07	5.50923e+07
3.56025e+07	5.50968e+07
3.5604e+07	5.51014e+07
3.56055e+07	5.51059e+07
3.56071e+07	5.51105e+07
3.56086e+07	5.5115e+07
3.56101e+07	5.51196e+07
3.56116e+07	5.51241e+07
3.56131e+07	5.51286e+07
3.56146e+07	5.51331e+07
3.56161e+07	5.51377e+07
3.56176e+07	5.51422e+07
3.56191e+07	5.51467e+07
3.56206e+07	5.51512e+07
3.56221e+07	5.51557e+07
3.56236e+07	5.51602e+07
3.56251e+07	5.51647e+07
3.56266e+07	5.51692e+07
3.56281e+07	5.51737e+07
3.56296e+07	5.51782e+07
3.56311e+07	5.51826e+07
3.56326e+07	5.51871e+07
3.56341e+07	5.51916e+07
3.56356e+07	5.51961e+07
3.56371e+07	5.52005e+07
3.56386e+07	5.5205e+07
3.564e+07	5.52094e+07
3.56415e+07	5.52139e+07
3.5643e+07	5.52183e+07
3.56445e+07	5.52228e+07
3.5646e+07	5.52272e+07
3.56474e+07	5.52316e+07
3.56489e+07	5.52361e+07
3.56504e+07	5.52405e+07
3.56519e+07	5.52449e+07
3.56533e+07	5.52493e+07
3.56548e+07	5.52537e+07
3.56563e+07	5.52581e+07
3.56577e+07	5.52625e+07
3.56592e+07	5.52669e+07
3.56607e+07	5.52713e+07
3.56621e+07	5.52757e+07
3.56636e+07	5.52801e+07
3.56651e+07	5.52845e+07
3.56665e+07	5.52889e+07
3.5668e+07	5.52932e+07
3.56694e+07	5.52976e+07
3.56709e+07	5.5302e+07
3.56723e+07	5.53063e+07
3.56738e+07	5.53107e+07
3.56752e+07	5.5315e+07
3.56767e+07	5.53194e+07
3.56781e+07	5.53237e+07
3.56796e+07	5.53281e+07
3.5681e+07	5.53324e+07
3.56825e+07	5.53367e+07
3.56839e+07	5.5341e+07
3.56853e+07	5.53454e+07
3.56868e+07	5.53497e+07
3.56882e+07	5.5354e+07
3.56897e+07	5.53583e+07
3.56911e+07	5.53626e+07
3.56925e+07	5.53669e+07
3.5694e+07	5.53712e+07
3.56954e+07	5.53755e+07
3.56968e+07	5.53798e+07
3.56982e+07	5.5384e+07
3.56997e+07	5.53883e+07
3.57011e+07	5.53926e+07
3.57025e+07	5.53968e+07
3.57039e+07	5.54011e+07
3.57053e+07	5.54054e+07
3.57068e+07	5.54096e+07
3.57082e+07	5.54139e+07
3.57096e+07	5.54181e+07
3.5711e+07	5.54223e+07
3.57124e+07	5.54266e+07
3.57138e+07	5.54308e+07
3.57152e+07	5.5435e+07
3.57166e+07	5.54392e+07
3.5718e+07	5.54435e+07
3.57195e+07	5.54477e+07
3.57209e+07	5.54519e+07
3.57223e+07	5.54561e+07
3.57237e+07	5.54603e+07
3.57251e+07	5.54645e+07
3.57264e+07	5.54687e+07
3.57278e+07	5.54728e+07
3.57292e+07	5.5477e+07
3.57306e+07	5.54812e+07
3.5732e+07	5.54854e+07
3.57334e+07	5.54895e+07
3.57348e+07	5.54937e+07
3.57362e+07	5.54979e+07
3.57376e+07	5.5502e+07
3.57389e+07	5.55062e+07
3.57403e+07	5.55103e+07
3.57417e+07	5.55144e+07
3.57431e+07	5.55186e+07
3.57445e+07	5.55227e+07
3.57458e+07	5.55268e+07
3.57472e+07	5.55309e+07
3.57486e+07	5.55351e+07
3.575e+07	5.55392e+07
3.57513e+07	5.55433e+07
3.57527e+07	5.55474e+07
3.57541e+07	5.55515e+07
3.57554e+07	5.55556e+07
3.57568e+07	5.55597e+07
3.57581e+07	5.55637e+07
3.57595e+07	5.55678e+07
3.57609e+07	5.55719e+07
3.57622e+07	5.5576e+07
3.57636e+07	5.558e+07
3.57649e+07	5.55841e+07
3.57663e+07	5.55881e+07
3.57676e+07	5.55922e+07
3.5769e+07	5.55962e+07
3.57703e+07	5.56003e+07
3.57717e+07	5.56043e+07
3.5773e+07	5.56084e+07
3.57744e+07	5.56124e+07
3.57757e+07	5.56164e+07
3.5777e+07	5.56204e+07
3.57784e+07	5.56244e+07
3.57797e+07	5.56284e+07
3.5781e+07	5.56324e+07
3.57824e+07	5.56364e+07
3.57837e+07	5.56404e+07
3.5785e+07	5.56444e+07
3.57864e+07	5.56484e+07
3.57877e+07	5.56524e+07
3.5789e+07	5.56564e+07
3.57903e+07	5.56604e+07
3.57917e+07	5.56643e+07
3.5793e+07	5.56683e+07
3.57943e+07	5.56722e+07
3.57956e+07	5.56762e+07
3.57969e+07	5.56801e+07
3.57983e+07	5.56841e+07
3.57996e+07	5.5688e+07
3.58009e+07	5.5692e+07
3.58022e+07	5.56959e+07
3.58035e+07	5.56998e+07
3.58048e+07	5.57037e+07
3.58061e+07	5.57077e+07
3.58074e+07	5.57116e+07
3.58087e+07	5.57155e+07
3.581e+07	5.57194e+07
3.58113e+07	5.57233e+07
3.58126e+07	5.57272e+07
3.58139e+07	5.57311e+07
3.58152e+07	5.57349e+07
3.58165e+07	5.57388e+07
3.58178e+07	5.57427e+07
3.58191e+07	5.57466e+07
3.58204e+07	5.57504e+07
3.58217e+07	5.57543e+07
3.58229e+07	5.57581e+07
3.58242e+07	5.5762e+07
3.58255e+07	5.57658e+07
3.58268e+07	5.57697e+07
3.58281e+07	5.57735e+07
3.58293e+07	5.57774e+07
3.58306e+07	5.57812e+07
3.58319e+07	5.5785e+07
3.58332e+07	5.57888e+07
3.58344e+07	5.57926e+07
3.58357e+07	5.57965e+07
3.5837e+07	5.58003e+07
3.58382e+07	5.58041e+07
3.58395e+07	5.58079e+07
3.58408e+07	5.58117e+07
3.5842e+07	5.58154e+07
3.58433e+07	5.58192e+07
3.58446e+07	5.5823e+07
3.58458e+07	5.58268e+07
3.58471e+07	5.58305e+07
3.58483e+07	5.58343e+07
3.58496e+07	5.58381e+07
3.58508e+07	5.58418e+07
3.58521e+07	5.58456e+07
3.58533e+07	5.58493e+07
3.58546e+07	5.58531e+07
3.58558e+07	5.58568e+07
3.58571e+07	5.58605e+07
3.58583e+07	5.58642e+07
3.58595e+07	5.5868e+07
3.58608e+07	5.58717e+07
3.5862e+07	5.58754e+07
3.58633e+07	5.58791e+07
3.58645e+07	5.58828e+07
3.58657e+07	5.58865e+07
3.5867e+07	5.58902e+07
3.58682e+07	5.58939e+07
3.58694e+07	5.58976e+07
3.58706e+07	5.59013e+07
3.58719e+07	5.59049e+07
3.58731e+07	5.59086e+07
3.58743e+07	5.59123e+07
3.58755e+07	5.59159e+07
3.58768e+07	5.59196e+07
3.5878e+07	5.59232e+07
3.58792e+07	5.59269e+07
3.58804e+07	5.59305e+07
3.58816e+07	5.59342e+07
3.58828e+07	5.59378e+07
3.5884e+07	5.59414e+07
3.58852e+07	5.59451e+07
3.58865e+07	5.59487e+07
3.58877e+07	5.59523e+07
3.58889e+07	5.59559e+07
3.58901e+07	5.59595e+07
3.58913e+07	5.59631e+07
3.58925e+07	5.59667e+07
3.58937e+07	5.59703e+07
3.58949e+07	5.59739e+07
3.58961e+07	5.59775e+07
3.58973e+07	5.59811e+07
3.58984e+07	5.59846e+07
3.58996e+07	5.59882e+07
3.59008e+07	5.59918e+07
3.5902e+07	5.59953e+07
3.59032e+07	5.59989e+07
3.59044e+07	5.60025e+07
3.59056e+07	5.6006e+07
3.59067e+07	5.60096e+07
3.59079e+07	5.60131e+07
3.59091e+07	5.60166e+07
3.59103e+07	5.60202e+07
3.59115e+07	5.60237e+07
3.59126e+07	5.60272e+07
3.59138e+07	5.60307e+07
3.5915e+07	5.60342e+07
3.59161e+07	5.60377e+07
3.59173e+07	5.60412e+07
3.59185e+07	5.60447e+07
3.59196e+07	5.60482e+07
3.59208e+07	5.60517e+07
3.5922e+07	5.60552e+07
3.59231e+07	5.60587e+07
3.59243e+07	5.60622e+07
3.59254e+07	5.60656e+07
3.59266e+07	5.60691e+07
3.59277e+07	5.60726e+07
3.59289e+07	5.6076e+07
3.59301e+07	5.60795e+07
3.59312e+07	5.60829e+07
3.59323e+07	5.60864e+07
3.59335e+07	5.60898e+07
3.59346e+07	5.60932e+07
3.59358e+07	5.60967e+07
3.59369e+07	5.61001e+07
3.59381e+07	5.61035e+07
3.59392e+07	5.61069e+07
3.59403e+07	5.61104e+07
3.59415e+07	5.61138e+07
3.59426e+07	5.61172e+07
3.59437e+07	5.61206e+07
3.59449e+07	5.6124e+07
3.5946e+07	5.61274e+07
3.59471e+07	5.61307e+07
3.59483e+07	5.61341e+07
3.59494e+07	5.61375e+07
3.59505e+07	5.61409e+07
3.59516e+07	5.61442e+07
3.59528e+07	5.61476e+07
3.59539e+07	5.6151e+07
3.5955e+07	5.61543e+07
3.59561e+07	5.61577e+07
3.59572e+07	5.6161e+07
3.59583e+07	5.61644e+07
3.59595e+07	5.61677e+07
3.59606e+07	5.6171e+07
3.59617e+07	5.61744e+07
3.59628e+07	5.61777e+07
3.59639e+07	5.6181e+07
3.5965e+07	5.61843e+07
3.59661e+07	5.61876e+07
3.59672e+07	5.61909e+07
3.59683e+07	5.61942e+07
3.59694e+07	5.61975e+07
3.59705e+07	5.62008e+07
3.59716e+07	5.62041e+07
3.59727e+07	5.62074e+07
3.59738e+07	5.62107e+07
3.59749e+07	5.6214e+07
3.5976e+07	5.62172e+07
3.59771e+07	5.62205e+07
3.59782e+07	5.62238e+07
3.59792e+07	5.6227e+07
3.59803e+07	5.62303e+07
3.59814e+07	5.62335e+07
3.59825e+07	5.62368e+07
3.59836e+07	5.624e+07
3.59846e+07	5.62433e+07
3.59857e+07	5.62465e+07
3.59868e+07	5.62497e+07
3.59879e+07	5.6253e+07
3.5989e+07	5.62562e+07
3.599e+07	5.62594e+07
3.59911e+07	5.62626e+07
3.59922e+07	5.62658e+07
3.59932e+07	5.6269e+07
3.59943e+07	5.62722e+07
3.59954e+07	5.62754e+07
3.59964e+07	5.62786e+07
3.59975e+07	5.62818e+07
3.59985e+07	5.6285e+07
3.59996e+07	5.62881e+07
3.60007e+07	5.62913e+07
3.60017e+07	5.62945e+07
3.60028e+07	5.62976e+07
3.60038e+07	5.63008e+07
3.60049e+07	5.6304e+07
3.60059e+07	5.63071e+07
3.6007e+07	5.63103e+07
3.6008e+07	5.63134e+07
3.60091e+07	5.63165e+07
3.60101e+07	5.63197e+07
3.60112e+07	5.63228e+07
3.60122e+07	5.63259e+07
3.60132e+07	5.63291e+07
3.60143e+07	5.63322e+07
3.60153e+07	5.63353e+07
3.60164e+07	5.63384e+07
3.60174e+07	5.63415e+07
3.60184e+07	5.63446e+07
3.60195e+07	5.63477e+07
3.60205e+07	5.63508e+07
3.60215e+07	5.63539e+07
3.60225e+07	5.6357e+07
3.60236e+07	5.636e+07
3.60246e+07	5.63631e+07
3.60256e+07	5.63662e+07
3.60266e+07	5.63693e+07
3.60277e+07	5.63723e+07
3.60287e+07	5.63754e+07
3.60297e+07	5.63784e+07
3.60307e+07	5.63815e+07
3.60317e+07	5.63845e+07
3.60328e+07	5.63876e+07
3.60338e+07	5.63906e+07
3.60348e+07	5.63937e+07
3.60358e+07	5.63967e+07
3.60368e+07	5.63997e+07
3.60378e+07	5.64027e+07
3.60388e+07	5.64057e+07
3.60398e+07	5.64088e+07
3.60408e+07	5.64118e+07
3.60418e+07	5.64148e+07
3.60428e+07	5.64178e+07
3.60438e+07	5.64208e+07
3.60448e+07	5.64238e+07
3.60458e+07	5.64268e+07
3.60468e+07	5.64297e+07
3.60478e+07	5.64327e+07
3.60488e+07	5.64357e+07
3.60498e+07	5.64387e+07
3.60508e+07	5.64416e+07
3.60518e+07	5.64446e+07
3.60527e+07	5.64476e+07
3.60537e+07	5.64505e+07
3.60547e+07	5.64535e+07
3.60557e+07	5.64564e+07
3.60567e+07	5.64594e+07
3.60577e+07	5.64623e+07
3.60586e+07	5.64652e+07
3.60596e+07	5.64682e+07
3.60606e+07	5.64711e+07
3.60616e+07	5.6474e+07
3.60625e+07	5.64769e+07
3.60635e+07	5.64799e+07
3.60645e+07	5.64828e+07
3.60655e+07	5.64857e+07
3.60664e+07	5.64886e+07
3.60674e+07	5.64915e+07
3.60684e+07	5.64944e+07
3.60693e+07	5.64973e+07
3.60703e+07	5.65002e+07
3.60712e+07	5.6503e+07
3.60722e+07	5.65059e+07
3.60732e+07	5.65088e+07
3.60741e+07	5.65117e+07
3.60751e+07	5.65145e+07
3.6076e+07	5.65174e+07
3.6077e+07	5.65203e+07
3.60779e+07	5.65231e+07
3.60789e+07	5.6526e+07
3.60798e+07	5.65288e+07
3.60808e+07	5.65317e+07
3.60817e+07	5.65345e+07
3.60827e+07	5.65373e+07
3.60836e+07	5.65402e+07
3.60846e+07	5.6543e+07
3.60855e+07	5.65458e+07
3.60864e+07	5.65486e+07
3.60874e+07	5.65515e+07
3.60883e+07	5.65543e+07
3.60893e+07	5.65571e+07
3.60902e+07	5.65599e+07
3.60911e+07	5.65627e+07
3.60921e+07	5.65655e+07
3.6093e+07	5.65683e+07
3.60939e+07	5.65711e+07
3.60948e+07	5.65739e+07
3.60958e+07	5.65766e+07
3.60967e+07	5.65794e+07
3.60976e+07	5.65822e+07
3.60985e+07	5.6585e+07
3.60995e+07	5.65877e+07
3.61004e+07	5.65905e+07
3.61013e+07	5.65933e+07
3.61022e+07	5.6596e+07
3.61031e+07	5.65988e+07
3.61041e+07	5.66015e+07
3.6105e+07	5.66042e+07
3.61059e+07	5.6607e+07
3.61068e+07	5.66097e+07
3.61077e+07	5.66125e+07
3.61086e+07	5.66152e+07
3.61095e+07	5.66179e+07
3.61104e+07	5.66206e+07
3.61113e+07	5.66233e+07
3.61122e+07	5.66261e+07
3.61131e+07	5.66288e+07
3.6114e+07	5.66315e+07
3.61149e+07	5.66342e+07
3.61158e+07	5.66369e+07
3.61167e+07	5.66396e+07
3.61176e+07	5.66423e+07
3.61185e+07	5.66449e+07
3.61194e+07	5.66476e+07
3.61203e+07	5.66503e+07
3.61212e+07	5.6653e+07
3.61221e+07	5.66556e+07
3.6123e+07	5.66583e+07
3.61239e+07	5.6661e+07
3.61248e+07	5.66636e+07
3.61257e+07	5.66663e+07
3.61265e+07	5.66689e+07
3.61274e+07	5.66716e+07
3.61283e+07	5.66742e+07
3.61292e+07	5.66769e+07
3.61301e+07	5.66795e+07
3.61309e+07	5.66822e+07
3.61318e+07	5.66848e+07
3.61327e+07	5.66874e+07
3.61336e+07	5.669e+07
3.61344e+07	5.66926e+07
3.61353e+07	5.66953e+07
3.61362e+07	5.66979e+07
3.61371e+07	5.67005e+07
3.61379e+07	5.67031e+07
3.61388e+07	5.67057e+07
3.61397e+07	5.67083e+07
3.61405e+07	5.67109e+07
3.61414e+07	5.67135e+07
3.61422e+07	5.67161e+07
3.61431e+07	5.67186e+07
3.6144e+07	5.67212e+07
3.61448e+07	5.67238e+07
3.61457e+07	5.67264e+07
3.61465e+07	5.67289e+07
3.61474e+07	5.67315e+07
3.61482e+07	5.67341e+07
3.61491e+07	5.67366e+07
3.61499e+07	5.67392e+07
3.61508e+07	5.67417e+07
3.61516e+07	5.67443e+07
3.61525e+07	5.67468e+07
3.61533e+07	5.67493e+07
3.61542e+07	5.67519e+07
3.6155e+07	5.67544e+07
3.61559e+07	5.67569e+07
3.61567e+07	5.67595e+07
3.61576e+07	5.6762e+07
3.61584e+07	5.67645e+07
3.61592e+07	5.6767e+07
3.61601e+07	5.67695e+07
3.61609e+07	5.6772e+07
3.61617e+07	5.67745e+07
3.61626e+07	5.6777e+07
3.61634e+07	5.67795e+07
3.61642e+07	5.6782e+07
3.61651e+07	5.67845e+07
3.61659e+07	5.6787e+07
3.61667e+07	5.67895e+07
3.61675e+07	5.6792e+07
3.61684e+07	5.67944e+07
3.61692e+07	5.67969e+07
3.617e+07	5.67994e+07
3.61708e+07	5.68018e+07
3.61717e+07	5.68043e+07
3.61725e+07	5.68068e+07
3.61733e+07	5.68092e+07
3.61741e+07	5.68117e+07
3.61749e+07	5.68141e+07
3.61757e+07	5.68166e+07
3.61766e+07	5.6819e+07
3.61774e+07	5.68214e+07
3.61782e+07	5.68239e+07
3.6179e+07	5.68263e+07
3.61798e+07	5.68287e+07
3.61806e+07	5.68312e+07
3.61814e+07	5.68336e+07
3.61822e+07	5.6836e+07
3.6183e+07	5.68384e+07
3.61838e+07	5.68408e+07
3.61846e+07	5.68432e+07
3.61854e+07	5.68456e+07
3.61862e+07	5.6848e+07
3.6187e+07	5.68504e+07
3.61878e+07	5.68528e+07
3.61886e+07	5.68552e+07
3.61894e+07	5.68576e+07
3.61902e+07	5.686e+07
3.6191e+07	5.68623e+07
3.61918e+07	5.68647e+07
3.61926e+07	5.68671e+07
3.61934e+07	5.68695e+07
3.61942e+07	5.68718e+07
3.6195e+07	5.68742e+07
3.61957e+07	5.68765e+07
3.61965e+07	5.68789e+07
3.61973e+07	5.68812e+07
3.61981e+07	5.68836e+07
3.61989e+07	5.68859e+07
3.61997e+07	5.68883e+07
3.62004e+07	5.68906e+07
3.62012e+07	5.6893e+07
3.6202e+07	5.68953e+07
3.62028e+07	5.68976e+07
3.62035e+07	5.68999e+07
3.62043e+07	5.69023e+07
3.62051e+07	5.69046e+07
3.62059e+07	5.69069e+07
3.62066e+07	5.69092e+07
3.62074e+07	5.69115e+07
3.62082e+07	5.69138e+07
3.62089e+07	5.69161e+07
3.62097e+07	5.69184e+07
3.62105e+07	5.69207e+07
3.62112e+07	5.6923e+07
3.6212e+07	5.69253e+07
3.62128e+07	5.69276e+07
3.62135e+07	5.69299e+07
3.62143e+07	5.69321e+07
3.6215e+07	5.69344e+07
3.62158e+07	5.69367e+07
3.62165e+07	5.6939e+07
3.62173e+07	5.69412e+07
3.62181e+07	5.69435e+07
3.62188e+07	5.69458e+07
3.62196e+07	5.6948e+07
3.62203e+07	5.69503e+07
3.62211e+07	5.69525e+07
3.62218e+07	5.69548e+07
3.62226e+07	5.6957e+07
3.62233e+07	5.69592e+07
3.62241e+07	5.69615e+07
3.62248e+07	5.69637e+07
3.62255e+07	5.69659e+07
3.62263e+07	5.69682e+07
3.6227e+07	5.69704e+07
3.62278e+07	5.69726e+07
3.62285e+07	5.69748e+07
3.62292e+07	5.6977e+07
3.623e+07	5.69793e+07
3.62307e+07	5.69815e+07
3.62315e+07	5.69837e+07
3.62322e+07	5.69859e+07
3.62329e+07	5.69881e+07
3.62336e+07	5.69903e+07
3.62344e+07	5.69925e+07
3.62351e+07	5.69947e+07
3.62358e+07	5.69968e+07
3.62366e+07	5.6999e+07
3.62373e+07	5.70012e+07
3.6238e+07	5.70034e+07
3.62387e+07	5.70056e+07
3.62395e+07	5.70077e+07
3.62402e+07	5.70099e+07
3.62409e+07	5.70121e+07
3.62416e+07	5.70142e+07
3.62424e+07	5.70164e+07
3.62431e+07	5.70185e+07
3.62438e+07	5.70207e+07
3.62445e+07	5.70228e+07
3.62452e+07	5.7025e+07
3.62459e+07	5.70271e+07
3.62466e+07	5.70293e+07
3.62474e+07	5.70314e+07
3.62481e+07	5.70335e+07
3.62488e+07	5.70357e+07
3.62495e+07	5.70378e+07
3.62502e+07	5.70399e+07
3.62509e+07	5.7042e+07
3.62516e+07	5.70442e+07
3.62523e+07	5.70463e+07
3.6253e+07	5.70484e+07
3.62537e+07	5.70505e+07
3.62544e+07	5.70526e+07
3.62551e+07	5.70547e+07
3.62558e+07	5.70568e+07
3.62565e+07	5.70589e+07
3.62572e+07	5.7061e+07
3.62579e+07	5.70631e+07
3.62586e+07	5.70652e+07
3.62593e+07	5.70673e+07
3.626e+07	5.70693e+07
3.62607e+07	5.70714e+07
3.62614e+07	5.70735e+07
3.62621e+07	5.70756e+07
3.62628e+07	5.70776e+07
3.62635e+07	5.70797e+07
3.62641e+07	5.70818e+07
3.62648e+07	5.70838e+07
3.62655e+07	5.70859e+07
3.62662e+07	5.70879e+07
3.62669e+07	5.709e+07
3.62676e+07	5.7092e+07
3.62683e+07	5.70941e+07
3.62689e+07	5.70961e+07
3.62696e+07	5.70982e+07
3.62703e+07	5.71002e+07
3.6271e+07	5.71022e+07
3.62717e+07	5.71043e+07
3.62723e+07	5.71063e+07
3.6273e+07	5.71083e+07
3.62737e+07	5.71104e+07
3.62744e+07	5.71124e+07
3.6275e+07	5.71144e+07
3.62757e+07	5.71164e+07
3.62764e+07	5.71184e+07
3.6277e+07	5.71204e+07
3.62777e+07	5.71224e+07
3.62784e+07	5.71244e+07
3.6279e+07	5.71264e+07
3.62797e+07	5.71284e+07
3.62804e+07	5.71304e+07
3.6281e+07	5.71324e+07
3.62817e+07	5.71344e+07
3.62824e+07	5.71364e+07
3.6283e+07	5.71384e+07
3.62837e+07	5.71404e+07
3.62843e+07	5.71423e+07
3.6285e+07	5.71443e+07
3.62857e+07	5.71463e+07
3.62863e+07	5.71482e+07
3.6287e+07	5.71502e+07
3.62876e+07	5.71522e+07
3.62883e+07	5.71541e+07
3.62889e+07	5.71561e+07
3.62896e+07	5.7158e+07
3.62902e+07	5.716e+07
3.62909e+07	5.71619e+07
3.62915e+07	5.71639e+07
3.62922e+07	5.71658e+07
3.62928e+07	5.71678e+07
3.62935e+07	5.71697e+07
3.62941e+07	5.71716e+07
3.62948e+07	5.71736e+07
3.62954e+07	5.71755e+07
3.6296e+07	5.71774e+07
3.62967e+07	5.71794e+07
3.62973e+07	5.71813e+07
3.6298e+07	5.71832e+07
3.62986e+07	5.71851e+07
3.62992e+07	5.7187e+07
3.62999e+07	5.71889e+07
3.63005e+07	5.71908e+07
3.63011e+07	5.71927e+07
3.63018e+07	5.71946e+07
3.63024e+07	5.71965e+07
3.6303e+07	5.71984e+07
3.63037e+07	5.72003e+07
3.63043e+07	5.72022e+07
3.63049e+07	5.72041e+07
3.63056e+07	5.7206e+07
3.63062e+07	5.72079e+07
3.63068e+07	5.72098e+07
3.63074e+07	5.72116e+07
3.63081e+07	5.72135e+07
3.63087e+07	5.72154e+07
3.63093e+07	5.72172e+07
3.63099e+07	5.72191e+07
3.63106e+07	5.7221e+07
3.63112e+07	5.72228e+07
3.63118e+07	5.72247e+07
3.63124e+07	5.72265e+07
3.6313e+07	5.72284e+07
3.63136e+07	5.72303e+07
3.63143e+07	5.72321e+07
3.63149e+07	5.72339e+07
3.63155e+07	5.72358e+07
3.63161e+07	5.72376e+07
3.63167e+07	5.72395e+07
3.63173e+07	5.72413e+07
3.63179e+07	5.72431e+07
3.63185e+07	5.7245e+07
3.63192e+07	5.72468e+07
3.63198e+07	5.72486e+07
3.63204e+07	5.72504e+07
3.6321e+07	5.72522e+07
3.63216e+07	5.72541e+07
3.63222e+07	5.72559e+07
3.63228e+07	5.72577e+07
3.63234e+07	5.72595e+07
3.6324e+07	5.72613e+07
3.63246e+07	5.72631e+07
3.63252e+07	5.72649e+07
3.63258e+07	5.72667e+07
3.63264e+07	5.72685e+07
3.6327e+07	5.72703e+07
3.63276e+07	5.72721e+07
3.63282e+07	5.72739e+07
3.63288e+07	5.72756e+07
3.63294e+07	5.72774e+07
3.633e+07	5.72792e+07
3.63306e+07	5.7281e+07
3.63311e+07	5.72828e+07
3.63317e+07	5.72845e+07
3.63323e+07	5.72863e+07
3.63329e+07	5.72881e+07
3.63335e+07	5.72898e+07
3.63341e+07	5.72916e+07
3.63347e+07	5.72933e+07
3.63353e+07	5.72951e+07
3.63358e+07	5.72969e+07
3.63364e+07	5.72986e+07
3.6337e+07	5.73004e+07
3.63376e+07	5.73021e+07
3.63382e+07	5.73038e+07
3.63388e+07	5.73056e+07
3.63393e+07	5.73073e+07
3.63399e+07	5.73091e+07
3.63405e+07	5.73108e+07
3.63411e+07	5.73125e+07
3.63416e+07	5.73142e+07
3.63422e+07	5.7316e+07
3.63428e+07	5.73177e+07
