1e+08	2.22045e-16	2.22045e-16
1e+08	2.22045e-16	2.22045e-16
1e+08	2.22045e-16	2.22045e-16
1e+08	2.22045e-16	2.22045e-16
1e+08	2.22045e-16	2.22045e-16
1e+08	2.22045e-16	2.22045e-16
1e+08	2.22045e-16	2.22045e-16
9.99458e+07	2.22045e-16	2.22045e-16
9.92717e+07	2.22045e-16	2.22045e-16
9.8605e+07	2.22045e-16	2.22045e-16
9.79454e+07	2.22045e-16	2.22045e-16
9.72929e+07	2.22045e-16	2.22045e-16
9.66475e+07	2.22045e-16	2.22045e-16
9.60089e+07	2.22045e-16	2.22045e-16
9.53772e+07	2.22045e-16	2.22045e-16
9.47523e+07	2.22045e-16	2.22045e-16
9.4134e+07	2.22045e-16	2.22045e-16
9.35223e+07	2.22045e-16	2.22045e-16
9.29171e+07	2.22045e-16	2.22045e-16
9.23184e+07	2.22045e-16	2.22045e-16
9.1726e+07	2.22045e-16	2.22045e-16
9.11399e+07	2.22045e-16	2.22045e-16
9.056e+07	2.22045e-16	2.22045e-16
8.99863e+07	2.22045e-16	2.22045e-16
8.94186e+07	2.22045e-16	2.22045e-16
8.88568e+07	2.22045e-16	2.22045e-16
8.8301e+07	2.22045e-16	2.22045e-16
8.77511e+07	2.22045e-16	2.22045e-16
8.72069e+07	2.22045e-16	2.22045e-16
8.66684e+07	2.22045e-16	2.22045e-16
8.61355e+07	2.22045e-16	2.22045e-16
8.56082e+07	2.22045e-16	2.22045e-16
8.50864e+07	2.22045e-16	2.22045e-16
8.45701e+07	2.22045e-16	2.22045e-16
8.40591e+07	2.22045e-16	2.22045e-16
8.35534e+07	2.22045e-16	2.22045e-16
8.3053e+07	2.22045e-16	2.22045e-16
8.25577e+07	2.22045e-16	2.22045e-16
8.20676e+07	2.22045e-16	2.22045e-16
8.15825e+07	2.22045e-16	2.22045e-16
8.11024e+07	2.22045e-16	2.22045e-16
8.06273e+07	2.22045e-16	2.22045e-16
8.01571e+07	2.22045e-16	2.22045e-16
7.96916e+07	2.22045e-16	2.22045e-16
7.9231e+07	2.22045e-16	2.22045e-16
7.8775e+07	2.22045e-16	2.22045e-16
7.83238e+07	2.22045e-16	2.22045e-16
7.78771e+07	2.22045e-16	2.22045e-16
7.74349e+07	2.22045e-16	2.22045e-16
7.69973e+07	2.22045e-16	2.22045e-16
7.65641e+07	2.22045e-16	2.22045e-16
7.61353e+07	2.22045e-16	2.22045e-16
7.57109e+07	2.22045e-16	2.22045e-16
7.52907e+07	2.22045e-16	2.22045e-16
7.48748e+07	2.22045e-16	2.22045e-16
7.4463e+07	2.22045e-16	2.22045e-16
7.40554e+07	2.22045e-16	2.22045e-16
7.36519e+07	2.22045e-16	2.22045e-16
7.32525e+07	2.22045e-16	2.22045e-16
7.2857e+07	2.22045e-16	2.22045e-16
7.24656e+07	2.22045e-16	2.22045e-16
7.2078e+07	2.22045e-16	2.22045e-16
7.16943e+07	2.22045e-16	2.22045e-16
7.13144e+07	2.22045e-16	2.22045e-16
7.09382e+07	2.22045e-16	2.22045e-16
7.05659e+07	2.22045e-16	2.22045e-16
7.01972e+07	2.22045e-16	2.22045e-16
6.98321e+07	2.22045e-16	2.22045e-16
6.94707e+07	2.22045e-16	2.22045e-16
6.91128e+07	2.22045e-16	2.22045e-16
6.87585e+07	2.22045e-16	2.22045e-16
6.84076e+07	2.22045e-16	2.22045e-16
6.80602e+07	2.22045e-16	2.22045e-16
6.77162e+07	2.22045e-16	2.22045e-16
6.73755e+07	2.22045e-16	2.22045e-16
6.70382e+07	2.22045e-16	2.22045e-16
6.67042e+07	2.22045e-16	2.22045e-16
6.63734e+07	2.22045e-16	2.22045e-16
6.60459e+07	2.22045e-16	2.22045e-16
6.57215e+07	2.22045e-16	2.22045e-16
6.54003e+07	2.22045e-16	2.22045e-16
6.50822e+07	2.22045e-16	2.22045e-16
6.47672e+07	2.22045e-16	2.22045e-16
6.44552e+07	2.22045e-16	2.22045e-16
6.41463e+07	2.22045e-16	2.22045e-16
6.38403e+07	2.22045e-16	2.22045e-16
6.35372e+07	2.22045e-16	2.22045e-16
6.32371e+07	2.22045e-16	2.22045e-16
6.29398e+07	2.22045e-16	2.22045e-16
6.26454e+07	2.22045e-16	2.22045e-16
6.23538e+07	2.22045e-16	2.22045e-16
6.2065e+07	2.22045e-16	2.22045e-16
6.17789e+07	2.22045e-16	2.22045e-16
6.14956e+07	2.22045e-16	2.22045e-16
6.12149e+07	2.22045e-16	2.22045e-16
6.09369e+07	2.22045e-16	2.22045e-16
6.06616e+07	2.22045e-16	2.22045e-16
6.03888e+07	2.22045e-16	2.22045e-16
6.01187e+07	2.22045e-16	2.22045e-16
5.9851e+07	2.22045e-16	2.22045e-16
5.95859e+07	2.22045e-16	2.22045e-16
5.93233e+07	2.22045e-16	2.22045e-16
5.90632e+07	2.22045e-16	2.22045e-16
5.88055e+07	2.22045e-16	2.22045e-16
5.85502e+07	2.22045e-16	2.22045e-16
5.82973e+07	2.22045e-16	2.22045e-16
5.80467e+07	2.22045e-16	2.22045e-16
5.77985e+07	2.22045e-16	2.22045e-16
5.75526e+07	2.22045e-16	2.22045e-16
5.7309e+07	2.22045e-16	2.22045e-16
5.70676e+07	2.22045e-16	2.22045e-16
5.68285e+07	2.22045e-16	2.22045e-16
5.65916e+07	2.22045e-16	2.22045e-16
5.63569e+07	2.22045e-16	2.22045e-16
5.61243e+07	2.22045e-16	2.22045e-16
5.58939e+07	2.22045e-16	2.22045e-16
5.56656e+07	2.22045e-16	2.22045e-16
5.54394e+07	2.22045e-16	2.22045e-16
5.52153e+07	2.22045e-16	2.22045e-16
5.49932e+07	2.22045e-16	2.22045e-16
5.47732e+07	2.22045e-16	2.22045e-16
5.45552e+07	2.22045e-16	2.22045e-16
5.43391e+07	2.22045e-16	2.22045e-16
5.41251e+07	2.22045e-16	2.22045e-16
5.39129e+07	2.22045e-16	2.22045e-16
5.37027e+07	2.22045e-16	2.22045e-16
5.34945e+07	2.22045e-16	2.22045e-16
5.3288e+07	2.22045e-16	2.22045e-16
5.30835e+07	2.22045e-16	2.22045e-16
5.28808e+07	2.22045e-16	2.22045e-16
5.26799e+07	2.22045e-16	2.22045e-16
5.24809e+07	2.22045e-16	2.22045e-16
5.22836e+07	2.22045e-16	2.22045e-16
5.20881e+07	2.22045e-16	2.22045e-16
5.18944e+07	2.22045e-16	2.22045e-16
5.17024e+07	2.22045e-16	2.22045e-16
5.15121e+07	2.22045e-16	2.22045e-16
5.13235e+07	2.22045e-16	2.22045e-16
5.11366e+07	2.22045e-16	2.22045e-16
5.09513e+07	2.22045e-16	2.22045e-16
5.07677e+07	2.22045e-16	2.22045e-16
5.05857e+07	2.22045e-16	2.22045e-16
5.04054e+07	2.22045e-16	2.22045e-16
5.02266e+07	2.22045e-16	2.22045e-16
5.00494e+07	2.22045e-16	2.22045e-16
4.98738e+07	2.22045e-16	2.22045e-16
4.96998e+07	2.22045e-16	2.22045e-16
4.95272e+07	2.22045e-16	2.22045e-16
4.93562e+07	2.22045e-16	2.22045e-16
4.91867e+07	2.22045e-16	2.22045e-16
4.90187e+07	2.22045e-16	2.22045e-16
4.88521e+07	2.22045e-16	2.22045e-16
4.8687e+07	2.22045e-16	2.22045e-16
4.85234e+07	2.22045e-16	2.22045e-16
4.83611e+07	2.22045e-16	2.22045e-16
4.82003e+07	2.22045e-16	2.22045e-16
4.80409e+07	2.22045e-16	2.22045e-16
4.78829e+07	2.22045e-16	2.22045e-16
4.77262e+07	2.22045e-16	2.22045e-16
4.75709e+07	2.22045e-16	2.22045e-16
4.74169e+07	2.22045e-16	2.22045e-16
4.72643e+07	2.22045e-16	2.22045e-16
4.7113e+07	2.22045e-16	2.22045e-16
4.6963e+07	2.22045e-16	2.22045e-16
4.68143e+07	2.22045e-16	2.22045e-16
4.66668e+07	2.22045e-16	2.22045e-16
4.65206e+07	2.22045e-16	2.22045e-16
4.63757e+07	2.22045e-16	2.22045e-16
4.62321e+07	2.22045e-16	2.22045e-16
4.60896e+07	2.22045e-16	2.22045e-16
4.59484e+07	2.22045e-16	2.22045e-16
4.58083e+07	2.22045e-16	2.22045e-16
4.56695e+07	2.22045e-16	2.22045e-16
4.55319e+07	2.22045e-16	2.22045e-16
4.53954e+07	2.22045e-16	2.22045e-16
4.52601e+07	2.22045e-16	2.22045e-16
4.51259e+07	2.22045e-16	2.22045e-16
4.49928e+07	2.22045e-16	2.22045e-16
4.48609e+07	2.22045e-16	2.22045e-16
4.47301e+07	2.22045e-16	2.22045e-16
4.46004e+07	2.22045e-16	2.22045e-16
4.44718e+07	2.22045e-16	2.22045e-16
4.43443e+07	2.22045e-16	2.22045e-16
4.42179e+07	2.22045e-16	2.22045e-16
4.40925e+07	2.22045e-16	2.22045e-16
4.39681e+07	2.22045e-16	2.22045e-16
4.38448e+07	2.22045e-16	2.22045e-16
4.37226e+07	2.22045e-16	2.22045e-16
4.36013e+07	2.22045e-16	2.22045e-16
4.34811e+07	2.22045e-16	2.22045e-16
4.33619e+07	2.22045e-16	2.22045e-16
4.32436e+07	2.22045e-16	2.22045e-16
4.31264e+07	2.22045e-16	2.22045e-16
4.30101e+07	2.22045e-16	2.22045e-16
4.28948e+07	2.22045e-16	2.22045e-16
4.27804e+07	2.22045e-16	2.22045e-16
4.2667e+07	2.22045e-16	2.22045e-16
4.25545e+07	2.22045e-16	2.22045e-16
4.2443e+07	2.22045e-16	2.22045e-16
4.23323e+07	2.22045e-16	2.22045e-16
4.22226e+07	2.22045e-16	2.22045e-16
4.21138e+07	2.22045e-16	2.22045e-16
4.20059e+07	2.22045e-16	2.22045e-16
4.18989e+07	2.22045e-16	2.22045e-16
4.17927e+07	2.22045e-16	2.22045e-16
4.16874e+07	2.22045e-16	2.22045e-16
4.1583e+07	2.22045e-16	2.22045e-16
4.14794e+07	2.22045e-16	2.22045e-16
4.13767e+07	2.22045e-16	2.22045e-16
4.12748e+07	2.22045e-16	2.22045e-16
4.11737e+07	2.22045e-16	2.22045e-16
4.10735e+07	2.22045e-16	2.22045e-16
4.09741e+07	2.22045e-16	2.22045e-16
4.08755e+07	2.22045e-16	2.22045e-16
4.07777e+07	2.22045e-16	2.22045e-16
4.06806e+07	2.22045e-16	2.22045e-16
4.05844e+07	2.22045e-16	2.22045e-16
4.04889e+07	2.22045e-16	2.22045e-16
4.03942e+07	2.22045e-16	2.22045e-16
4.03003e+07	2.22045e-16	2.22045e-16
4.02071e+07	2.22045e-16	2.22045e-16
4.01147e+07	2.22045e-16	2.22045e-16
4.0023e+07	2.22045e-16	2.22045e-16
3.99321e+07	2.22045e-16	2.22045e-16
3.98419e+07	2.22045e-16	2.22045e-16
3.97524e+07	2.22045e-16	2.22045e-16
3.96636e+07	2.22045e-16	2.22045e-16
3.95756e+07	2.22045e-16	2.22045e-16
3.94882e+07	2.22045e-16	2.22045e-16
3.94015e+07	2.22045e-16	2.22045e-16
3.93156e+07	2.22045e-16	2.22045e-16
3.92303e+07	2.22045e-16	2.22045e-16
3.91457e+07	2.22045e-16	2.22045e-16
3.90617e+07	2.22045e-16	2.22045e-16
3.89785e+07	2.22045e-16	2.22045e-16
3.88959e+07	2.22045e-16	2.22045e-16
3.88139e+07	2.22045e-16	2.22045e-16
3.87326e+07	2.22045e-16	2.22045e-16
3.86519e+07	2.22045e-16	2.22045e-16
3.85719e+07	2.22045e-16	2.22045e-16
3.84925e+07	2.22045e-16	2.22045e-16
3.84138e+07	2.22045e-16	2.22045e-16
3.83356e+07	2.22045e-16	2.22045e-16
3.82581e+07	2.22045e-16	2.22045e-16
3.81812e+07	2.22045e-16	2.22045e-16
3.81048e+07	2.22045e-16	2.22045e-16
3.80291e+07	2.22045e-16	2.22045e-16
3.7954e+07	2.22045e-16	2.22045e-16
3.78795e+07	2.22045e-16	2.22045e-16
3.78055e+07	2.22045e-16	2.22045e-16
3.77321e+07	2.22045e-16	2.22045e-16
3.76593e+07	2.22045e-16	2.22045e-16
3.75871e+07	2.22045e-16	2.22045e-16
3.75154e+07	2.22045e-16	2.22045e-16
3.74443e+07	2.22045e-16	2.22045e-16
3.73737e+07	2.22045e-16	2.22045e-16
3.73037e+07	2.22045e-16	2.22045e-16
3.72343e+07	2.22045e-16	2.22045e-16
3.71653e+07	2.22045e-16	2.22045e-16
3.70969e+07	2.22045e-16	2.22045e-16
3.70291e+07	2.22045e-16	2.22045e-16
3.69617e+07	2.22045e-16	2.22045e-16
3.68949e+07	2.22045e-16	2.22045e-16
3.68286e+07	2.22045e-16	2.22045e-16
3.67628e+07	2.22045e-16	2.22045e-16
3.66975e+07	2.22045e-16	2.22045e-16
3.66327e+07	2.22045e-16	2.22045e-16
3.65685e+07	2.22045e-16	2.22045e-16
3.65047e+07	2.22045e-16	2.22045e-16
3.64414e+07	2.22045e-16	2.22045e-16
3.63786e+07	2.22045e-16	2.22045e-16
3.63162e+07	2.22045e-16	2.22045e-16
3.62544e+07	2.22045e-16	2.22045e-16
3.6193e+07	2.22045e-16	2.22045e-16
3.61321e+07	2.22045e-16	2.22045e-16
3.60717e+07	2.22045e-16	2.22045e-16
3.60117e+07	2.22045e-16	2.22045e-16
3.59521e+07	2.22045e-16	2.22045e-16
3.58931e+07	2.22045e-16	2.22045e-16
3.58345e+07	2.22045e-16	2.22045e-16
3.57763e+07	2.22045e-16	2.22045e-16
3.57186e+07	2.22045e-16	2.22045e-16
3.56613e+07	2.22045e-16	2.22045e-16
3.56044e+07	2.22045e-16	2.22045e-16
3.5548e+07	2.22045e-16	2.22045e-16
3.5492e+07	2.22045e-16	2.22045e-16
3.54364e+07	2.22045e-16	2.22045e-16
3.53813e+07	2.22045e-16	2.22045e-16
3.53265e+07	2.22045e-16	2.22045e-16
3.52722e+07	2.22045e-16	2.22045e-16
3.52183e+07	2.22045e-16	2.22045e-16
3.51648e+07	2.22045e-16	2.22045e-16
3.51117e+07	2.22045e-16	2.22045e-16
3.5059e+07	2.22045e-16	2.22045e-16
3.50067e+07	2.22045e-16	2.22045e-16
3.49548e+07	2.22045e-16	2.22045e-16
3.49033e+07	2.22045e-16	2.22045e-16
3.48521e+07	2.22045e-16	2.22045e-16
3.48014e+07	2.22045e-16	2.22045e-16
3.4751e+07	2.22045e-16	2.22045e-16
3.4701e+07	2.22045e-16	2.22045e-16
3.46514e+07	2.22045e-16	2.22045e-16
3.46022e+07	2.22045e-16	2.22045e-16
3.45533e+07	2.22045e-16	2.22045e-16
3.45048e+07	2.22045e-16	2.22045e-16
3.44566e+07	2.22045e-16	2.22045e-16
3.44088e+07	2.22045e-16	2.22045e-16
3.43614e+07	2.22045e-16	2.22045e-16
3.43143e+07	2.22045e-16	2.22045e-16
3.42676e+07	2.22045e-16	2.22045e-16
3.42212e+07	2.22045e-16	2.22045e-16
3.41752e+07	2.22045e-16	2.22045e-16
3.41295e+07	2.22045e-16	2.22045e-16
3.40841e+07	2.22045e-16	2.22045e-16
3.40391e+07	2.22045e-16	2.22045e-16
3.39944e+07	2.22045e-16	2.22045e-16
3.39501e+07	2.22045e-16	2.22045e-16
3.39061e+07	2.22045e-16	2.22045e-16
3.38624e+07	2.22045e-16	2.22045e-16
3.3819e+07	2.22045e-16	2.22045e-16
3.37759e+07	2.22045e-16	2.22045e-16
3.37332e+07	2.22045e-16	2.22045e-16
3.36908e+07	2.22045e-16	2.22045e-16
3.36487e+07	2.22045e-16	2.22045e-16
3.36069e+07	2.22045e-16	2.22045e-16
3.35654e+07	2.22045e-16	2.22045e-16
3.35242e+07	2.22045e-16	2.22045e-16
3.34833e+07	2.22045e-16	2.22045e-16
3.34427e+07	2.22045e-16	2.22045e-16
3.34025e+07	2.22045e-16	2.22045e-16
3.33625e+07	2.22045e-16	2.22045e-16
3.33228e+07	2.22045e-16	2.22045e-16
3.32834e+07	2.22045e-16	2.22045e-16
3.32443e+07	2.22045e-16	2.22045e-16
3.32054e+07	2.22045e-16	2.22045e-16
3.31669e+07	2.22045e-16	2.22045e-16
3.31286e+07	2.22045e-16	2.22045e-16
3.30907e+07	2.22045e-16	2.22045e-16
3.3053e+07	2.22045e-16	2.22045e-16
3.30155e+07	2.22045e-16	2.22045e-16
3.29784e+07	2.22045e-16	2.22045e-16
3.29415e+07	2.22045e-16	2.22045e-16
3.29049e+07	2.22045e-16	2.22045e-16
3.28685e+07	2.22045e-16	2.22045e-16
3.28324e+07	2.22045e-16	2.22045e-16
3.27966e+07	2.22045e-16	2.22045e-16
3.27611e+07	2.22045e-16	2.22045e-16
3.27258e+07	2.22045e-16	2.22045e-16
3.26907e+07	2.22045e-16	2.22045e-16
3.26559e+07	2.22045e-16	2.22045e-16
3.26214e+07	2.22045e-16	2.22045e-16
3.25871e+07	2.22045e-16	2.22045e-16
3.25531e+07	2.22045e-16	2.22045e-16
3.25193e+07	2.22045e-16	2.22045e-16
3.24857e+07	2.22045e-16	2.22045e-16
3.24524e+07	2.22045e-16	2.22045e-16
3.24194e+07	2.22045e-16	2.22045e-16
3.23865e+07	2.22045e-16	2.22045e-16
3.2354e+07	2.22045e-16	2.22045e-16
3.23216e+07	2.22045e-16	2.22045e-16
3.22895e+07	2.22045e-16	2.22045e-16
3.22576e+07	2.22045e-16	2.22045e-16
3.22259e+07	2.22045e-16	2.22045e-16
3.21945e+07	2.22045e-16	2.22045e-16
3.21633e+07	2.22045e-16	2.22045e-16
3.21323e+07	2.22045e-16	2.22045e-16
3.21016e+07	2.22045e-16	2.22045e-16
3.2071e+07	2.22045e-16	2.22045e-16
3.20407e+07	2.22045e-16	2.22045e-16
3.20106e+07	2.22045e-16	2.22045e-16
3.19808e+07	2.22045e-16	2.22045e-16
3.19511e+07	2.22045e-16	2.22045e-16
3.19216e+07	2.22045e-16	2.22045e-16
3.18924e+07	2.22045e-16	2.22045e-16
3.18634e+07	2.22045e-16	2.22045e-16
3.18345e+07	2.22045e-16	2.22045e-16
3.18059e+07	2.22045e-16	2.22045e-16
3.17775e+07	2.22045e-16	2.22045e-16
3.17493e+07	2.22045e-16	2.22045e-16
3.17213e+07	2.22045e-16	2.22045e-16
3.16935e+07	2.22045e-16	2.22045e-16
3.16659e+07	2.22045e-16	2.22045e-16
3.16385e+07	2.22045e-16	2.22045e-16
3.16112e+07	2.22045e-16	2.22045e-16
3.15842e+07	2.22045e-16	2.22045e-16
3.15574e+07	2.22045e-16	2.22045e-16
3.15307e+07	2.22045e-16	2.22045e-16
3.15043e+07	2.22045e-16	2.22045e-16
3.1478e+07	2.22045e-16	2.22045e-16
3.1452e+07	2.22045e-16	2.22045e-16
3.14261e+07	2.22045e-16	2.22045e-16
3.14004e+07	2.22045e-16	2.22045e-16
3.13748e+07	2.22045e-16	2.22045e-16
3.13495e+07	2.22045e-16	2.22045e-16
3.13243e+07	2.22045e-16	2.22045e-16
3.12994e+07	2.22045e-16	2.22045e-16
3.12746e+07	2.22045e-16	2.22045e-16
3.12499e+07	2.22045e-16	2.22045e-16
3.12255e+07	2.22045e-16	2.22045e-16
3.12012e+07	2.22045e-16	2.22045e-16
3.11771e+07	2.22045e-16	2.22045e-16
3.11531e+07	2.22045e-16	2.22045e-16
3.11294e+07	2.22045e-16	2.22045e-16
3.11058e+07	2.22045e-16	2.22045e-16
3.10823e+07	2.22045e-16	2.22045e-16
3.10591e+07	2.22045e-16	2.22045e-16
3.1036e+07	2.22045e-16	2.22045e-16
3.1013e+07	2.22045e-16	2.22045e-16
3.09902e+07	2.22045e-16	2.22045e-16
3.09676e+07	2.22045e-16	2.22045e-16
3.09452e+07	2.22045e-16	2.22045e-16
3.09229e+07	2.22045e-16	2.22045e-16
3.09007e+07	2.22045e-16	2.22045e-16
3.08787e+07	2.22045e-16	2.22045e-16
3.08569e+07	2.22045e-16	2.22045e-16
3.08352e+07	2.22045e-16	2.22045e-16
3.08137e+07	2.22045e-16	2.22045e-16
3.07923e+07	2.22045e-16	2.22045e-16
3.07711e+07	2.22045e-16	2.22045e-16
3.075e+07	2.22045e-16	2.22045e-16
3.07291e+07	2.22045e-16	2.22045e-16
3.07083e+07	2.22045e-16	2.22045e-16
3.06877e+07	2.22045e-16	2.22045e-16
3.06672e+07	2.22045e-16	2.22045e-16
3.06468e+07	2.22045e-16	2.22045e-16
3.06266e+07	2.22045e-16	2.22045e-16
3.06066e+07	2.22045e-16	2.22045e-16
3.05866e+07	2.22045e-16	2.22045e-16
3.05669e+07	2.22045e-16	2.22045e-16
3.05472e+07	2.22045e-16	2.22045e-16
3.05277e+07	2.22045e-16	2.22045e-16
3.05083e+07	2.22045e-16	2.22045e-16
3.04891e+07	2.22045e-16	2.22045e-16
3.047e+07	2.22045e-16	2.22045e-16
3.0451e+07	2.22045e-16	2.22045e-16
3.04322e+07	2.22045e-16	2.22045e-16
3.04135e+07	2.22045e-16	2.22045e-16
3.03949e+07	2.22045e-16	2.22045e-16
3.03765e+07	2.22045e-16	2.22045e-16
3.03582e+07	2.22045e-16	2.22045e-16
3.034e+07	2.22045e-16	2.22045e-16
3.03219e+07	2.22045e-16	2.22045e-16
3.0304e+07	2.22045e-16	2.22045e-16
3.02862e+07	2.22045e-16	2.22045e-16
3.02685e+07	2.22045e-16	2.22045e-16
3.02509e+07	2.22045e-16	2.22045e-16
3.02335e+07	2.22045e-16	2.22045e-16
3.02162e+07	2.22045e-16	2.22045e-16
3.0199e+07	2.22045e-16	2.22045e-16
3.01819e+07	2.22045e-16	2.22045e-16
3.01649e+07	2.22045e-16	2.22045e-16
3.01481e+07	2.22045e-16	2.22045e-16
3.01314e+07	2.22045e-16	2.22045e-16
3.01148e+07	2.22045e-16	2.22045e-16
3.00983e+07	2.22045e-16	2.22045e-16
3.00819e+07	2.22045e-16	2.22045e-16
3.00656e+07	2.22045e-16	2.22045e-16
3.00495e+07	2.22045e-16	2.22045e-16
3.00334e+07	2.22045e-16	2.22045e-16
3.00175e+07	2.22045e-16	2.22045e-16
3.00017e+07	2.22045e-16	2.22045e-16
2.9986e+07	2.22045e-16	2.22045e-16
2.99704e+07	2.22045e-16	2.22045e-16
2.99549e+07	2.22045e-16	2.22045e-16
2.99395e+07	2.22045e-16	2.22045e-16
2.99242e+07	2.22045e-16	2.22045e-16
2.9909e+07	2.22045e-16	2.22045e-16
2.9894e+07	2.22045e-16	2.22045e-16
2.9879e+07	2.22045e-16	2.22045e-16
2.98642e+07	2.22045e-16	2.22045e-16
2.98494e+07	2.22045e-16	2.22045e-16
2.98347e+07	2.22045e-16	2.22045e-16
2.98202e+07	2.22045e-16	2.22045e-16
2.98057e+07	2.22045e-16	2.22045e-16
2.97914e+07	2.22045e-16	2.22045e-16
2.97771e+07	2.22045e-16	2.22045e-16
2.9763e+07	2.22045e-16	2.22045e-16
2.97489e+07	2.22045e-16	2.22045e-16
2.97349e+07	2.22045e-16	2.22045e-16
2.97211e+07	2.22045e-16	2.22045e-16
2.97073e+07	2.22045e-16	2.22045e-16
2.96936e+07	2.22045e-16	2.22045e-16
2.96801e+07	2.22045e-16	2.22045e-16
2.96666e+07	2.22045e-16	2.22045e-16
2.96532e+07	2.22045e-16	2.22045e-16
2.96399e+07	2.22045e-16	2.22045e-16
2.96267e+07	2.22045e-16	2.22045e-16
2.96135e+07	2.22045e-16	2.22045e-16
2.96005e+07	2.22045e-16	2.22045e-16
2.95876e+07	2.22045e-16	2.22045e-16
2.95747e+07	2.22045e-16	2.22045e-16
2.9562e+07	2.22045e-16	2.22045e-16
2.95493e+07	2.22045e-16	2.22045e-16
2.95367e+07	2.22045e-16	2.22045e-16
2.95242e+07	2.22045e-16	2.22045e-16
2.95118e+07	2.22045e-16	2.22045e-16
2.94994e+07	2.22045e-16	2.22045e-16
2.94872e+07	2.22045e-16	2.22045e-16
2.9475e+07	2.22045e-16	2.22045e-16
2.9463e+07	2.22045e-16	2.22045e-16
2.9451e+07	2.22045e-16	2.22045e-16
2.9439e+07	2.22045e-16	2.22045e-16
2.94272e+07	2.22045e-16	2.22045e-16
2.94155e+07	2.22045e-16	2.22045e-16
2.94038e+07	2.22045e-16	2.22045e-16
2.93922e+07	2.22045e-16	2.22045e-16
2.93807e+07	2.22045e-16	2.22045e-16
2.93693e+07	2.22045e-16	2.22045e-16
2.93579e+07	2.22045e-16	2.22045e-16
2.93466e+07	2.22045e-16	2.22045e-16
2.93354e+07	2.22045e-16	2.22045e-16
2.93243e+07	2.22045e-16	2.22045e-16
2.93133e+07	2.22045e-16	2.22045e-16
2.93023e+07	2.22045e-16	2.22045e-16
2.92914e+07	2.22045e-16	2.22045e-16
2.92806e+07	2.22045e-16	2.22045e-16
2.92698e+07	2.22045e-16	2.22045e-16
2.92592e+07	2.22045e-16	2.22045e-16
2.92486e+07	2.22045e-16	2.22045e-16
2.9238e+07	2.22045e-16	2.22045e-16
2.92276e+07	2.22045e-16	2.22045e-16
2.92172e+07	2.22045e-16	2.22045e-16
2.92069e+07	2.22045e-16	2.22045e-16
2.91966e+07	2.22045e-16	2.22045e-16
2.91865e+07	2.22045e-16	2.22045e-16
2.91763e+07	2.22045e-16	2.22045e-16
2.91663e+07	2.22045e-16	2.22045e-16
2.91563e+07	2.22045e-16	2.22045e-16
2.91464e+07	2.22045e-16	2.22045e-16
2.91366e+07	2.22045e-16	2.22045e-16
2.91268e+07	2.22045e-16	2.22045e-16
2.91171e+07	2.22045e-16	2.22045e-16
2.91075e+07	2.22045e-16	2.22045e-16
2.90979e+07	2.22045e-16	2.22045e-16
2.90884e+07	2.22045e-16	2.22045e-16
2.9079e+07	2.22045e-16	2.22045e-16
2.90696e+07	2.22045e-16	2.22045e-16
2.90603e+07	2.22045e-16	2.22045e-16
2.90511e+07	2.22045e-16	2.22045e-16
2.90419e+07	2.22045e-16	2.22045e-16
2.90328e+07	2.22045e-16	2.22045e-16
2.90237e+07	2.22045e-16	2.22045e-16
2.90147e+07	2.22045e-16	2.22045e-16
2.90058e+07	2.22045e-16	2.22045e-16
2.89969e+07	2.22045e-16	2.22045e-16
2.89881e+07	2.22045e-16	2.22045e-16
2.89793e+07	2.22045e-16	2.22045e-16
2.89707e+07	2.22045e-16	2.22045e-16
2.8962e+07	2.22045e-16	2.22045e-16
2.89534e+07	2.22045e-16	2.22045e-16
2.89449e+07	2.22045e-16	2.22045e-16
2.89365e+07	2.22045e-16	2.22045e-16
2.89281e+07	2.22045e-16	2.22045e-16
2.89197e+07	2.22045e-16	2.22045e-16
2.89114e+07	2.22045e-16	2.22045e-16
2.89032e+07	2.22045e-16	2.22045e-16
2.8895e+07	2.22045e-16	2.22045e-16
2.88869e+07	2.22045e-16	2.22045e-16
2.88788e+07	2.22045e-16	2.22045e-16
2.88708e+07	2.22045e-16	2.22045e-16
2.88628e+07	2.22045e-16	2.22045e-16
2.88549e+07	2.22045e-16	2.22045e-16
2.88471e+07	2.22045e-16	2.22045e-16
2.88393e+07	2.22045e-16	2.22045e-16
2.88315e+07	2.22045e-16	2.22045e-16
2.88239e+07	2.22045e-16	2.22045e-16
2.88162e+07	2.22045e-16	2.22045e-16
2.88086e+07	2.22045e-16	2.22045e-16
2.88011e+07	2.22045e-16	2.22045e-16
2.87936e+07	2.22045e-16	2.22045e-16
2.87862e+07	2.22045e-16	2.22045e-16
2.87788e+07	2.22045e-16	2.22045e-16
2.87714e+07	2.22045e-16	2.22045e-16
2.87642e+07	2.22045e-16	2.22045e-16
2.87569e+07	2.22045e-16	2.22045e-16
2.87497e+07	2.22045e-16	2.22045e-16
2.87426e+07	2.22045e-16	2.22045e-16
2.87355e+07	2.22045e-16	2.22045e-16
2.87285e+07	2.22045e-16	2.22045e-16
2.87215e+07	2.22045e-16	2.22045e-16
2.87145e+07	2.22045e-16	2.22045e-16
2.87076e+07	2.22045e-16	2.22045e-16
2.87008e+07	2.22045e-16	2.22045e-16
2.8694e+07	2.22045e-16	2.22045e-16
2.86872e+07	2.22045e-16	2.22045e-16
2.86805e+07	2.22045e-16	2.22045e-16
2.86738e+07	2.22045e-16	2.22045e-16
2.86672e+07	2.22045e-16	2.22045e-16
2.86606e+07	2.22045e-16	2.22045e-16
2.86541e+07	2.22045e-16	2.22045e-16
2.86476e+07	2.22045e-16	2.22045e-16
2.86411e+07	2.22045e-16	2.22045e-16
2.86347e+07	2.22045e-16	2.22045e-16
2.86284e+07	2.22045e-16	2.22045e-16
2.8622e+07	2.22045e-16	2.22045e-16
2.86158e+07	2.22045e-16	2.22045e-16
2.86095e+07	2.22045e-16	2.22045e-16
2.86033e+07	2.22045e-16	2.22045e-16
2.85972e+07	2.22045e-16	2.22045e-16
2.85911e+07	2.22045e-16	2.22045e-16
2.8585e+07	2.22045e-16	2.22045e-16
2.8579e+07	2.22045e-16	2.22045e-16
2.8573e+07	2.22045e-16	2.22045e-16
2.85671e+07	2.22045e-16	2.22045e-16
2.85611e+07	2.22045e-16	2.22045e-16
2.85553e+07	2.22045e-16	2.22045e-16
2.85495e+07	2.22045e-16	2.22045e-16
2.85437e+07	2.22045e-16	2.22045e-16
2.85379e+07	2.22045e-16	2.22045e-16
2.85322e+07	2.22045e-16	2.22045e-16
2.85265e+07	2.22045e-16	2.22045e-16
2.85209e+07	2.22045e-16	2.22045e-16
2.85153e+07	2.22045e-16	2.22045e-16
2.85098e+07	2.22045e-16	2.22045e-16
2.85042e+07	2.22045e-16	2.22045e-16
2.84988e+07	2.22045e-16	2.22045e-16
2.84933e+07	2.22045e-16	2.22045e-16
2.84879e+07	2.22045e-16	2.22045e-16
2.84825e+07	2.22045e-16	2.22045e-16
2.84772e+07	2.22045e-16	2.22045e-16
2.84719e+07	2.22045e-16	2.22045e-16
2.84666e+07	2.22045e-16	2.22045e-16
2.84614e+07	2.22045e-16	2.22045e-16
2.84562e+07	2.22045e-16	2.22045e-16
2.8451e+07	2.22045e-16	2.22045e-16
2.84459e+07	2.22045e-16	2.22045e-16
2.84408e+07	2.22045e-16	2.22045e-16
2.84358e+07	2.22045e-16	2.22045e-16
2.84307e+07	2.22045e-16	2.22045e-16
2.84258e+07	2.22045e-16	2.22045e-16
2.84208e+07	2.22045e-16	2.22045e-16
2.84159e+07	2.22045e-16	2.22045e-16
2.8411e+07	2.22045e-16	2.22045e-16
2.84061e+07	2.22045e-16	2.22045e-16
2.84013e+07	2.22045e-16	2.22045e-16
2.83965e+07	2.22045e-16	2.22045e-16
2.83918e+07	2.22045e-16	2.22045e-16
2.8387e+07	2.22045e-16	2.22045e-16
2.83823e+07	2.22045e-16	2.22045e-16
2.83777e+07	2.22045e-16	2.22045e-16
2.8373e+07	2.22045e-16	2.22045e-16
2.83684e+07	2.22045e-16	2.22045e-16
2.83639e+07	2.22045e-16	2.22045e-16
2.83593e+07	2.22045e-16	2.22045e-16
2.83548e+07	2.22045e-16	2.22045e-16
2.83503e+07	2.22045e-16	2.22045e-16
2.83459e+07	2.22045e-16	2.22045e-16
2.83415e+07	2.22045e-16	2.22045e-16
2.83371e+07	2.22045e-16	2.22045e-16
2.83327e+07	2.22045e-16	2.22045e-16
2.83284e+07	2.22045e-16	2.22045e-16
2.83241e+07	2.22045e-16	2.22045e-16
2.83198e+07	2.22045e-16	2.22045e-16
2.83156e+07	2.22045e-16	2.22045e-16
2.83114e+07	2.22045e-16	2.22045e-16
2.83072e+07	2.22045e-16	2.22045e-16
2.8303e+07	2.22045e-16	2.22045e-16
2.82989e+07	2.22045e-16	2.22045e-16
2.82948e+07	2.22045e-16	2.22045e-16
2.82907e+07	2.22045e-16	2.22045e-16
2.82867e+07	2.22045e-16	2.22045e-16
2.82826e+07	2.22045e-16	2.22045e-16
2.82786e+07	2.22045e-16	2.22045e-16
2.82747e+07	2.22045e-16	2.22045e-16
2.82707e+07	2.22045e-16	2.22045e-16
2.82668e+07	2.22045e-16	2.22045e-16
2.82629e+07	2.22045e-16	2.22045e-16
2.82591e+07	2.22045e-16	2.22045e-16
2.82552e+07	2.22045e-16	2.22045e-16
2.82514e+07	2.22045e-16	2.22045e-16
2.82476e+07	2.22045e-16	2.22045e-16
2.82439e+07	2.22045e-16	2.22045e-16
2.82401e+07	2.22045e-16	2.22045e-16
2.82364e+07	2.22045e-16	2.22045e-16
2.82327e+07	2.22045e-16	2.22045e-16
2.82291e+07	2.22045e-16	2.22045e-16
2.82254e+07	2.22045e-16	2.22045e-16
2.82218e+07	2.22045e-16	2.22045e-16
2.82182e+07	2.22045e-16	2.22045e-16
2.82147e+07	2.22045e-16	2.22045e-16
2.82111e+07	2.22045e-16	2.22045e-16
2.82076e+07	2.22045e-16	2.22045e-16
2.82041e+07	2.22045e-16	2.22045e-16
2.82007e+07	2.22045e-16	2.22045e-16
2.81972e+07	2.22045e-16	2.22045e-16
2.81938e+07	2.22045e-16	2.22045e-16
2.81904e+07	2.22045e-16	2.22045e-16
2.8187e+07	2.22045e-16	2.22045e-16
2.81837e+07	2.22045e-16	2.22045e-16
2.81803e+07	2.22045e-16	2.22045e-16
2.8177e+07	2.22045e-16	2.22045e-16
2.81737e+07	2.22045e-16	2.22045e-16
2.81705e+07	2.22045e-16	2.22045e-16
2.81672e+07	2.22045e-16	2.22045e-16
2.8164e+07	2.22045e-16	2.22045e-16
2.81608e+07	2.22045e-16	2.22045e-16
2.81576e+07	2.22045e-16	2.22045e-16
2.81545e+07	2.22045e-16	2.22045e-16
2.81513e+07	2.22045e-16	2.22045e-16
2.81482e+07	2.22045e-16	2.22045e-16
2.81451e+07	2.22045e-16	2.22045e-16
2.8142e+07	2.22045e-16	2.22045e-16
2.8139e+07	2.22045e-16	2.22045e-16
2.81359e+07	2.22045e-16	2.22045e-16
2.81329e+07	2.22045e-16	2.22045e-16
2.81299e+07	2.22045e-16	2.22045e-16
2.8127e+07	2.22045e-16	2.22045e-16
2.8124e+07	2.22045e-16	2.22045e-16
2.81211e+07	2.22045e-16	2.22045e-16
2.81182e+07	2.22045e-16	2.22045e-16
2.81153e+07	2.22045e-16	2.22045e-16
2.81124e+07	2.22045e-16	2.22045e-16
2.81095e+07	2.22045e-16	2.22045e-16
2.81067e+07	2.22045e-16	2.22045e-16
2.81039e+07	2.22045e-16	2.22045e-16
2.81011e+07	2.22045e-16	2.22045e-16
2.80983e+07	2.22045e-16	2.22045e-16
2.80955e+07	2.22045e-16	2.22045e-16
2.80928e+07	2.22045e-16	2.22045e-16
2.80901e+07	2.22045e-16	2.22045e-16
2.80874e+07	2.22045e-16	2.22045e-16
2.80847e+07	2.22045e-16	2.22045e-16
2.8082e+07	2.22045e-16	2.22045e-16
2.80793e+07	2.22045e-16	2.22045e-16
2.80767e+07	2.22045e-16	2.22045e-16
2.80741e+07	2.22045e-16	2.22045e-16
2.80715e+07	2.22045e-16	2.22045e-16
2.80689e+07	2.22045e-16	2.22045e-16
2.80663e+07	2.22045e-16	2.22045e-16
2.80638e+07	2.22045e-16	2.22045e-16
2.80613e+07	2.22045e-16	2.22045e-16
2.80587e+07	2.22045e-16	2.22045e-16
2.80562e+07	2.22045e-16	2.22045e-16
2.80538e+07	2.22045e-16	2.22045e-16
2.80513e+07	2.22045e-16	2.22045e-16
2.80488e+07	2.22045e-16	2.22045e-16
2.80464e+07	2.22045e-16	2.22045e-16
2.8044e+07	2.22045e-16	2.22045e-16
2.80416e+07	2.22045e-16	2.22045e-16
2.80392e+07	2.22045e-16	2.22045e-16
2.80368e+07	2.22045e-16	2.22045e-16
2.80345e+07	2.22045e-16	2.22045e-16
2.80322e+07	2.22045e-16	2.22045e-16
2.80298e+07	2.22045e-16	2.22045e-16
2.80275e+07	2.22045e-16	2.22045e-16
2.80252e+07	2.22045e-16	2.22045e-16
2.8023e+07	2.22045e-16	2.22045e-16
2.80207e+07	2.22045e-16	2.22045e-16
2.80185e+07	2.22045e-16	2.22045e-16
2.80162e+07	2.22045e-16	2.22045e-16
2.8014e+07	2.22045e-16	2.22045e-16
2.80118e+07	2.22045e-16	2.22045e-16
2.80096e+07	2.22045e-16	2.22045e-16
2.80075e+07	2.22045e-16	2.22045e-16
2.80053e+07	2.22045e-16	2.22045e-16
2.80032e+07	2.22045e-16	2.22045e-16
2.8001e+07	2.22045e-16	2.22045e-16
2.79989e+07	2.22045e-16	2.22045e-16
2.79968e+07	2.22045e-16	2.22045e-16
2.79947e+07	2.22045e-16	2.22045e-16
2.79927e+07	2.22045e-16	2.22045e-16
2.79906e+07	2.22045e-16	2.22045e-16
2.79886e+07	2.22045e-16	2.22045e-16
2.79865e+07	2.22045e-16	2.22045e-16
2.79845e+07	2.22045e-16	2.22045e-16
2.79825e+07	2.22045e-16	2.22045e-16
2.79805e+07	2.22045e-16	2.22045e-16
2.79785e+07	2.22045e-16	2.22045e-16
2.79766e+07	2.22045e-16	2.22045e-16
2.79746e+07	2.22045e-16	2.22045e-16
2.79727e+07	2.22045e-16	2.22045e-16
2.79708e+07	2.22045e-16	2.22045e-16
2.79688e+07	2.22045e-16	2.22045e-16
2.79669e+07	2.22045e-16	2.22045e-16
2.79651e+07	2.22045e-16	2.22045e-16
2.79632e+07	2.22045e-16	2.22045e-16
2.79613e+07	2.22045e-16	2.22045e-16
2.79595e+07	2.22045e-16	2.22045e-16
2.79576e+07	2.22045e-16	2.22045e-16
2.79558e+07	2.22045e-16	2.22045e-16
2.7954e+07	2.22045e-16	2.22045e-16
2.79522e+07	2.22045e-16	2.22045e-16
2.79504e+07	2.22045e-16	2.22045e-16
2.79486e+07	2.22045e-16	2.22045e-16
2.79469e+07	2.22045e-16	2.22045e-16
2.79451e+07	2.22045e-16	2.22045e-16
2.79434e+07	2.22045e-16	2.22045e-16
2.79416e+07	2.22045e-16	2.22045e-16
2.79399e+07	2.22045e-16	2.22045e-16
2.79382e+07	2.22045e-16	2.22045e-16
2.79365e+07	2.22045e-16	2.22045e-16
2.79348e+07	2.22045e-16	2.22045e-16
2.79332e+07	2.22045e-16	2.22045e-16
2.79315e+07	2.22045e-16	2.22045e-16
2.79298e+07	2.22045e-16	2.22045e-16
2.79282e+07	2.22045e-16	2.22045e-16
2.79266e+07	2.22045e-16	2.22045e-16
2.7925e+07	2.22045e-16	2.22045e-16
2.79234e+07	2.22045e-16	2.22045e-16
2.79218e+07	2.22045e-16	2.22045e-16
2.79202e+07	2.22045e-16	2.22045e-16
2.79186e+07	2.22045e-16	2.22045e-16
2.7917e+07	2.22045e-16	2.22045e-16
2.79155e+07	2.22045e-16	2.22045e-16
2.79139e+07	2.22045e-16	2.22045e-16
2.79124e+07	2.22045e-16	2.22045e-16
2.79109e+07	2.22045e-16	2.22045e-16
2.79094e+07	2.22045e-16	2.22045e-16
2.79079e+07	2.22045e-16	2.22045e-16
2.79064e+07	2.22045e-16	2.22045e-16
2.79049e+07	2.22045e-16	2.22045e-16
2.79034e+07	2.22045e-16	2.22045e-16
2.79019e+07	2.22045e-16	2.22045e-16
2.79005e+07	2.22045e-16	2.22045e-16
2.7899e+07	2.22045e-16	2.22045e-16
2.78976e+07	2.22045e-16	2.22045e-16
2.78962e+07	2.22045e-16	2.22045e-16
2.78948e+07	2.22045e-16	2.22045e-16
2.78934e+07	2.22045e-16	2.22045e-16
2.7892e+07	2.22045e-16	2.22045e-16
2.78906e+07	2.22045e-16	2.22045e-16
2.78892e+07	2.22045e-16	2.22045e-16
2.78878e+07	2.22045e-16	2.22045e-16
2.78865e+07	2.22045e-16	2.22045e-16
2.78851e+07	2.22045e-16	2.22045e-16
2.78838e+07	2.22045e-16	2.22045e-16
2.78824e+07	2.22045e-16	2.22045e-16
2.78811e+07	2.22045e-16	2.22045e-16
2.78798e+07	2.22045e-16	2.22045e-16
2.78785e+07	2.22045e-16	2.22045e-16
2.78772e+07	2.22045e-16	2.22045e-16
2.78759e+07	2.22045e-16	2.22045e-16
2.78746e+07	2.22045e-16	2.22045e-16
2.78733e+07	2.22045e-16	2.22045e-16
2.78721e+07	2.22045e-16	2.22045e-16
2.78708e+07	2.22045e-16	2.22045e-16
2.78696e+07	2.22045e-16	2.22045e-16
2.78683e+07	2.22045e-16	2.22045e-16
2.78671e+07	2.22045e-16	2.22045e-16
2.78659e+07	2.22045e-16	2.22045e-16
2.78647e+07	2.22045e-16	2.22045e-16
2.78635e+07	2.22045e-16	2.22045e-16
2.78623e+07	2.22045e-16	2.22045e-16
2.78611e+07	2.22045e-16	2.22045e-16
2.78599e+07	2.22045e-16	2.22045e-16
2.78587e+07	2.22045e-16	2.22045e-16
2.78575e+07	2.22045e-16	2.22045e-16
2.78564e+07	2.22045e-16	2.22045e-16
2.78552e+07	2.22045e-16	2.22045e-16
2.78541e+07	2.22045e-16	2.22045e-16
2.78529e+07	2.22045e-16	2.22045e-16
2.78518e+07	2.22045e-16	2.22045e-16
2.78507e+07	2.22045e-16	2.22045e-16
2.78496e+07	2.22045e-16	2.22045e-16
2.78485e+07	2.22045e-16	2.22045e-16
2.78474e+07	2.22045e-16	2.22045e-16
2.78463e+07	2.22045e-16	2.22045e-16
2.78452e+07	2.22045e-16	2.22045e-16
2.78441e+07	2.22045e-16	2.22045e-16
2.7843e+07	2.22045e-16	2.22045e-16
2.7842e+07	2.22045e-16	2.22045e-16
2.78409e+07	2.22045e-16	2.22045e-16
2.78399e+07	2.22045e-16	2.22045e-16
2.78388e+07	2.22045e-16	2.22045e-16
2.78378e+07	2.22045e-16	2.22045e-16
2.78368e+07	2.22045e-16	2.22045e-16
2.78357e+07	2.22045e-16	2.22045e-16
2.78347e+07	2.22045e-16	2.22045e-16
2.78337e+07	2.22045e-16	2.22045e-16
2.78327e+07	2.22045e-16	2.22045e-16
2.78317e+07	2.22045e-16	2.22045e-16
2.78307e+07	2.22045e-16	2.22045e-16
2.78298e+07	2.22045e-16	2.22045e-16
2.78288e+07	2.22045e-16	2.22045e-16
2.78278e+07	2.22045e-16	2.22045e-16
2.78269e+07	2.22045e-16	2.22045e-16
2.78259e+07	2.22045e-16	2.22045e-16
2.78249e+07	2.22045e-16	2.22045e-16
2.7824e+07	2.22045e-16	2.22045e-16
2.78231e+07	2.22045e-16	2.22045e-16
2.78221e+07	2.22045e-16	2.22045e-16
2.78212e+07	2.22045e-16	2.22045e-16
2.78203e+07	2.22045e-16	2.22045e-16
2.78194e+07	2.22045e-16	2.22045e-16
2.78185e+07	2.22045e-16	2.22045e-16
2.78176e+07	2.22045e-16	2.22045e-16
2.78167e+07	2.22045e-16	2.22045e-16
2.78158e+07	2.22045e-16	2.22045e-16
2.78149e+07	2.22045e-16	2.22045e-16
2.7814e+07	2.22045e-16	2.22045e-16
2.78132e+07	2.22045e-16	2.22045e-16
2.78123e+07	2.22045e-16	2.22045e-16
2.78114e+07	2.22045e-16	2.22045e-16
2.78106e+07	2.22045e-16	2.22045e-16
2.78097e+07	2.22045e-16	2.22045e-16
2.78089e+07	2.22045e-16	2.22045e-16
2.78081e+07	2.22045e-16	2.22045e-16
2.78072e+07	2.22045e-16	2.22045e-16
2.78064e+07	2.22045e-16	2.22045e-16
2.78056e+07	2.22045e-16	2.22045e-16
2.78048e+07	2.22045e-16	2.22045e-16
2.7804e+07	2.22045e-16	2.22045e-16
2.78032e+07	2.22045e-16	2.22045e-16
2.78024e+07	2.22045e-16	2.22045e-16
2.78016e+07	2.22045e-16	2.22045e-16
2.78008e+07	2.22045e-16	2.22045e-16
2.78e+07	2.22045e-16	2.22045e-16
2.77992e+07	2.22045e-16	2.22045e-16
2.77984e+07	2.22045e-16	2.22045e-16
2.77977e+07	2.22045e-16	2.22045e-16
2.77969e+07	2.22045e-16	2.22045e-16
2.77962e+07	2.22045e-16	2.22045e-16
2.77954e+07	2.22045e-16	2.22045e-16
2.77947e+07	2.22045e-16	2.22045e-16
2.77939e+07	2.22045e-16	2.22045e-16
2.77932e+07	2.22045e-16	2.22045e-16
2.77924e+07	2.22045e-16	2.22045e-16
2.77917e+07	2.22045e-16	2.22045e-16
2.7791e+07	2.22045e-16	2.22045e-16
2.77903e+07	2.22045e-16	2.22045e-16
2.77896e+07	2.22045e-16	2.22045e-16
2.77888e+07	2.22045e-16	2.22045e-16
2.77881e+07	2.22045e-16	2.22045e-16
2.77874e+07	2.22045e-16	2.22045e-16
2.77868e+07	2.22045e-16	2.22045e-16
2.77861e+07	2.22045e-16	2.22045e-16
2.77854e+07	2.22045e-16	2.22045e-16
2.77847e+07	2.22045e-16	2.22045e-16
2.7784e+07	2.22045e-16	2.22045e-16
2.77833e+07	2.22045e-16	2.22045e-16
2.77827e+07	2.22045e-16	2.22045e-16
2.7782e+07	2.22045e-16	2.22045e-16
2.77814e+07	2.22045e-16	2.22045e-16
2.77807e+07	2.22045e-16	2.22045e-16
2.77801e+07	2.22045e-16	2.22045e-16
2.77794e+07	2.22045e-16	2.22045e-16
2.77788e+07	2.22045e-16	2.22045e-16
2.77781e+07	2.22045e-16	2.22045e-16
2.77775e+07	2.22045e-16	2.22045e-16
2.77769e+07	2.22045e-16	2.22045e-16
2.77762e+07	2.22045e-16	2.22045e-16
2.77756e+07	2.22045e-16	2.22045e-16
2.7775e+07	2.22045e-16	2.22045e-16
2.77744e+07	2.22045e-16	2.22045e-16
2.77738e+07	2.22045e-16	2.22045e-16
2.77732e+07	2.22045e-16	2.22045e-16
2.77726e+07	2.22045e-16	2.22045e-16
2.7772e+07	2.22045e-16	2.22045e-16
2.77714e+07	2.22045e-16	2.22045e-16
2.77708e+07	2.22045e-16	2.22045e-16
2.77702e+07	2.22045e-16	2.22045e-16
2.77696e+07	2.22045e-16	2.22045e-16
2.77691e+07	2.22045e-16	2.22045e-16
2.77685e+07	2.22045e-16	2.22045e-16
2.77679e+07	2.22045e-16	2.22045e-16
2.77674e+07	2.22045e-16	2.22045e-16
2.77668e+07	2.22045e-16	2.22045e-16
2.77662e+07	2.22045e-16	2.22045e-16
2.77657e+07	2.22045e-16	2.22045e-16
2.77651e+07	2.22045e-16	2.22045e-16
2.77646e+07	2.22045e-16	2.22045e-16
2.7764e+07	2.22045e-16	2.22045e-16
2.77635e+07	2.22045e-16	2.22045e-16
2.7763e+07	2.22045e-16	2.22045e-16
2.77624e+07	2.22045e-16	2.22045e-16
2.77619e+07	2.22045e-16	2.22045e-16
2.77614e+07	2.22045e-16	2.22045e-16
2.77609e+07	2.22045e-16	2.22045e-16
2.77603e+07	2.22045e-16	2.22045e-16
2.77598e+07	2.22045e-16	2.22045e-16
2.77593e+07	2.22045e-16	2.22045e-16
2.77588e+07	2.22045e-16	2.22045e-16
2.77583e+07	2.22045e-16	2.22045e-16
2.77578e+07	2.22045e-16	2.22045e-16
2.77573e+07	2.22045e-16	2.22045e-16
2.77568e+07	2.22045e-16	2.22045e-16
2.77563e+07	2.22045e-16	2.22045e-16
2.77558e+07	2.22045e-16	2.22045e-16
2.77553e+07	2.22045e-16	2.22045e-16
2.77549e+07	2.22045e-16	2.22045e-16
2.77544e+07	2.22045e-16	2.22045e-16
2.77539e+07	2.22045e-16	2.22045e-16
2.77534e+07	2.22045e-16	2.22045e-16
2.7753e+07	2.22045e-16	2.22045e-16
2.77525e+07	2.22045e-16	2.22045e-16
2.7752e+07	2.22045e-16	2.22045e-16
2.77516e+07	2.22045e-16	2.22045e-16
2.77511e+07	2.22045e-16	2.22045e-16
2.77507e+07	2.22045e-16	2.22045e-16
2.77502e+07	2.22045e-16	2.22045e-16
2.77498e+07	2.22045e-16	2.22045e-16
2.77493e+07	2.22045e-16	2.22045e-16
2.77489e+07	2.22045e-16	2.22045e-16
2.77484e+07	2.22045e-16	2.22045e-16
2.7748e+07	2.22045e-16	2.22045e-16
2.77476e+07	2.22045e-16	2.22045e-16
2.77471e+07	2.22045e-16	2.22045e-16
2.77467e+07	2.22045e-16	2.22045e-16
2.77463e+07	2.22045e-16	2.22045e-16
2.77459e+07	2.22045e-16	2.22045e-16
2.77455e+07	2.22045e-16	2.22045e-16
2.7745e+07	2.22045e-16	2.22045e-16
2.77446e+07	2.22045e-16	2.22045e-16
2.77442e+07	2.22045e-16	2.22045e-16
2.77438e+07	2.22045e-16	2.22045e-16
2.77434e+07	2.22045e-16	2.22045e-16
2.7743e+07	2.22045e-16	2.22045e-16
2.77426e+07	2.22045e-16	2.22045e-16
2.77422e+07	2.22045e-16	2.22045e-16
2.77418e+07	2.22045e-16	2.22045e-16
2.77414e+07	2.22045e-16	2.22045e-16
2.7741e+07	2.22045e-16	2.22045e-16
2.77406e+07	2.22045e-16	2.22045e-16
2.77403e+07	2.22045e-16	2.22045e-16
2.77399e+07	2.22045e-16	2.22045e-16
2.77395e+07	2.22045e-16	2.22045e-16
2.77391e+07	2.22045e-16	2.22045e-16
2.77387e+07	2.22045e-16	2.22045e-16
2.77384e+07	2.22045e-16	2.22045e-16
2.7738e+07	2.22045e-16	2.22045e-16
2.77376e+07	2.22045e-16	2.22045e-16
2.77373e+07	2.22045e-16	2.22045e-16
2.77369e+07	2.22045e-16	2.22045e-16
2.77365e+07	2.22045e-16	2.22045e-16
2.77362e+07	2.22045e-16	2.22045e-16
2.77358e+07	2.22045e-16	2.22045e-16
2.77355e+07	2.22045e-16	2.22045e-16
2.77351e+07	2.22045e-16	2.22045e-16
2.77348e+07	2.22045e-16	2.22045e-16
2.77344e+07	2.22045e-16	2.22045e-16
2.77341e+07	2.22045e-16	2.22045e-16
2.77338e+07	2.22045e-16	2.22045e-16
2.77334e+07	2.22045e-16	2.22045e-16
2.77331e+07	2.22045e-16	2.22045e-16
2.77327e+07	2.22045e-16	2.22045e-16
2.77324e+07	2.22045e-16	2.22045e-16
2.77321e+07	2.22045e-16	2.22045e-16
2.77318e+07	2.22045e-16	2.22045e-16
2.77314e+07	2.22045e-16	2.22045e-16
2.77311e+07	2.22045e-16	2.22045e-16
2.77308e+07	2.22045e-16	2.22045e-16
2.77305e+07	2.22045e-16	2.22045e-16
2.77302e+07	2.22045e-16	2.22045e-16
2.77298e+07	2.22045e-16	2.22045e-16
2.77295e+07	2.22045e-16	2.22045e-16
2.77292e+07	2.22045e-16	2.22045e-16
2.77289e+07	2.22045e-16	2.22045e-16
2.77286e+07	2.22045e-16	2.22045e-16
2.77283e+07	2.22045e-16	2.22045e-16
2.7728e+07	2.22045e-16	2.22045e-16
2.77277e+07	2.22045e-16	2.22045e-16
2.77274e+07	2.22045e-16	2.22045e-16
2.77271e+07	2.22045e-16	2.22045e-16
2.77268e+07	2.22045e-16	2.22045e-16
2.77265e+07	2.22045e-16	2.22045e-16
2.77262e+07	2.22045e-16	2.22045e-16
2.77259e+07	2.22045e-16	2.22045e-16
2.77256e+07	2.22045e-16	2.22045e-16
2.77254e+07	2.22045e-16	2.22045e-16
2.77251e+07	2.22045e-16	2.22045e-16
2.77248e+07	2.22045e-16	2.22045e-16
2.77245e+07	2.22045e-16	2.22045e-16
2.77242e+07	2.22045e-16	2.22045e-16
2.7724e+07	2.22045e-16	2.22045e-16
2.77237e+07	2.22045e-16	2.22045e-16
2.77234e+07	2.22045e-16	2.22045e-16
2.77231e+07	2.22045e-16	2.22045e-16
2.77229e+07	2.22045e-16	2.22045e-16
2.77226e+07	2.22045e-16	2.22045e-16
2.77223e+07	2.22045e-16	2.22045e-16
2.77221e+07	2.22045e-16	2.22045e-16
2.77218e+07	2.22045e-16	2.22045e-16
2.77216e+07	2.22045e-16	2.22045e-16
2.77213e+07	2.22045e-16	2.22045e-16
2.7721e+07	2.22045e-16	2.22045e-16
2.77208e+07	2.22045e-16	2.22045e-16
2.77205e+07	2.22045e-16	2.22045e-16
2.77203e+07	2.22045e-16	2.22045e-16
2.772e+07	2.22045e-16	2.22045e-16
2.77198e+07	2.22045e-16	2.22045e-16
2.77195e+07	2.22045e-16	2.22045e-16
2.77193e+07	2.22045e-16	2.22045e-16
2.77191e+07	2.22045e-16	2.22045e-16
2.77188e+07	2.22045e-16	2.22045e-16
2.77186e+07	2.22045e-16	2.22045e-16
2.77183e+07	2.22045e-16	2.22045e-16
2.77181e+07	2.22045e-16	2.22045e-16
2.77179e+07	2.22045e-16	2.22045e-16
2.77176e+07	2.22045e-16	2.22045e-16
2.77174e+07	2.22045e-16	2.22045e-16
2.77172e+07	2.22045e-16	2.22045e-16
2.77169e+07	2.22045e-16	2.22045e-16
2.77167e+07	2.22045e-16	2.22045e-16
2.77165e+07	2.22045e-16	2.22045e-16
2.77163e+07	2.22045e-16	2.22045e-16
2.7716e+07	2.22045e-16	2.22045e-16
2.77158e+07	2.22045e-16	2.22045e-16
2.77156e+07	2.22045e-16	2.22045e-16
2.77154e+07	2.22045e-16	2.22045e-16
2.77152e+07	2.22045e-16	2.22045e-16
2.77149e+07	2.22045e-16	2.22045e-16
2.77147e+07	2.22045e-16	2.22045e-16
2.77145e+07	2.22045e-16	2.22045e-16
2.77143e+07	2.22045e-16	2.22045e-16
2.77141e+07	2.22045e-16	2.22045e-16
2.77139e+07	2.22045e-16	2.22045e-16
2.77137e+07	2.22045e-16	2.22045e-16
2.77135e+07	2.22045e-16	2.22045e-16
2.77133e+07	2.22045e-16	2.22045e-16
2.77131e+07	2.22045e-16	2.22045e-16
2.77129e+07	2.22045e-16	2.22045e-16
2.77127e+07	2.22045e-16	2.22045e-16
2.77125e+07	2.22045e-16	2.22045e-16
2.77123e+07	2.22045e-16	2.22045e-16
2.77121e+07	2.22045e-16	2.22045e-16
2.77119e+07	2.22045e-16	2.22045e-16
2.77117e+07	2.22045e-16	2.22045e-16
2.77115e+07	2.22045e-16	2.22045e-16
2.77113e+07	2.22045e-16	2.22045e-16
2.77111e+07	2.22045e-16	2.22045e-16
2.77109e+07	2.22045e-16	2.22045e-16
2.77107e+07	2.22045e-16	2.22045e-16
2.77105e+07	2.22045e-16	2.22045e-16
2.77104e+07	2.22045e-16	2.22045e-16
2.77102e+07	2.22045e-16	2.22045e-16
2.771e+07	2.22045e-16	2.22045e-16
2.77098e+07	2.22045e-16	2.22045e-16
2.77096e+07	2.22045e-16	2.22045e-16
2.77095e+07	2.22045e-16	2.22045e-16
2.77093e+07	2.22045e-16	2.22045e-16
2.77091e+07	2.22045e-16	2.22045e-16
2.77089e+07	2.22045e-16	2.22045e-16
2.77088e+07	2.22045e-16	2.22045e-16
2.77086e+07	2.22045e-16	2.22045e-16
2.77084e+07	2.22045e-16	2.22045e-16
2.77082e+07	2.22045e-16	2.22045e-16
2.77081e+07	2.22045e-16	2.22045e-16
2.77079e+07	2.22045e-16	2.22045e-16
2.77077e+07	2.22045e-16	2.22045e-16
2.77076e+07	2.22045e-16	2.22045e-16
2.77074e+07	2.22045e-16	2.22045e-16
2.77072e+07	2.22045e-16	2.22045e-16
2.77071e+07	2.22045e-16	2.22045e-16
2.77069e+07	2.22045e-16	2.22045e-16
2.77067e+07	2.22045e-16	2.22045e-16
2.77066e+07	2.22045e-16	2.22045e-16
2.77064e+07	2.22045e-16	2.22045e-16
2.77063e+07	2.22045e-16	2.22045e-16
2.77061e+07	2.22045e-16	2.22045e-16
2.7706e+07	2.22045e-16	2.22045e-16
2.77058e+07	2.22045e-16	2.22045e-16
2.77057e+07	2.22045e-16	2.22045e-16
2.77055e+07	2.22045e-16	2.22045e-16
2.77053e+07	2.22045e-16	2.22045e-16
2.77052e+07	2.22045e-16	2.22045e-16
2.7705e+07	2.22045e-16	2.22045e-16
2.77049e+07	2.22045e-16	2.22045e-16
2.77047e+07	2.22045e-16	2.22045e-16
2.77046e+07	2.22045e-16	2.22045e-16
2.77045e+07	2.22045e-16	2.22045e-16
2.77043e+07	2.22045e-16	2.22045e-16
2.77042e+07	2.22045e-16	2.22045e-16
2.7704e+07	2.22045e-16	2.22045e-16
2.77039e+07	2.22045e-16	2.22045e-16
2.77037e+07	2.22045e-16	2.22045e-16
2.77036e+07	2.22045e-16	2.22045e-16
2.77035e+07	2.22045e-16	2.22045e-16
2.77033e+07	2.22045e-16	2.22045e-16
2.77032e+07	2.22045e-16	2.22045e-16
2.77031e+07	2.22045e-16	2.22045e-16
2.77029e+07	2.22045e-16	2.22045e-16
2.77028e+07	2.22045e-16	2.22045e-16
2.77026e+07	2.22045e-16	2.22045e-16
2.77025e+07	2.22045e-16	2.22045e-16
2.77024e+07	2.22045e-16	2.22045e-16
2.77023e+07	2.22045e-16	2.22045e-16
2.77021e+07	2.22045e-16	2.22045e-16
2.7702e+07	2.22045e-16	2.22045e-16
2.77019e+07	2.22045e-16	2.22045e-16
2.77017e+07	2.22045e-16	2.22045e-16
2.77016e+07	2.22045e-16	2.22045e-16
2.77015e+07	2.22045e-16	2.22045e-16
2.77014e+07	2.22045e-16	2.22045e-16
2.77012e+07	2.22045e-16	2.22045e-16
2.77011e+07	2.22045e-16	2.22045e-16
2.7701e+07	2.22045e-16	2.22045e-16
2.77009e+07	2.22045e-16	2.22045e-16
2.77007e+07	2.22045e-16	2.22045e-16
2.77006e+07	2.22045e-16	2.22045e-16
2.77005e+07	2.22045e-16	2.22045e-16
2.77004e+07	2.22045e-16	2.22045e-16
2.77003e+07	2.22045e-16	2.22045e-16
2.77002e+07	2.22045e-16	2.22045e-16
2.77e+07	2.22045e-16	2.22045e-16
2.76999e+07	2.22045e-16	2.22045e-16
2.76998e+07	2.22045e-16	2.22045e-16
2.76997e+07	2.22045e-16	2.22045e-16
2.76996e+07	2.22045e-16	2.22045e-16
2.76995e+07	2.22045e-16	2.22045e-16
2.76994e+07	2.22045e-16	2.22045e-16
2.76992e+07	2.22045e-16	2.22045e-16
2.76991e+07	2.22045e-16	2.22045e-16
2.7699e+07	2.22045e-16	2.22045e-16
2.76989e+07	2.22045e-16	2.22045e-16
2.76988e+07	2.22045e-16	2.22045e-16
2.76987e+07	2.22045e-16	2.22045e-16
2.76986e+07	2.22045e-16	2.22045e-16
2.76985e+07	2.22045e-16	2.22045e-16
2.76984e+07	2.22045e-16	2.22045e-16
2.76983e+07	2.22045e-16	2.22045e-16
2.76982e+07	2.22045e-16	2.22045e-16
2.76981e+07	2.22045e-16	2.22045e-16
2.7698e+07	2.22045e-16	2.22045e-16
2.76979e+07	2.22045e-16	2.22045e-16
2.76978e+07	2.22045e-16	2.22045e-16
2.76977e+07	2.22045e-16	2.22045e-16
2.76976e+07	2.22045e-16	2.22045e-16
2.76975e+07	2.22045e-16	2.22045e-16
2.76974e+07	2.22045e-16	2.22045e-16
2.76973e+07	2.22045e-16	2.22045e-16
2.76972e+07	2.22045e-16	2.22045e-16
2.76971e+07	2.22045e-16	2.22045e-16
2.7697e+07	2.22045e-16	2.22045e-16
2.76969e+07	2.22045e-16	2.22045e-16
2.76968e+07	2.22045e-16	2.22045e-16
2.76967e+07	2.22045e-16	2.22045e-16
2.76966e+07	2.22045e-16	2.22045e-16
2.76965e+07	2.22045e-16	2.22045e-16
2.76964e+07	2.22045e-16	2.22045e-16
2.76963e+07	2.22045e-16	2.22045e-16
2.76962e+07	2.22045e-16	2.22045e-16
2.76961e+07	2.22045e-16	2.22045e-16
2.76961e+07	2.22045e-16	2.22045e-16
2.7696e+07	2.22045e-16	2.22045e-16
2.76959e+07	2.22045e-16	2.22045e-16
2.76958e+07	2.22045e-16	2.22045e-16
2.76957e+07	2.22045e-16	2.22045e-16
2.76956e+07	2.22045e-16	2.22045e-16
2.76955e+07	2.22045e-16	2.22045e-16
2.76954e+07	2.22045e-16	2.22045e-16
2.76954e+07	2.22045e-16	2.22045e-16
2.76953e+07	2.22045e-16	2.22045e-16
2.76952e+07	2.22045e-16	2.22045e-16
2.76951e+07	2.22045e-16	2.22045e-16
2.7695e+07	2.22045e-16	2.22045e-16
2.76949e+07	2.22045e-16	2.22045e-16
2.76949e+07	2.22045e-16	2.22045e-16
2.76948e+07	2.22045e-16	2.22045e-16
2.76947e+07	2.22045e-16	2.22045e-16
2.76946e+07	2.22045e-16	2.22045e-16
2.76945e+07	2.22045e-16	2.22045e-16
2.76945e+07	2.22045e-16	2.22045e-16
2.76944e+07	2.22045e-16	2.22045e-16
2.76943e+07	2.22045e-16	2.22045e-16
2.76942e+07	2.22045e-16	2.22045e-16
2.76941e+07	2.22045e-16	2.22045e-16
2.76941e+07	2.22045e-16	2.22045e-16
2.7694e+07	2.22045e-16	2.22045e-16
2.76939e+07	2.22045e-16	2.22045e-16
2.76938e+07	2.22045e-16	2.22045e-16
2.76938e+07	2.22045e-16	2.22045e-16
2.76937e+07	2.22045e-16	2.22045e-16
2.76936e+07	2.22045e-16	2.22045e-16
2.76936e+07	2.22045e-16	2.22045e-16
2.76935e+07	2.22045e-16	2.22045e-16
2.76934e+07	2.22045e-16	2.22045e-16
2.76933e+07	2.22045e-16	2.22045e-16
2.76933e+07	2.22045e-16	2.22045e-16
2.76932e+07	2.22045e-16	2.22045e-16
2.76931e+07	2.22045e-16	2.22045e-16
2.76931e+07	2.22045e-16	2.22045e-16
2.7693e+07	2.22045e-16	2.22045e-16
2.76929e+07	2.22045e-16	2.22045e-16
2.76928e+07	2.22045e-16	2.22045e-16
2.76928e+07	2.22045e-16	2.22045e-16
2.76927e+07	2.22045e-16	2.22045e-16
2.76926e+07	2.22045e-16	2.22045e-16
2.76926e+07	2.22045e-16	2.22045e-16
2.76925e+07	2.22045e-16	2.22045e-16
2.76924e+07	2.22045e-16	2.22045e-16
2.76924e+07	2.22045e-16	2.22045e-16
2.76923e+07	2.22045e-16	2.22045e-16
2.76923e+07	2.22045e-16	2.22045e-16
2.76922e+07	2.22045e-16	2.22045e-16
2.76921e+07	2.22045e-16	2.22045e-16
2.76921e+07	2.22045e-16	2.22045e-16
2.7692e+07	2.22045e-16	2.22045e-16
2.76919e+07	2.22045e-16	2.22045e-16
2.76919e+07	2.22045e-16	2.22045e-16
2.76918e+07	2.22045e-16	2.22045e-16
2.76918e+07	2.22045e-16	2.22045e-16
2.76917e+07	2.22045e-16	2.22045e-16
2.76916e+07	2.22045e-16	2.22045e-16
2.76916e+07	2.22045e-16	2.22045e-16
2.76915e+07	2.22045e-16	2.22045e-16
2.76915e+07	2.22045e-16	2.22045e-16
2.76914e+07	2.22045e-16	2.22045e-16
2.76913e+07	2.22045e-16	2.22045e-16
2.76913e+07	2.22045e-16	2.22045e-16
2.76912e+07	2.22045e-16	2.22045e-16
2.76912e+07	2.22045e-16	2.22045e-16
2.76911e+07	2.22045e-16	2.22045e-16
2.7691e+07	2.22045e-16	2.22045e-16
2.7691e+07	2.22045e-16	2.22045e-16
2.76909e+07	2.22045e-16	2.22045e-16
2.76909e+07	2.22045e-16	2.22045e-16
2.76908e+07	2.22045e-16	2.22045e-16
2.76908e+07	2.22045e-16	2.22045e-16
2.76907e+07	2.22045e-16	2.22045e-16
2.76907e+07	2.22045e-16	2.22045e-16
2.76906e+07	2.22045e-16	2.22045e-16
2.76906e+07	2.22045e-16	2.22045e-16
2.76905e+07	2.22045e-16	2.22045e-16
2.76905e+07	2.22045e-16	2.22045e-16
2.76904e+07	2.22045e-16	2.22045e-16
2.76904e+07	2.22045e-16	2.22045e-16
2.76903e+07	2.22045e-16	2.22045e-16
2.76902e+07	2.22045e-16	2.22045e-16
2.76902e+07	2.22045e-16	2.22045e-16
2.76901e+07	2.22045e-16	2.22045e-16
2.76901e+07	2.22045e-16	2.22045e-16
2.769e+07	2.22045e-16	2.22045e-16
2.769e+07	2.22045e-16	2.22045e-16
2.76899e+07	2.22045e-16	2.22045e-16
2.76899e+07	2.22045e-16	2.22045e-16
2.76899e+07	2.22045e-16	2.22045e-16
2.76898e+07	2.22045e-16	2.22045e-16
2.76898e+07	2.22045e-16	2.22045e-16
2.76897e+07	2.22045e-16	2.22045e-16
2.76897e+07	2.22045e-16	2.22045e-16
2.76896e+07	2.22045e-16	2.22045e-16
2.76896e+07	2.22045e-16	2.22045e-16
2.76895e+07	2.22045e-16	2.22045e-16
2.76895e+07	2.22045e-16	2.22045e-16
2.76894e+07	2.22045e-16	2.22045e-16
2.76894e+07	2.22045e-16	2.22045e-16
2.76893e+07	2.22045e-16	2.22045e-16
2.76893e+07	2.22045e-16	2.22045e-16
2.76893e+07	2.22045e-16	2.22045e-16
2.76892e+07	2.22045e-16	2.22045e-16
2.76892e+07	2.22045e-16	2.22045e-16
2.76891e+07	2.22045e-16	2.22045e-16
2.76891e+07	2.22045e-16	2.22045e-16
2.7689e+07	2.22045e-16	2.22045e-16
2.7689e+07	2.22045e-16	2.22045e-16
2.76889e+07	2.22045e-16	2.22045e-16
2.76889e+07	2.22045e-16	2.22045e-16
2.76889e+07	2.22045e-16	2.22045e-16
2.76888e+07	2.22045e-16	2.22045e-16
2.76888e+07	2.22045e-16	2.22045e-16
2.76887e+07	2.22045e-16	2.22045e-16
2.76887e+07	2.22045e-16	2.22045e-16
2.76887e+07	2.22045e-16	2.22045e-16
2.76886e+07	2.22045e-16	2.22045e-16
2.76886e+07	2.22045e-16	2.22045e-16
2.76885e+07	2.22045e-16	2.22045e-16
2.76885e+07	2.22045e-16	2.22045e-16
2.76885e+07	2.22045e-16	2.22045e-16
2.76884e+07	2.22045e-16	2.22045e-16
2.76884e+07	2.22045e-16	2.22045e-16
2.76883e+07	2.22045e-16	2.22045e-16
2.76883e+07	2.22045e-16	2.22045e-16
2.76883e+07	2.22045e-16	2.22045e-16
2.76882e+07	2.22045e-16	2.22045e-16
2.76882e+07	2.22045e-16	2.22045e-16
2.76882e+07	2.22045e-16	2.22045e-16
2.76881e+07	2.22045e-16	2.22045e-16
2.76881e+07	2.22045e-16	2.22045e-16
2.7688e+07	2.22045e-16	2.22045e-16
2.7688e+07	2.22045e-16	2.22045e-16
2.7688e+07	2.22045e-16	2.22045e-16
2.76879e+07	2.22045e-16	2.22045e-16
2.76879e+07	2.22045e-16	2.22045e-16
2.76879e+07	2.22045e-16	2.22045e-16
2.76878e+07	2.22045e-16	2.22045e-16
2.76878e+07	2.22045e-16	2.22045e-16
2.76878e+07	2.22045e-16	2.22045e-16
2.76877e+07	2.22045e-16	2.22045e-16
2.76877e+07	2.22045e-16	2.22045e-16
2.76877e+07	2.22045e-16	2.22045e-16
2.76876e+07	2.22045e-16	2.22045e-16
2.76876e+07	2.22045e-16	2.22045e-16
2.76876e+07	2.22045e-16	2.22045e-16
2.76875e+07	2.22045e-16	2.22045e-16
2.76875e+07	2.22045e-16	2.22045e-16
2.76875e+07	2.22045e-16	2.22045e-16
2.76874e+07	2.22045e-16	2.22045e-16
2.76874e+07	2.22045e-16	2.22045e-16
2.76874e+07	2.22045e-16	2.22045e-16
2.76873e+07	2.22045e-16	2.22045e-16
2.76873e+07	2.22045e-16	2.22045e-16
2.76873e+07	2.22045e-16	2.22045e-16
2.76872e+07	2.22045e-16	2.22045e-16
2.76872e+07	2.22045e-16	2.22045e-16
2.76872e+07	2.22045e-16	2.22045e-16
2.76872e+07	2.22045e-16	2.22045e-16
2.76871e+07	2.22045e-16	2.22045e-16
2.76871e+07	2.22045e-16	2.22045e-16
2.76871e+07	2.22045e-16	2.22045e-16
2.7687e+07	2.22045e-16	2.22045e-16
2.7687e+07	2.22045e-16	2.22045e-16
2.7687e+07	2.22045e-16	2.22045e-16
2.76869e+07	2.22045e-16	2.22045e-16
2.76869e+07	2.22045e-16	2.22045e-16
2.76869e+07	2.22045e-16	2.22045e-16
2.76869e+07	2.22045e-16	2.22045e-16
2.76868e+07	2.22045e-16	2.22045e-16
2.76868e+07	2.22045e-16	2.22045e-16
2.76868e+07	2.22045e-16	2.22045e-16
2.76867e+07	2.22045e-16	2.22045e-16
2.76867e+07	2.22045e-16	2.22045e-16
2.76867e+07	2.22045e-16	2.22045e-16
2.76867e+07	2.22045e-16	2.22045e-16
2.76866e+07	2.22045e-16	2.22045e-16
2.76866e+07	2.22045e-16	2.22045e-16
2.76866e+07	2.22045e-16	2.22045e-16
2.76866e+07	2.22045e-16	2.22045e-16
2.76865e+07	2.22045e-16	2.22045e-16
2.76865e+07	2.22045e-16	2.22045e-16
2.76865e+07	2.22045e-16	2.22045e-16
2.76865e+07	2.22045e-16	2.22045e-16
2.76864e+07	2.22045e-16	2.22045e-16
2.76864e+07	2.22045e-16	2.22045e-16
2.76864e+07	2.22045e-16	2.22045e-16
2.76864e+07	2.22045e-16	2.22045e-16
2.76863e+07	2.22045e-16	2.22045e-16
2.76863e+07	2.22045e-16	2.22045e-16
2.76863e+07	2.22045e-16	2.22045e-16
2.76863e+07	2.22045e-16	2.22045e-16
2.76862e+07	2.22045e-16	2.22045e-16
2.76862e+07	2.22045e-16	2.22045e-16
2.76862e+07	2.22045e-16	2.22045e-16
2.76862e+07	2.22045e-16	2.22045e-16
2.76861e+07	2.22045e-16	2.22045e-16
2.76861e+07	2.22045e-16	2.22045e-16
2.76861e+07	2.22045e-16	2.22045e-16
2.76861e+07	2.22045e-16	2.22045e-16
2.7686e+07	2.22045e-16	2.22045e-16
2.7686e+07	2.22045e-16	2.22045e-16
2.7686e+07	2.22045e-16	2.22045e-16
2.7686e+07	2.22045e-16	2.22045e-16
2.76859e+07	2.22045e-16	2.22045e-16
2.76859e+07	2.22045e-16	2.22045e-16
2.76859e+07	2.22045e-16	2.22045e-16
2.76859e+07	2.22045e-16	2.22045e-16
2.76859e+07	2.22045e-16	2.22045e-16
2.76858e+07	2.22045e-16	2.22045e-16
2.76858e+07	2.22045e-16	2.22045e-16
2.76858e+07	2.22045e-16	2.22045e-16
2.76858e+07	2.22045e-16	2.22045e-16
2.76858e+07	2.22045e-16	2.22045e-16
2.76857e+07	2.22045e-16	2.22045e-16
2.76857e+07	2.22045e-16	2.22045e-16
2.76857e+07	2.22045e-16	2.22045e-16
2.76857e+07	2.22045e-16	2.22045e-16
2.76857e+07	2.22045e-16	2.22045e-16
2.76856e+07	2.22045e-16	2.22045e-16
2.76856e+07	2.22045e-16	2.22045e-16
2.76856e+07	2.22045e-16	2.22045e-16
2.76856e+07	2.22045e-16	2.22045e-16
2.76856e+07	2.22045e-16	2.22045e-16
2.76855e+07	2.22045e-16	2.22045e-16
2.76855e+07	2.22045e-16	2.22045e-16
2.76855e+07	2.22045e-16	2.22045e-16
2.76855e+07	2.22045e-16	2.22045e-16
2.76855e+07	2.22045e-16	2.22045e-16
2.76854e+07	2.22045e-16	2.22045e-16
2.76854e+07	2.22045e-16	2.22045e-16
2.76854e+07	2.22045e-16	2.22045e-16
2.76854e+07	2.22045e-16	2.22045e-16
2.76854e+07	2.22045e-16	2.22045e-16
2.76853e+07	2.22045e-16	2.22045e-16
2.76853e+07	2.22045e-16	2.22045e-16
2.76853e+07	2.22045e-16	2.22045e-16
2.76853e+07	2.22045e-16	2.22045e-16
2.76853e+07	2.22045e-16	2.22045e-16
2.76853e+07	2.22045e-16	2.22045e-16
2.76852e+07	2.22045e-16	2.22045e-16
2.76852e+07	2.22045e-16	2.22045e-16
2.76852e+07	2.22045e-16	2.22045e-16
2.76852e+07	2.22045e-16	2.22045e-16
2.76852e+07	2.22045e-16	2.22045e-16
2.76851e+07	2.22045e-16	2.22045e-16
2.76851e+07	2.22045e-16	2.22045e-16
2.76851e+07	2.22045e-16	2.22045e-16
2.76851e+07	2.22045e-16	2.22045e-16
2.76851e+07	2.22045e-16	2.22045e-16
2.76851e+07	2.22045e-16	2.22045e-16
2.7685e+07	2.22045e-16	2.22045e-16
2.7685e+07	2.22045e-16	2.22045e-16
2.7685e+07	2.22045e-16	2.22045e-16
2.7685e+07	2.22045e-16	2.22045e-16
2.7685e+07	2.22045e-16	2.22045e-16
2.7685e+07	2.22045e-16	2.22045e-16
2.7685e+07	2.22045e-16	2.22045e-16
2.76849e+07	2.22045e-16	2.22045e-16
2.76849e+07	2.22045e-16	2.22045e-16
2.76849e+07	2.22045e-16	2.22045e-16
2.76849e+07	2.22045e-16	2.22045e-16
2.76849e+07	2.22045e-16	2.22045e-16
2.76849e+07	2.22045e-16	2.22045e-16
2.76848e+07	2.22045e-16	2.22045e-16
2.76848e+07	2.22045e-16	2.22045e-16
2.76848e+07	2.22045e-16	2.22045e-16
2.76848e+07	2.22045e-16	2.22045e-16
2.76848e+07	2.22045e-16	2.22045e-16
2.76848e+07	2.22045e-16	2.22045e-16
2.76848e+07	2.22045e-16	2.22045e-16
2.76847e+07	2.22045e-16	2.22045e-16
2.76847e+07	2.22045e-16	2.22045e-16
2.76847e+07	2.22045e-16	2.22045e-16
2.76847e+07	2.22045e-16	2.22045e-16
2.76847e+07	2.22045e-16	2.22045e-16
2.76847e+07	2.22045e-16	2.22045e-16
2.76847e+07	2.22045e-16	2.22045e-16
2.76846e+07	2.22045e-16	2.22045e-16
2.76846e+07	2.22045e-16	2.22045e-16
2.76846e+07	2.22045e-16	2.22045e-16
2.76846e+07	2.22045e-16	2.22045e-16
2.76846e+07	2.22045e-16	2.22045e-16
2.76846e+07	2.22045e-16	2.22045e-16
2.76846e+07	2.22045e-16	2.22045e-16
2.76846e+07	2.22045e-16	2.22045e-16
2.76845e+07	2.22045e-16	2.22045e-16
2.76845e+07	2.22045e-16	2.22045e-16
2.76845e+07	2.22045e-16	2.22045e-16
2.76845e+07	2.22045e-16	2.22045e-16
2.76845e+07	2.22045e-16	2.22045e-16
2.76845e+07	2.22045e-16	2.22045e-16
2.76845e+07	2.22045e-16	2.22045e-16
2.76844e+07	2.22045e-16	2.22045e-16
2.76844e+07	2.22045e-16	2.22045e-16
2.76844e+07	2.22045e-16	2.22045e-16
2.76844e+07	2.22045e-16	2.22045e-16
2.76844e+07	2.22045e-16	2.22045e-16
2.76844e+07	2.22045e-16	2.22045e-16
2.76844e+07	2.22045e-16	2.22045e-16
2.76844e+07	2.22045e-16	2.22045e-16
2.76844e+07	2.22045e-16	2.22045e-16
2.76843e+07	2.22045e-16	2.22045e-16
2.76843e+07	2.22045e-16	2.22045e-16
2.76843e+07	2.22045e-16	2.22045e-16
2.76843e+07	2.22045e-16	2.22045e-16
2.76843e+07	2.22045e-16	2.22045e-16
2.76843e+07	2.22045e-16	2.22045e-16
2.76843e+07	2.22045e-16	2.22045e-16
2.76843e+07	2.22045e-16	2.22045e-16
2.76843e+07	2.22045e-16	2.22045e-16
2.76842e+07	2.22045e-16	2.22045e-16
2.76842e+07	2.22045e-16	2.22045e-16
2.76842e+07	2.22045e-16	2.22045e-16
2.76842e+07	2.22045e-16	2.22045e-16
2.76842e+07	2.22045e-16	2.22045e-16
2.76842e+07	2.22045e-16	2.22045e-16
2.76842e+07	2.22045e-16	2.22045e-16
2.76842e+07	2.22045e-16	2.22045e-16
2.76842e+07	2.22045e-16	2.22045e-16
2.76841e+07	2.22045e-16	2.22045e-16
2.76841e+07	2.22045e-16	2.22045e-16
2.76841e+07	2.22045e-16	2.22045e-16
2.76841e+07	2.22045e-16	2.22045e-16
2.76841e+07	2.22045e-16	2.22045e-16
2.76841e+07	2.22045e-16	2.22045e-16
2.76841e+07	2.22045e-16	2.22045e-16
2.76841e+07	2.22045e-16	2.22045e-16
2.76841e+07	2.22045e-16	2.22045e-16
2.76841e+07	2.22045e-16	2.22045e-16
2.7684e+07	2.22045e-16	2.22045e-16
2.7684e+07	2.22045e-16	2.22045e-16
2.7684e+07	2.22045e-16	2.22045e-16
2.7684e+07	2.22045e-16	2.22045e-16
2.7684e+07	2.22045e-16	2.22045e-16
2.7684e+07	2.22045e-16	2.22045e-16
2.7684e+07	2.22045e-16	2.22045e-16
2.7684e+07	2.22045e-16	2.22045e-16
2.7684e+07	2.22045e-16	2.22045e-16
2.7684e+07	2.22045e-16	2.22045e-16
2.7684e+07	2.22045e-16	2.22045e-16
2.76839e+07	2.22045e-16	2.22045e-16
2.76839e+07	2.22045e-16	2.22045e-16
2.76839e+07	2.22045e-16	2.22045e-16
2.76839e+07	2.22045e-16	2.22045e-16
2.76839e+07	2.22045e-16	2.22045e-16
2.76839e+07	2.22045e-16	2.22045e-16
2.76839e+07	2.22045e-16	2.22045e-16
2.76839e+07	2.22045e-16	2.22045e-16
2.76839e+07	2.22045e-16	2.22045e-16
2.76839e+07	2.22045e-16	2.22045e-16
2.76839e+07	2.22045e-16	2.22045e-16
2.76838e+07	2.22045e-16	2.22045e-16
2.76838e+07	2.22045e-16	2.22045e-16
2.76838e+07	2.22045e-16	2.22045e-16
2.76838e+07	2.22045e-16	2.22045e-16
2.76838e+07	2.22045e-16	2.22045e-16
2.76838e+07	2.22045e-16	2.22045e-16
2.76838e+07	2.22045e-16	2.22045e-16
2.76838e+07	2.22045e-16	2.22045e-16
2.76838e+07	2.22045e-16	2.22045e-16
2.76838e+07	2.22045e-16	2.22045e-16
2.76838e+07	2.22045e-16	2.22045e-16
2.76838e+07	2.22045e-16	2.22045e-16
2.76837e+07	2.22045e-16	2.22045e-16
2.76837e+07	2.22045e-16	2.22045e-16
2.76837e+07	2.22045e-16	2.22045e-16
2.76837e+07	2.22045e-16	2.22045e-16
2.76837e+07	2.22045e-16	2.22045e-16
2.76837e+07	2.22045e-16	2.22045e-16
2.76837e+07	2.22045e-16	2.22045e-16
2.76837e+07	2.22045e-16	2.22045e-16
2.76837e+07	2.22045e-16	2.22045e-16
2.76837e+07	2.22045e-16	2.22045e-16
2.76837e+07	2.22045e-16	2.22045e-16
2.76837e+07	2.22045e-16	2.22045e-16
2.76837e+07	2.22045e-16	2.22045e-16
2.76837e+07	2.22045e-16	2.22045e-16
2.76836e+07	2.22045e-16	2.22045e-16
2.76836e+07	2.22045e-16	2.22045e-16
2.76836e+07	2.22045e-16	2.22045e-16
2.76836e+07	2.22045e-16	2.22045e-16
2.76836e+07	2.22045e-16	2.22045e-16
2.76836e+07	2.22045e-16	2.22045e-16
2.76836e+07	2.22045e-16	2.22045e-16
2.76836e+07	2.22045e-16	2.22045e-16
2.76836e+07	2.22045e-16	2.22045e-16
2.76836e+07	2.22045e-16	2.22045e-16
2.76836e+07	2.22045e-16	2.22045e-16
2.76836e+07	2.22045e-16	2.22045e-16
2.76836e+07	2.22045e-16	2.22045e-16
2.76836e+07	2.22045e-16	2.22045e-16
2.76836e+07	2.22045e-16	2.22045e-16
2.76835e+07	2.22045e-16	2.22045e-16
2.76835e+07	2.22045e-16	2.22045e-16
2.76835e+07	2.22045e-16	2.22045e-16
2.76835e+07	2.22045e-16	2.22045e-16
2.76835e+07	2.22045e-16	2.22045e-16
2.76835e+07	2.22045e-16	2.22045e-16
2.76835e+07	2.22045e-16	2.22045e-16
2.76835e+07	2.22045e-16	2.22045e-16
2.76835e+07	2.22045e-16	2.22045e-16
2.76835e+07	2.22045e-16	2.22045e-16
2.76835e+07	2.22045e-16	2.22045e-16
2.76835e+07	2.22045e-16	2.22045e-16
2.76835e+07	2.22045e-16	2.22045e-16
2.76835e+07	2.22045e-16	2.22045e-16
2.76835e+07	2.22045e-16	2.22045e-16
2.76835e+07	2.22045e-16	2.22045e-16
2.76834e+07	2.22045e-16	2.22045e-16
2.76834e+07	2.22045e-16	2.22045e-16
2.76834e+07	2.22045e-16	2.22045e-16
2.76834e+07	2.22045e-16	2.22045e-16
2.76834e+07	2.22045e-16	2.22045e-16
2.76834e+07	2.22045e-16	2.22045e-16
2.76834e+07	2.22045e-16	2.22045e-16
2.76834e+07	2.22045e-16	2.22045e-16
2.76834e+07	2.22045e-16	2.22045e-16
2.76834e+07	2.22045e-16	2.22045e-16
2.76834e+07	2.22045e-16	2.22045e-16
2.76834e+07	2.22045e-16	2.22045e-16
2.76834e+07	2.22045e-16	2.22045e-16
2.76834e+07	2.22045e-16	2.22045e-16
2.76834e+07	2.22045e-16	2.22045e-16
2.76834e+07	2.22045e-16	2.22045e-16
2.76834e+07	2.22045e-16	2.22045e-16
2.76834e+07	2.22045e-16	2.22045e-16
2.76834e+07	2.22045e-16	2.22045e-16
2.76833e+07	2.22045e-16	2.22045e-16
2.76833e+07	2.22045e-16	2.22045e-16
2.76833e+07	2.22045e-16	2.22045e-16
2.76833e+07	2.22045e-16	2.22045e-16
2.76833e+07	2.22045e-16	2.22045e-16
2.76833e+07	2.22045e-16	2.22045e-16
2.76833e+07	2.22045e-16	2.22045e-16
2.76833e+07	2.22045e-16	2.22045e-16
2.76833e+07	2.22045e-16	2.22045e-16
2.76833e+07	2.22045e-16	2.22045e-16
2.76833e+07	2.22045e-16	2.22045e-16
2.76833e+07	2.22045e-16	2.22045e-16
2.76833e+07	2.22045e-16	2.22045e-16
2.76833e+07	2.22045e-16	2.22045e-16
2.76833e+07	2.22045e-16	2.22045e-16
2.76833e+07	2.22045e-16	2.22045e-16
2.76833e+07	2.22045e-16	2.22045e-16
2.76833e+07	2.22045e-16	2.22045e-16
2.76833e+07	2.22045e-16	2.22045e-16
2.76833e+07	2.22045e-16	2.22045e-16
2.76833e+07	2.22045e-16	2.22045e-16
2.76832e+07	2.22045e-16	2.22045e-16
2.76832e+07	2.22045e-16	2.22045e-16
2.76832e+07	2.22045e-16	2.22045e-16
2.76832e+07	2.22045e-16	2.22045e-16
2.76832e+07	2.22045e-16	2.22045e-16
2.76832e+07	2.22045e-16	2.22045e-16
2.76832e+07	2.22045e-16	2.22045e-16
2.76832e+07	2.22045e-16	2.22045e-16
2.76832e+07	2.22045e-16	2.22045e-16
2.76832e+07	2.22045e-16	2.22045e-16
2.76832e+07	2.22045e-16	2.22045e-16
2.76832e+07	2.22045e-16	2.22045e-16
2.76832e+07	2.22045e-16	2.22045e-16
2.76832e+07	2.22045e-16	2.22045e-16
2.76832e+07	2.22045e-16	2.22045e-16
2.76832e+07	2.22045e-16	2.22045e-16
2.76832e+07	2.22045e-16	2.22045e-16
2.76832e+07	2.22045e-16	2.22045e-16
2.76832e+07	2.22045e-16	2.22045e-16
2.76832e+07	2.22045e-16	2.22045e-16
2.76832e+07	2.22045e-16	2.22045e-16
2.76832e+07	2.22045e-16	2.22045e-16
2.76832e+07	2.22045e-16	2.22045e-16
2.76832e+07	2.22045e-16	2.22045e-16
2.76832e+07	2.22045e-16	2.22045e-16
2.76831e+07	2.22045e-16	2.22045e-16
2.76831e+07	2.22045e-16	2.22045e-16
2.76831e+07	2.22045e-16	2.22045e-16
2.76831e+07	2.22045e-16	2.22045e-16
2.76831e+07	2.22045e-16	2.22045e-16
2.76831e+07	2.22045e-16	2.22045e-16
2.76831e+07	2.22045e-16	2.22045e-16
2.76831e+07	2.22045e-16	2.22045e-16
2.76831e+07	2.22045e-16	2.22045e-16
2.76831e+07	2.22045e-16	2.22045e-16
2.76831e+07	2.22045e-16	2.22045e-16
2.76831e+07	2.22045e-16	2.22045e-16
2.76831e+07	2.22045e-16	2.22045e-16
2.76831e+07	2.22045e-16	2.22045e-16
2.76831e+07	2.22045e-16	2.22045e-16
2.76831e+07	2.22045e-16	2.22045e-16
2.76831e+07	2.22045e-16	2.22045e-16
2.76831e+07	2.22045e-16	2.22045e-16
2.76831e+07	2.22045e-16	2.22045e-16
2.76831e+07	2.22045e-16	2.22045e-16
2.76831e+07	2.22045e-16	2.22045e-16
2.76831e+07	2.22045e-16	2.22045e-16
2.76831e+07	2.22045e-16	2.22045e-16
2.76831e+07	2.22045e-16	2.22045e-16
2.76831e+07	2.22045e-16	2.22045e-16
2.76831e+07	2.22045e-16	2.22045e-16
2.76831e+07	2.22045e-16	2.22045e-16
2.76831e+07	2.22045e-16	2.22045e-16
2.76831e+07	2.22045e-16	2.22045e-16
2.7683e+07	2.22045e-16	2.22045e-16
2.7683e+07	2.22045e-16	2.22045e-16
2.7683e+07	2.22045e-16	2.22045e-16
2.7683e+07	2.22045e-16	2.22045e-16
2.7683e+07	2.22045e-16	2.22045e-16
2.7683e+07	2.22045e-16	2.22045e-16
2.7683e+07	2.22045e-16	2.22045e-16
2.7683e+07	2.22045e-16	2.22045e-16
2.7683e+07	2.22045e-16	2.22045e-16
2.7683e+07	2.22045e-16	2.22045e-16
2.7683e+07	2.22045e-16	2.22045e-16
2.7683e+07	2.22045e-16	2.22045e-16
2.7683e+07	2.22045e-16	2.22045e-16
2.7683e+07	2.22045e-16	2.22045e-16
2.7683e+07	2.22045e-16	2.22045e-16
2.7683e+07	2.22045e-16	2.22045e-16
2.7683e+07	2.22045e-16	2.22045e-16
2.7683e+07	2.22045e-16	2.22045e-16
2.7683e+07	2.22045e-16	2.22045e-16
2.7683e+07	2.22045e-16	2.22045e-16
2.7683e+07	2.22045e-16	2.22045e-16
2.7683e+07	2.22045e-16	2.22045e-16
2.7683e+07	2.22045e-16	2.22045e-16
2.7683e+07	2.22045e-16	2.22045e-16
2.7683e+07	2.22045e-16	2.22045e-16
2.7683e+07	2.22045e-16	2.22045e-16
2.7683e+07	2.22045e-16	2.22045e-16
2.7683e+07	2.22045e-16	2.22045e-16
2.7683e+07	2.22045e-16	2.22045e-16
2.7683e+07	2.22045e-16	2.22045e-16
2.7683e+07	2.22045e-16	2.22045e-16
2.7683e+07	2.22045e-16	2.22045e-16
2.7683e+07	2.22045e-16	2.22045e-16
2.7683e+07	2.22045e-16	2.22045e-16
2.7683e+07	2.22045e-16	2.22045e-16
2.7683e+07	2.22045e-16	2.22045e-16
2.7683e+07	2.22045e-16	2.22045e-16
2.76829e+07	2.22045e-16	2.22045e-16
2.76829e+07	2.22045e-16	2.22045e-16
2.76829e+07	2.22045e-16	2.22045e-16
2.76829e+07	2.22045e-16	2.22045e-16
2.76829e+07	2.22045e-16	2.22045e-16
2.76829e+07	2.22045e-16	2.22045e-16
2.76829e+07	2.22045e-16	2.22045e-16
2.76829e+07	2.22045e-16	2.22045e-16
2.76829e+07	2.22045e-16	2.22045e-16
2.76829e+07	2.22045e-16	2.22045e-16
2.76829e+07	2.22045e-16	2.22045e-16
2.76829e+07	2.22045e-16	2.22045e-16
2.76829e+07	2.22045e-16	2.22045e-16
2.76829e+07	2.22045e-16	2.22045e-16
2.76829e+07	2.22045e-16	2.22045e-16
2.76829e+07	2.22045e-16	2.22045e-16
2.76829e+07	2.22045e-16	2.22045e-16
2.76829e+07	2.22045e-16	2.22045e-16
2.76829e+07	2.22045e-16	2.22045e-16
2.76829e+07	2.22045e-16	2.22045e-16
2.76829e+07	2.22045e-16	2.22045e-16
2.76829e+07	2.22045e-16	2.22045e-16
2.76829e+07	2.22045e-16	2.22045e-16
2.76829e+07	2.22045e-16	2.22045e-16
2.76829e+07	2.22045e-16	2.22045e-16
2.76829e+07	2.22045e-16	2.22045e-16
2.76829e+07	2.22045e-16	2.22045e-16
2.76829e+07	2.22045e-16	2.22045e-16
2.76829e+07	2.22045e-16	2.22045e-16
2.76829e+07	2.22045e-16	2.22045e-16
2.76829e+07	2.22045e-16	2.22045e-16
2.76829e+07	2.22045e-16	2.22045e-16
2.76829e+07	2.22045e-16	2.22045e-16
2.76829e+07	2.22045e-16	2.22045e-16
2.76829e+07	2.22045e-16	2.22045e-16
2.76829e+07	2.22045e-16	2.22045e-16
2.76829e+07	2.22045e-16	2.22045e-16
2.76829e+07	2.22045e-16	2.22045e-16
2.76829e+07	2.22045e-16	2.22045e-16
2.76829e+07	2.22045e-16	2.22045e-16
2.76829e+07	2.22045e-16	2.22045e-16
2.76829e+07	2.22045e-16	2.22045e-16
2.76829e+07	2.22045e-16	2.22045e-16
2.76829e+07	2.22045e-16	2.22045e-16
2.76829e+07	2.22045e-16	2.22045e-16
2.76829e+07	2.22045e-16	2.22045e-16
2.76829e+07	2.22045e-16	2.22045e-16
2.76829e+07	2.22045e-16	2.22045e-16
2.76828e+07	2.22045e-16	2.22045e-16
2.76828e+07	2.22045e-16	2.22045e-16
2.76828e+07	2.22045e-16	2.22045e-16
2.76828e+07	2.22045e-16	2.22045e-16
2.76828e+07	2.22045e-16	2.22045e-16
2.76828e+07	2.22045e-16	2.22045e-16
2.76828e+07	2.22045e-16	2.22045e-16
2.76828e+07	2.22045e-16	2.22045e-16
2.76828e+07	2.22045e-16	2.22045e-16
2.76828e+07	2.22045e-16	2.22045e-16
2.76828e+07	2.22045e-16	2.22045e-16
2.76828e+07	2.22045e-16	2.22045e-16
2.76828e+07	2.22045e-16	2.22045e-16
2.76828e+07	2.22045e-16	2.22045e-16
2.76828e+07	2.22045e-16	2.22045e-16
2.76828e+07	2.22045e-16	2.22045e-16
2.76828e+07	2.22045e-16	2.22045e-16
2.76828e+07	2.22045e-16	2.22045e-16
2.76828e+07	2.22045e-16	2.22045e-16
2.76828e+07	2.22045e-16	2.22045e-16
2.76828e+07	2.22045e-16	2.22045e-16
2.76828e+07	2.22045e-16	2.22045e-16
2.76828e+07	2.22045e-16	2.22045e-16
2.76828e+07	2.22045e-16	2.22045e-16
2.76828e+07	2.22045e-16	2.22045e-16
2.76828e+07	2.22045e-16	2.22045e-16
2.76828e+07	2.22045e-16	2.22045e-16
2.76828e+07	2.22045e-16	2.22045e-16
2.76828e+07	2.22045e-16	2.22045e-16
2.76828e+07	2.22045e-16	2.22045e-16
2.76828e+07	2.22045e-16	2.22045e-16
2.76828e+07	2.22045e-16	2.22045e-16
2.76828e+07	2.22045e-16	2.22045e-16
2.76828e+07	2.22045e-16	2.22045e-16
2.76828e+07	2.22045e-16	2.22045e-16
2.76828e+07	2.22045e-16	2.22045e-16
2.76828e+07	2.22045e-16	2.22045e-16
2.76828e+07	2.22045e-16	2.22045e-16
2.76828e+07	2.22045e-16	2.22045e-16
2.76828e+07	2.22045e-16	2.22045e-16
2.76828e+07	2.22045e-16	2.22045e-16
2.76828e+07	2.22045e-16	2.22045e-16
2.76828e+07	2.22045e-16	2.22045e-16
2.76828e+07	2.22045e-16	2.22045e-16
2.76828e+07	2.22045e-16	2.22045e-16
2.76828e+07	2.22045e-16	2.22045e-16
2.76828e+07	2.22045e-16	2.22045e-16
2.76828e+07	2.22045e-16	2.22045e-16
2.76828e+07	2.22045e-16	2.22045e-16
2.76828e+07	2.22045e-16	2.22045e-16
2.76828e+07	2.22045e-16	2.22045e-16
2.76828e+07	2.22045e-16	2.22045e-16
2.76828e+07	2.22045e-16	2.22045e-16
2.76828e+07	2.22045e-16	2.22045e-16
2.76828e+07	2.22045e-16	2.22045e-16
2.76828e+07	2.22045e-16	2.22045e-16
2.76828e+07	2.22045e-16	2.22045e-16
2.76828e+07	2.22045e-16	2.22045e-16
2.76828e+07	2.22045e-16	2.22045e-16
2.76828e+07	2.22045e-16	2.22045e-16
2.76828e+07	2.22045e-16	2.22045e-16
2.76828e+07	2.22045e-16	2.22045e-16
2.76828e+07	2.22045e-16	2.22045e-16
2.76828e+07	2.22045e-16	2.22045e-16
2.76828e+07	2.22045e-16	2.22045e-16
2.76828e+07	2.22045e-16	2.22045e-16
2.76828e+07	2.22045e-16	2.22045e-16
2.76828e+07	2.22045e-16	2.22045e-16
2.76828e+07	2.22045e-16	2.22045e-16
2.76828e+07	2.22045e-16	2.22045e-16
2.76828e+07	2.22045e-16	2.22045e-16
2.76828e+07	2.22045e-16	2.22045e-16
2.76827e+07	2.22045e-16	2.22045e-16
2.76827e+07	2.22045e-16	2.22045e-16
2.76827e+07	2.22045e-16	2.22045e-16
2.76827e+07	2.22045e-16	2.22045e-16
2.76827e+07	2.22045e-16	2.22045e-16
2.76827e+07	2.22045e-16	2.22045e-16
2.76827e+07	2.22045e-16	2.22045e-16
2.76827e+07	2.22045e-16	2.22045e-16
2.76827e+07	2.22045e-16	2.22045e-16
2.76827e+07	2.22045e-16	2.22045e-16
2.76827e+07	2.22045e-16	2.22045e-16
2.76827e+07	2.22045e-16	2.22045e-16
2.76827e+07	2.22045e-16	2.22045e-16
2.76827e+07	2.22045e-16	2.22045e-16
2.76827e+07	2.22045e-16	2.22045e-16
2.76827e+07	2.22045e-16	2.22045e-16
2.76827e+07	2.22045e-16	2.22045e-16
2.76827e+07	2.22045e-16	2.22045e-16
2.76827e+07	2.22045e-16	2.22045e-16
2.76827e+07	2.22045e-16	2.22045e-16
2.76827e+07	2.22045e-16	2.22045e-16
2.76827e+07	2.22045e-16	2.22045e-16
2.76827e+07	2.22045e-16	2.22045e-16
2.76827e+07	2.22045e-16	2.22045e-16
2.76827e+07	2.22045e-16	2.22045e-16
2.76827e+07	2.22045e-16	2.22045e-16
2.76827e+07	2.22045e-16	2.22045e-16
2.76827e+07	2.22045e-16	2.22045e-16
2.76827e+07	2.22045e-16	2.22045e-16
2.76827e+07	2.22045e-16	2.22045e-16
2.76827e+07	2.22045e-16	2.22045e-16
2.76827e+07	2.22045e-16	2.22045e-16
2.76827e+07	2.22045e-16	2.22045e-16
2.76827e+07	2.22045e-16	2.22045e-16
2.76827e+07	2.22045e-16	2.22045e-16
2.76827e+07	2.22045e-16	2.22045e-16
2.76827e+07	2.22045e-16	2.22045e-16
2.76827e+07	2.22045e-16	2.22045e-16
2.76827e+07	2.22045e-16	2.22045e-16
2.76827e+07	2.22045e-16	2.22045e-16
2.76827e+07	2.22045e-16	2.22045e-16
2.76827e+07	2.22045e-16	2.22045e-16
2.76827e+07	2.22045e-16	2.22045e-16
2.76827e+07	2.22045e-16	2.22045e-16
2.76827e+07	2.22045e-16	2.22045e-16
2.76827e+07	2.22045e-16	2.22045e-16
2.76827e+07	2.22045e-16	2.22045e-16
2.76827e+07	2.22045e-16	2.22045e-16
2.76827e+07	2.22045e-16	2.22045e-16
2.76827e+07	2.22045e-16	2.22045e-16
2.76827e+07	2.22045e-16	2.22045e-16
2.76827e+07	2.22045e-16	2.22045e-16
2.76827e+07	2.22045e-16	2.22045e-16
2.76827e+07	2.22045e-16	2.22045e-16
2.76827e+07	2.22045e-16	2.22045e-16
2.76827e+07	2.22045e-16	2.22045e-16
2.76827e+07	2.22045e-16	2.22045e-16
2.76827e+07	2.22045e-16	2.22045e-16
2.76827e+07	2.22045e-16	2.22045e-16
2.76827e+07	2.22045e-16	2.22045e-16
2.76827e+07	2.22045e-16	2.22045e-16
2.76827e+07	2.22045e-16	2.22045e-16
2.76827e+07	2.22045e-16	2.22045e-16
2.76827e+07	2.22045e-16	2.22045e-16
2.76827e+07	2.22045e-16	2.22045e-16
2.76827e+07	2.22045e-16	2.22045e-16
2.76827e+07	2.22045e-16	2.22045e-16
2.76827e+07	2.22045e-16	2.22045e-16
2.76827e+07	2.22045e-16	2.22045e-16
2.76827e+07	2.22045e-16	2.22045e-16
2.76827e+07	2.22045e-16	2.22045e-16
2.76827e+07	2.22045e-16	2.22045e-16
2.76827e+07	2.22045e-16	2.22045e-16
2.76827e+07	2.22045e-16	2.22045e-16
2.76827e+07	2.22045e-16	2.22045e-16
2.76827e+07	2.22045e-16	2.22045e-16
2.76827e+07	2.22045e-16	2.22045e-16
2.76827e+07	2.22045e-16	2.22045e-16
2.76827e+07	2.22045e-16	2.22045e-16
2.76827e+07	2.22045e-16	2.22045e-16
2.76827e+07	2.22045e-16	2.22045e-16
2.76827e+07	2.22045e-16	2.22045e-16
2.76827e+07	2.22045e-16	2.22045e-16
2.76827e+07	2.22045e-16	2.22045e-16
2.76827e+07	2.22045e-16	2.22045e-16
2.76827e+07	2.22045e-16	2.22045e-16
2.76827e+07	2.22045e-16	2.22045e-16
2.76827e+07	2.22045e-16	2.22045e-16
2.76827e+07	2.22045e-16	2.22045e-16
2.76827e+07	2.22045e-16	2.22045e-16
2.76827e+07	2.22045e-16	2.22045e-16
2.76827e+07	2.22045e-16	2.22045e-16
2.76827e+07	2.22045e-16	2.22045e-16
2.76827e+07	2.22045e-16	2.22045e-16
2.76827e+07	2.22045e-16	2.22045e-16
2.76827e+07	2.22045e-16	2.22045e-16
2.76827e+07	2.22045e-16	2.22045e-16
2.76827e+07	2.22045e-16	2.22045e-16
2.76827e+07	2.22045e-16	2.22045e-16
2.76827e+07	2.22045e-16	2.22045e-16
2.76827e+07	2.22045e-16	2.22045e-16
2.76827e+07	2.22045e-16	2.22045e-16
2.76827e+07	2.22045e-16	2.22045e-16
