5.51581e+07	0
5.84581e+07	9.9e+06
6.17581e+07	1.98e+07
6.50581e+07	2.97e+07
6.83581e+07	3.96e+07
7.16581e+07	4.95e+07
7.49581e+07	5.94e+07
7.82581e+07	6.93e+07
8.15581e+07	7.92e+07
8.48581e+07	8.91e+07
8.60066e+07	9.25457e+07
8.60953e+07	9.28117e+07
8.61837e+07	9.30768e+07
8.62718e+07	9.33412e+07
8.63597e+07	9.36048e+07
8.64473e+07	9.38676e+07
8.65346e+07	9.41296e+07
8.66217e+07	9.43908e+07
8.67085e+07	9.46512e+07
8.6795e+07	9.49108e+07
8.68813e+07	9.51696e+07
8.69673e+07	9.54276e+07
8.7053e+07	9.56849e+07
8.71385e+07	9.59414e+07
8.72237e+07	9.6197e+07
8.73087e+07	9.64519e+07
8.73934e+07	9.67061e+07
8.74779e+07	9.69594e+07
8.75621e+07	9.7212e+07
8.7646e+07	9.74638e+07
8.77297e+07	9.77148e+07
8.78131e+07	9.79651e+07
8.78962e+07	9.82146e+07
8.79792e+07	9.84633e+07
8.80618e+07	9.87113e+07
8.81442e+07	9.89585e+07
8.82264e+07	9.92049e+07
8.83083e+07	9.94506e+07
8.83899e+07	9.96955e+07
8.84713e+07	9.99397e+07
8.85524e+07	1.00183e+08
8.86333e+07	1.00426e+08
8.8714e+07	1.00668e+08
8.87943e+07	1.00909e+08
8.88745e+07	1.01149e+08
8.89544e+07	1.01389e+08
8.9034e+07	1.01628e+08
8.91134e+07	1.01866e+08
8.91926e+07	1.02104e+08
8.92715e+07	1.0234e+08
8.93501e+07	1.02576e+08
8.94286e+07	1.02812e+08
8.95067e+07	1.03046e+08
8.95847e+07	1.0328e+08
8.96623e+07	1.03513e+08
8.97398e+07	1.03745e+08
8.9817e+07	1.03977e+08
8.9894e+07	1.04208e+08
8.99707e+07	1.04438e+08
9.00472e+07	1.04667e+08
9.01234e+07	1.04896e+08
9.01994e+07	1.05124e+08
9.02752e+07	1.05351e+08
9.03507e+07	1.05578e+08
9.0426e+07	1.05804e+08
9.0501e+07	1.06029e+08
9.05758e+07	1.06253e+08
9.06504e+07	1.06477e+08
9.07248e+07	1.067e+08
9.07989e+07	1.06922e+08
9.08728e+07	1.07144e+08
9.09464e+07	1.07365e+08
9.10198e+07	1.07585e+08
9.1093e+07	1.07805e+08
9.11659e+07	1.08024e+08
9.12387e+07	1.08242e+08
9.13111e+07	1.08459e+08
9.13834e+07	1.08676e+08
9.14554e+07	1.08892e+08
9.15272e+07	1.09108e+08
9.15988e+07	1.09322e+08
9.16701e+07	1.09536e+08
9.17413e+07	1.0975e+08
9.18121e+07	1.09962e+08
9.18828e+07	1.10174e+08
9.19532e+07	1.10386e+08
9.20235e+07	1.10596e+08
9.20934e+07	1.10806e+08
9.21632e+07	1.11015e+08
9.22327e+07	1.11224e+08
9.23021e+07	1.11432e+08
9.23712e+07	1.11639e+08
9.244e+07	1.11846e+08
9.25087e+07	1.12052e+08
9.25771e+07	1.12257e+08
9.26453e+07	1.12462e+08
9.27133e+07	1.12666e+08
9.27811e+07	1.12869e+08
9.28487e+07	1.13072e+08
9.2916e+07	1.13274e+08
9.29831e+07	1.13475e+08
9.305e+07	1.13676e+08
9.31167e+07	1.13876e+08
9.31832e+07	1.14075e+08
9.32494e+07	1.14274e+08
9.33155e+07	1.14472e+08
9.33813e+07	1.1467e+08
9.34469e+07	1.14867e+08
9.35123e+07	1.15063e+08
9.35775e+07	1.15258e+08
9.36425e+07	1.15453e+08
9.37073e+07	1.15648e+08
9.37718e+07	1.15841e+08
9.38362e+07	1.16034e+08
9.39003e+07	1.16227e+08
9.39643e+07	1.16419e+08
9.4028e+07	1.1661e+08
9.40915e+07	1.168e+08
9.41548e+07	1.1699e+08
9.42179e+07	1.1718e+08
9.42808e+07	1.17368e+08
9.43435e+07	1.17556e+08
9.4406e+07	1.17744e+08
9.44682e+07	1.17931e+08
9.45303e+07	1.18117e+08
9.45922e+07	1.18302e+08
9.46538e+07	1.18487e+08
9.47153e+07	1.18672e+08
9.47766e+07	1.18856e+08
9.48376e+07	1.19039e+08
9.48985e+07	1.19221e+08
9.49592e+07	1.19403e+08
9.50196e+07	1.19585e+08
9.50799e+07	1.19765e+08
9.51399e+07	1.19946e+08
9.51998e+07	1.20125e+08
9.52595e+07	1.20304e+08
9.53189e+07	1.20483e+08
9.53782e+07	1.2066e+08
9.54373e+07	1.20838e+08
9.54962e+07	1.21014e+08
9.55549e+07	1.2119e+08
9.56134e+07	1.21366e+08
9.56717e+07	1.21541e+08
9.57298e+07	1.21715e+08
9.57877e+07	1.21889e+08
9.58454e+07	1.22062e+08
9.59029e+07	1.22235e+08
9.59603e+07	1.22407e+08
9.60174e+07	1.22578e+08
9.60744e+07	1.22749e+08
9.61311e+07	1.22919e+08
9.61877e+07	1.23089e+08
9.62441e+07	1.23258e+08
9.63003e+07	1.23427e+08
9.63563e+07	1.23595e+08
9.64121e+07	1.23762e+08
9.64678e+07	1.23929e+08
9.65232e+07	1.24096e+08
9.65785e+07	1.24261e+08
9.66336e+07	1.24427e+08
9.66885e+07	1.24591e+08
9.67432e+07	1.24755e+08
9.67977e+07	1.24919e+08
9.68521e+07	1.25082e+08
9.69063e+07	1.25245e+08
9.69603e+07	1.25407e+08
9.70141e+07	1.25568e+08
9.70677e+07	1.25729e+08
9.71211e+07	1.25889e+08
9.71744e+07	1.26049e+08
9.72275e+07	1.26208e+08
9.72804e+07	1.26367e+08
9.73331e+07	1.26525e+08
9.73857e+07	1.26683e+08
9.7438e+07	1.2684e+08
9.74902e+07	1.26997e+08
9.75423e+07	1.27153e+08
9.75941e+07	1.27308e+08
9.76458e+07	1.27463e+08
9.76973e+07	1.27618e+08
9.77486e+07	1.27772e+08
9.77998e+07	1.27925e+08
9.78507e+07	1.28078e+08
9.79015e+07	1.2823e+08
9.79522e+07	1.28382e+08
9.80026e+07	1.28534e+08
9.80529e+07	1.28685e+08
9.81031e+07	1.28835e+08
9.8153e+07	1.28985e+08
9.82028e+07	1.29134e+08
9.82524e+07	1.29283e+08
9.83018e+07	1.29431e+08
9.83511e+07	1.29579e+08
9.84002e+07	1.29727e+08
9.84492e+07	1.29873e+08
9.84979e+07	1.3002e+08
9.85466e+07	1.30166e+08
9.8595e+07	1.30311e+08
9.86433e+07	1.30456e+08
9.86914e+07	1.306e+08
9.87394e+07	1.30744e+08
9.87871e+07	1.30887e+08
9.88348e+07	1.3103e+08
9.88822e+07	1.31173e+08
9.89295e+07	1.31314e+08
9.89767e+07	1.31456e+08
9.90237e+07	1.31597e+08
9.90705e+07	1.31737e+08
9.91171e+07	1.31877e+08
9.91636e+07	1.32017e+08
9.921e+07	1.32156e+08
9.92562e+07	1.32294e+08
9.93022e+07	1.32432e+08
9.93481e+07	1.3257e+08
9.93938e+07	1.32707e+08
9.94393e+07	1.32844e+08
9.94847e+07	1.3298e+08
9.953e+07	1.33116e+08
9.9575e+07	1.33251e+08
9.962e+07	1.33386e+08
9.96648e+07	1.3352e+08
9.97094e+07	1.33654e+08
9.97539e+07	1.33787e+08
9.97982e+07	1.3392e+08
9.98423e+07	1.34053e+08
9.98864e+07	1.34185e+08
9.99302e+07	1.34317e+08
9.99739e+07	1.34448e+08
1.00018e+08	1.34578e+08
1.00061e+08	1.34709e+08
1.00104e+08	1.34838e+08
1.00147e+08	1.34968e+08
1.0019e+08	1.35097e+08
1.00233e+08	1.35225e+08
1.00276e+08	1.35353e+08
1.00318e+08	1.35481e+08
1.00361e+08	1.35608e+08
1.00403e+08	1.35735e+08
1.00445e+08	1.35861e+08
1.00487e+08	1.35987e+08
1.00529e+08	1.36112e+08
1.0057e+08	1.36237e+08
1.00612e+08	1.36362e+08
1.00653e+08	1.36486e+08
1.00695e+08	1.36609e+08
1.00736e+08	1.36733e+08
1.00777e+08	1.36855e+08
1.00817e+08	1.36978e+08
1.00858e+08	1.371e+08
1.00899e+08	1.37221e+08
1.00939e+08	1.37343e+08
1.00979e+08	1.37463e+08
1.01019e+08	1.37584e+08
1.01059e+08	1.37703e+08
1.01099e+08	1.37823e+08
1.01139e+08	1.37942e+08
1.01178e+08	1.38061e+08
1.01218e+08	1.38179e+08
1.01257e+08	1.38297e+08
1.01296e+08	1.38414e+08
1.01335e+08	1.38531e+08
1.01374e+08	1.38648e+08
1.01413e+08	1.38764e+08
1.01451e+08	1.3888e+08
1.0149e+08	1.38995e+08
1.01528e+08	1.3911e+08
1.01566e+08	1.39225e+08
1.01604e+08	1.39339e+08
1.01642e+08	1.39453e+08
1.0168e+08	1.39566e+08
1.01718e+08	1.39679e+08
1.01755e+08	1.39792e+08
1.01793e+08	1.39904e+08
1.0183e+08	1.40016e+08
1.01867e+08	1.40127e+08
1.01904e+08	1.40239e+08
1.01941e+08	1.40349e+08
1.01978e+08	1.4046e+08
1.02015e+08	1.40569e+08
1.02051e+08	1.40679e+08
1.02087e+08	1.40788e+08
1.02124e+08	1.40897e+08
1.0216e+08	1.41005e+08
1.02196e+08	1.41113e+08
1.02232e+08	1.41221e+08
1.02268e+08	1.41328e+08
1.02303e+08	1.41435e+08
1.02339e+08	1.41542e+08
1.02374e+08	1.41648e+08
1.02409e+08	1.41754e+08
1.02444e+08	1.41859e+08
1.02479e+08	1.41964e+08
1.02514e+08	1.42069e+08
1.02549e+08	1.42173e+08
1.02584e+08	1.42277e+08
1.02618e+08	1.42381e+08
1.02653e+08	1.42484e+08
1.02687e+08	1.42587e+08
1.02721e+08	1.4269e+08
1.02755e+08	1.42792e+08
1.02789e+08	1.42894e+08
1.02823e+08	1.42995e+08
1.02857e+08	1.43096e+08
1.0289e+08	1.43197e+08
1.02924e+08	1.43297e+08
1.02957e+08	1.43398e+08
1.0299e+08	1.43497e+08
1.03024e+08	1.43597e+08
1.03057e+08	1.43696e+08
1.0309e+08	1.43794e+08
1.03122e+08	1.43893e+08
1.03155e+08	1.43991e+08
1.03188e+08	1.44088e+08
1.0322e+08	1.44186e+08
1.03252e+08	1.44283e+08
1.03285e+08	1.44379e+08
1.03317e+08	1.44476e+08
1.03349e+08	1.44572e+08
1.0338e+08	1.44667e+08
1.03412e+08	1.44763e+08
1.03444e+08	1.44858e+08
1.03475e+08	1.44952e+08
1.03507e+08	1.45047e+08
1.03538e+08	1.45141e+08
1.03569e+08	1.45234e+08
1.03601e+08	1.45328e+08
1.03632e+08	1.45421e+08
1.03662e+08	1.45513e+08
1.03693e+08	1.45606e+08
1.03724e+08	1.45698e+08
1.03755e+08	1.45789e+08
1.03785e+08	1.45881e+08
1.03815e+08	1.45972e+08
1.03846e+08	1.46063e+08
1.03876e+08	1.46153e+08
1.03906e+08	1.46243e+08
1.03936e+08	1.46333e+08
1.03966e+08	1.46423e+08
1.03995e+08	1.46512e+08
1.04025e+08	1.46601e+08
1.04054e+08	1.46689e+08
1.04084e+08	1.46778e+08
1.04113e+08	1.46866e+08
1.04142e+08	1.46953e+08
1.04172e+08	1.47041e+08
1.04201e+08	1.47128e+08
1.0423e+08	1.47214e+08
1.04258e+08	1.47301e+08
1.04287e+08	1.47387e+08
1.04316e+08	1.47473e+08
1.04344e+08	1.47558e+08
1.04373e+08	1.47644e+08
1.04401e+08	1.47729e+08
1.04429e+08	1.47813e+08
1.04457e+08	1.47898e+08
1.04485e+08	1.47982e+08
1.04513e+08	1.48065e+08
1.04541e+08	1.48149e+08
1.04569e+08	1.48232e+08
1.04596e+08	1.48315e+08
1.04624e+08	1.48398e+08
1.04651e+08	1.4848e+08
1.04679e+08	1.48562e+08
1.04706e+08	1.48644e+08
1.04733e+08	1.48725e+08
1.0476e+08	1.48807e+08
1.04787e+08	1.48888e+08
1.04814e+08	1.48968e+08
1.04841e+08	1.49049e+08
1.04868e+08	1.49129e+08
1.04894e+08	1.49208e+08
1.04921e+08	1.49288e+08
1.04947e+08	1.49367e+08
1.04973e+08	1.49446e+08
1.05e+08	1.49525e+08
1.05026e+08	1.49603e+08
1.05052e+08	1.49682e+08
1.05078e+08	1.49759e+08
1.05104e+08	1.49837e+08
1.0513e+08	1.49914e+08
1.05155e+08	1.49991e+08
1.05181e+08	1.50068e+08
1.05206e+08	1.50145e+08
1.05232e+08	1.50221e+08
1.05257e+08	1.50297e+08
1.05282e+08	1.50373e+08
1.05308e+08	1.50448e+08
1.05333e+08	1.50524e+08
1.05358e+08	1.50599e+08
1.05383e+08	1.50673e+08
1.05407e+08	1.50748e+08
1.05432e+08	1.50822e+08
1.05457e+08	1.50896e+08
1.05481e+08	1.5097e+08
1.05506e+08	1.51043e+08
1.0553e+08	1.51116e+08
1.05554e+08	1.51189e+08
1.05579e+08	1.51262e+08
1.05603e+08	1.51334e+08
1.05627e+08	1.51407e+08
1.05651e+08	1.51478e+08
1.05675e+08	1.5155e+08
1.05699e+08	1.51622e+08
1.05722e+08	1.51693e+08
1.05746e+08	1.51764e+08
1.0577e+08	1.51834e+08
1.05793e+08	1.51905e+08
1.05816e+08	1.51975e+08
1.0584e+08	1.52045e+08
1.05863e+08	1.52115e+08
1.05886e+08	1.52184e+08
1.05909e+08	1.52254e+08
1.05932e+08	1.52323e+08
1.05955e+08	1.52391e+08
1.05978e+08	1.5246e+08
1.06001e+08	1.52528e+08
1.06023e+08	1.52596e+08
1.06046e+08	1.52664e+08
1.06069e+08	1.52732e+08
1.06091e+08	1.52799e+08
1.06113e+08	1.52866e+08
1.06136e+08	1.52933e+08
1.06158e+08	1.53e+08
1.0618e+08	1.53066e+08
1.06202e+08	1.53132e+08
1.06224e+08	1.53198e+08
1.06246e+08	1.53264e+08
1.06268e+08	1.5333e+08
1.0629e+08	1.53395e+08
1.06311e+08	1.5346e+08
1.06333e+08	1.53525e+08
1.06355e+08	1.5359e+08
1.06376e+08	1.53654e+08
1.06397e+08	1.53718e+08
1.06419e+08	1.53782e+08
1.0644e+08	1.53846e+08
1.06461e+08	1.5391e+08
1.06482e+08	1.53973e+08
1.06503e+08	1.54036e+08
1.06524e+08	1.54099e+08
1.06545e+08	1.54162e+08
1.06566e+08	1.54224e+08
1.06587e+08	1.54286e+08
1.06608e+08	1.54348e+08
1.06628e+08	1.5441e+08
1.06649e+08	1.54472e+08
1.06669e+08	1.54533e+08
1.0669e+08	1.54594e+08
1.0671e+08	1.54655e+08
1.0673e+08	1.54716e+08
1.0675e+08	1.54777e+08
1.0677e+08	1.54837e+08
1.0679e+08	1.54897e+08
1.0681e+08	1.54957e+08
1.0683e+08	1.55017e+08
1.0685e+08	1.55077e+08
1.0687e+08	1.55136e+08
1.0689e+08	1.55195e+08
1.06909e+08	1.55254e+08
1.06929e+08	1.55313e+08
1.06948e+08	1.55371e+08
1.06968e+08	1.5543e+08
1.06987e+08	1.55488e+08
1.07007e+08	1.55546e+08
1.07026e+08	1.55604e+08
1.07045e+08	1.55661e+08
1.07064e+08	1.55718e+08
1.07083e+08	1.55776e+08
1.07102e+08	1.55833e+08
1.07121e+08	1.55889e+08
1.0714e+08	1.55946e+08
1.07159e+08	1.56002e+08
1.07178e+08	1.56059e+08
1.07196e+08	1.56115e+08
1.07215e+08	1.5617e+08
1.07233e+08	1.56226e+08
1.07252e+08	1.56282e+08
1.0727e+08	1.56337e+08
1.07289e+08	1.56392e+08
1.07307e+08	1.56447e+08
1.07325e+08	1.56502e+08
1.07343e+08	1.56556e+08
1.07362e+08	1.5661e+08
1.0738e+08	1.56665e+08
1.07398e+08	1.56719e+08
1.07415e+08	1.56772e+08
1.07433e+08	1.56826e+08
1.07451e+08	1.56879e+08
1.07469e+08	1.56933e+08
1.07487e+08	1.56986e+08
1.07504e+08	1.57039e+08
1.07522e+08	1.57091e+08
1.07539e+08	1.57144e+08
1.07557e+08	1.57196e+08
1.07574e+08	1.57248e+08
1.07592e+08	1.573e+08
1.07609e+08	1.57352e+08
1.07626e+08	1.57404e+08
1.07643e+08	1.57455e+08
1.0766e+08	1.57507e+08
1.07677e+08	1.57558e+08
1.07694e+08	1.57609e+08
1.07711e+08	1.5766e+08
1.07728e+08	1.5771e+08
1.07745e+08	1.57761e+08
1.07762e+08	1.57811e+08
1.07778e+08	1.57861e+08
1.07795e+08	1.57911e+08
1.07812e+08	1.57961e+08
1.07828e+08	1.58011e+08
1.07845e+08	1.5806e+08
1.07861e+08	1.58109e+08
1.07878e+08	1.58159e+08
1.07894e+08	1.58208e+08
1.0791e+08	1.58256e+08
1.07926e+08	1.58305e+08
1.07943e+08	1.58354e+08
1.07959e+08	1.58402e+08
1.07975e+08	1.5845e+08
1.07991e+08	1.58498e+08
1.08007e+08	1.58546e+08
1.08023e+08	1.58594e+08
1.08038e+08	1.58641e+08
1.08054e+08	1.58688e+08
1.0807e+08	1.58736e+08
1.08086e+08	1.58783e+08
1.08101e+08	1.5883e+08
1.08117e+08	1.58876e+08
1.08132e+08	1.58923e+08
1.08148e+08	1.58969e+08
1.08163e+08	1.59016e+08
1.08179e+08	1.59062e+08
1.08194e+08	1.59108e+08
1.08209e+08	1.59154e+08
1.08225e+08	1.59199e+08
1.0824e+08	1.59245e+08
1.08255e+08	1.5929e+08
1.0827e+08	1.59336e+08
1.08285e+08	1.59381e+08
1.083e+08	1.59426e+08
1.08315e+08	1.5947e+08
1.0833e+08	1.59515e+08
1.08345e+08	1.59559e+08
1.08359e+08	1.59604e+08
1.08374e+08	1.59648e+08
1.08389e+08	1.59692e+08
1.08403e+08	1.59736e+08
1.08418e+08	1.5978e+08
1.08433e+08	1.59823e+08
1.08447e+08	1.59867e+08
1.08461e+08	1.5991e+08
1.08476e+08	1.59953e+08
1.0849e+08	1.59996e+08
1.08505e+08	1.60039e+08
1.08519e+08	1.60082e+08
1.08533e+08	1.60125e+08
1.08547e+08	1.60167e+08
1.08561e+08	1.6021e+08
1.08575e+08	1.60252e+08
1.08589e+08	1.60294e+08
1.08603e+08	1.60336e+08
1.08617e+08	1.60378e+08
1.08631e+08	1.60419e+08
1.08645e+08	1.60461e+08
1.08659e+08	1.60502e+08
1.08673e+08	1.60544e+08
1.08686e+08	1.60585e+08
1.087e+08	1.60626e+08
1.08714e+08	1.60667e+08
1.08727e+08	1.60707e+08
1.08741e+08	1.60748e+08
1.08754e+08	1.60788e+08
1.08768e+08	1.60829e+08
1.08781e+08	1.60869e+08
1.08794e+08	1.60909e+08
1.08808e+08	1.60949e+08
1.08821e+08	1.60989e+08
1.08834e+08	1.61029e+08
1.08847e+08	1.61068e+08
1.08861e+08	1.61108e+08
1.08874e+08	1.61147e+08
1.08887e+08	1.61186e+08
1.089e+08	1.61225e+08
1.08913e+08	1.61264e+08
1.08926e+08	1.61303e+08
1.08939e+08	1.61342e+08
1.08951e+08	1.6138e+08
1.08964e+08	1.61419e+08
1.08977e+08	1.61457e+08
1.0899e+08	1.61495e+08
1.09002e+08	1.61533e+08
1.09015e+08	1.61571e+08
1.09028e+08	1.61609e+08
1.0904e+08	1.61647e+08
1.09053e+08	1.61684e+08
1.09065e+08	1.61722e+08
1.09078e+08	1.61759e+08
1.0909e+08	1.61796e+08
1.09103e+08	1.61833e+08
1.09115e+08	1.6187e+08
1.09127e+08	1.61907e+08
1.09139e+08	1.61944e+08
1.09152e+08	1.61981e+08
1.09164e+08	1.62017e+08
1.09176e+08	1.62054e+08
1.09188e+08	1.6209e+08
1.092e+08	1.62126e+08
1.09212e+08	1.62162e+08
1.09224e+08	1.62198e+08
1.09236e+08	1.62234e+08
1.09248e+08	1.6227e+08
1.0926e+08	1.62305e+08
1.09272e+08	1.62341e+08
1.09283e+08	1.62376e+08
1.09295e+08	1.62411e+08
1.09307e+08	1.62447e+08
1.09319e+08	1.62482e+08
1.0933e+08	1.62517e+08
1.09342e+08	1.62551e+08
1.09353e+08	1.62586e+08
1.09365e+08	1.62621e+08
1.09376e+08	1.62655e+08
1.09388e+08	1.6269e+08
1.09399e+08	1.62724e+08
1.09411e+08	1.62758e+08
1.09422e+08	1.62792e+08
1.09433e+08	1.62826e+08
1.09445e+08	1.6286e+08
1.09456e+08	1.62894e+08
1.09467e+08	1.62927e+08
1.09478e+08	1.62961e+08
1.0949e+08	1.62994e+08
1.09501e+08	1.63028e+08
1.09512e+08	1.63061e+08
1.09523e+08	1.63094e+08
1.09534e+08	1.63127e+08
1.09545e+08	1.6316e+08
1.09556e+08	1.63193e+08
1.09567e+08	1.63226e+08
1.09577e+08	1.63258e+08
1.09588e+08	1.63291e+08
1.09599e+08	1.63323e+08
1.0961e+08	1.63355e+08
1.09621e+08	1.63388e+08
1.09631e+08	1.6342e+08
1.09642e+08	1.63452e+08
1.09653e+08	1.63484e+08
1.09663e+08	1.63516e+08
1.09674e+08	1.63547e+08
1.09684e+08	1.63579e+08
1.09695e+08	1.6361e+08
1.09705e+08	1.63642e+08
1.09716e+08	1.63673e+08
1.09726e+08	1.63704e+08
1.09737e+08	1.63735e+08
1.09747e+08	1.63767e+08
1.09757e+08	1.63797e+08
1.09767e+08	1.63828e+08
1.09778e+08	1.63859e+08
1.09788e+08	1.6389e+08
1.09798e+08	1.6392e+08
1.09808e+08	1.63951e+08
1.09818e+08	1.63981e+08
1.09829e+08	1.64011e+08
1.09839e+08	1.64042e+08
1.09849e+08	1.64072e+08
1.09859e+08	1.64102e+08
1.09869e+08	1.64132e+08
1.09879e+08	1.64161e+08
1.09888e+08	1.64191e+08
1.09898e+08	1.64221e+08
1.09908e+08	1.6425e+08
1.09918e+08	1.6428e+08
1.09928e+08	1.64309e+08
1.09938e+08	1.64339e+08
1.09947e+08	1.64368e+08
1.09957e+08	1.64397e+08
1.09967e+08	1.64426e+08
1.09976e+08	1.64455e+08
1.09986e+08	1.64484e+08
1.09996e+08	1.64512e+08
1.10005e+08	1.64541e+08
1.10015e+08	1.6457e+08
1.10024e+08	1.64598e+08
1.10034e+08	1.64627e+08
1.10043e+08	1.64655e+08
1.10052e+08	1.64683e+08
1.10062e+08	1.64711e+08
1.10071e+08	1.64739e+08
1.10081e+08	1.64767e+08
1.1009e+08	1.64795e+08
1.10099e+08	1.64823e+08
1.10108e+08	1.64851e+08
1.10118e+08	1.64879e+08
1.10127e+08	1.64906e+08
1.10136e+08	1.64934e+08
1.10145e+08	1.64961e+08
1.10154e+08	1.64988e+08
1.10163e+08	1.65016e+08
1.10172e+08	1.65043e+08
1.10181e+08	1.6507e+08
1.1019e+08	1.65097e+08
1.10199e+08	1.65124e+08
1.10208e+08	1.65151e+08
1.10217e+08	1.65177e+08
1.10226e+08	1.65204e+08
1.10235e+08	1.65231e+08
1.10244e+08	1.65257e+08
1.10253e+08	1.65284e+08
1.10261e+08	1.6531e+08
1.1027e+08	1.65336e+08
1.10279e+08	1.65362e+08
1.10288e+08	1.65389e+08
1.10296e+08	1.65415e+08
1.10305e+08	1.65441e+08
1.10314e+08	1.65467e+08
1.10322e+08	1.65492e+08
1.10331e+08	1.65518e+08
1.10339e+08	1.65544e+08
1.10348e+08	1.65569e+08
1.10356e+08	1.65595e+08
1.10365e+08	1.6562e+08
1.10373e+08	1.65646e+08
1.10382e+08	1.65671e+08
1.1039e+08	1.65696e+08
1.10399e+08	1.65721e+08
1.10407e+08	1.65747e+08
1.10415e+08	1.65772e+08
1.10424e+08	1.65797e+08
1.10432e+08	1.65821e+08
1.1044e+08	1.65846e+08
1.10448e+08	1.65871e+08
1.10457e+08	1.65896e+08
1.10465e+08	1.6592e+08
1.10473e+08	1.65945e+08
1.10481e+08	1.65969e+08
1.10489e+08	1.65993e+08
1.10497e+08	1.66018e+08
1.10505e+08	1.66042e+08
1.10513e+08	1.66066e+08
1.10521e+08	1.6609e+08
1.10529e+08	1.66114e+08
1.10537e+08	1.66138e+08
1.10545e+08	1.66162e+08
1.10553e+08	1.66186e+08
1.10561e+08	1.6621e+08
1.10569e+08	1.66233e+08
1.10577e+08	1.66257e+08
1.10585e+08	1.6628e+08
1.10593e+08	1.66304e+08
1.106e+08	1.66327e+08
1.10608e+08	1.66351e+08
1.10616e+08	1.66374e+08
1.10624e+08	1.66397e+08
1.10631e+08	1.6642e+08
1.10639e+08	1.66443e+08
1.10647e+08	1.66466e+08
1.10654e+08	1.66489e+08
1.10662e+08	1.66512e+08
1.1067e+08	1.66535e+08
1.10677e+08	1.66558e+08
1.10685e+08	1.6658e+08
1.10692e+08	1.66603e+08
1.107e+08	1.66625e+08
1.10707e+08	1.66648e+08
1.10715e+08	1.6667e+08
1.10722e+08	1.66693e+08
1.1073e+08	1.66715e+08
1.10737e+08	1.66737e+08
1.10744e+08	1.66759e+08
1.10752e+08	1.66781e+08
1.10759e+08	1.66803e+08
1.10767e+08	1.66825e+08
1.10774e+08	1.66847e+08
1.10781e+08	1.66869e+08
1.10788e+08	1.66891e+08
1.10796e+08	1.66913e+08
1.10803e+08	1.66934e+08
1.1081e+08	1.66956e+08
1.10817e+08	1.66978e+08
1.10824e+08	1.66999e+08
1.10832e+08	1.6702e+08
1.10839e+08	1.67042e+08
1.10846e+08	1.67063e+08
1.10853e+08	1.67084e+08
1.1086e+08	1.67106e+08
1.10867e+08	1.67127e+08
1.10874e+08	1.67148e+08
1.10881e+08	1.67169e+08
1.10888e+08	1.6719e+08
1.10895e+08	1.67211e+08
1.10902e+08	1.67231e+08
1.10909e+08	1.67252e+08
1.10916e+08	1.67273e+08
1.10923e+08	1.67294e+08
1.10929e+08	1.67314e+08
1.10936e+08	1.67335e+08
1.10943e+08	1.67355e+08
1.1095e+08	1.67376e+08
1.10957e+08	1.67396e+08
1.10964e+08	1.67416e+08
1.1097e+08	1.67437e+08
1.10977e+08	1.67457e+08
1.10984e+08	1.67477e+08
1.1099e+08	1.67497e+08
1.10997e+08	1.67517e+08
1.11004e+08	1.67537e+08
1.1101e+08	1.67557e+08
1.11017e+08	1.67577e+08
1.11024e+08	1.67597e+08
1.1103e+08	1.67617e+08
1.11037e+08	1.67636e+08
1.11043e+08	1.67656e+08
1.1105e+08	1.67676e+08
1.11056e+08	1.67695e+08
1.11063e+08	1.67715e+08
1.11069e+08	1.67734e+08
1.11076e+08	1.67754e+08
1.11082e+08	1.67773e+08
1.11089e+08	1.67792e+08
1.11095e+08	1.67812e+08
1.11102e+08	1.67831e+08
1.11108e+08	1.6785e+08
1.11114e+08	1.67869e+08
1.11121e+08	1.67888e+08
1.11127e+08	1.67907e+08
1.11133e+08	1.67926e+08
1.1114e+08	1.67945e+08
1.11146e+08	1.67964e+08
1.11152e+08	1.67982e+08
1.11158e+08	1.68001e+08
1.11165e+08	1.6802e+08
1.11171e+08	1.68038e+08
1.11177e+08	1.68057e+08
1.11183e+08	1.68076e+08
1.11189e+08	1.68094e+08
1.11196e+08	1.68112e+08
1.11202e+08	1.68131e+08
1.11208e+08	1.68149e+08
1.11214e+08	1.68167e+08
1.1122e+08	1.68186e+08
1.11226e+08	1.68204e+08
1.11232e+08	1.68222e+08
1.11238e+08	1.6824e+08
1.11244e+08	1.68258e+08
1.1125e+08	1.68276e+08
1.11256e+08	1.68294e+08
1.11262e+08	1.68312e+08
1.11268e+08	1.6833e+08
1.11274e+08	1.68348e+08
1.1128e+08	1.68365e+08
1.11286e+08	1.68383e+08
1.11292e+08	1.68401e+08
1.11298e+08	1.68418e+08
1.11303e+08	1.68436e+08
1.11309e+08	1.68454e+08
1.11315e+08	1.68471e+08
1.11321e+08	1.68488e+08
1.11327e+08	1.68506e+08
1.11332e+08	1.68523e+08
1.11338e+08	1.68541e+08
1.11344e+08	1.68558e+08
1.1135e+08	1.68575e+08
1.11355e+08	1.68592e+08
1.11361e+08	1.68609e+08
1.11367e+08	1.68626e+08
1.11373e+08	1.68643e+08
1.11378e+08	1.6866e+08
1.11384e+08	1.68677e+08
1.11389e+08	1.68694e+08
1.11395e+08	1.68711e+08
1.11401e+08	1.68728e+08
1.11406e+08	1.68745e+08
1.11412e+08	1.68761e+08
1.11417e+08	1.68778e+08
1.11423e+08	1.68795e+08
1.11428e+08	1.68811e+08
1.11434e+08	1.68828e+08
1.11439e+08	1.68844e+08
1.11445e+08	1.68861e+08
1.1145e+08	1.68877e+08
1.11456e+08	1.68894e+08
1.11461e+08	1.6891e+08
1.11467e+08	1.68926e+08
1.11472e+08	1.68942e+08
1.11478e+08	1.68959e+08
1.11483e+08	1.68975e+08
1.11488e+08	1.68991e+08
1.11494e+08	1.69007e+08
1.11499e+08	1.69023e+08
1.11504e+08	1.69039e+08
1.1151e+08	1.69055e+08
1.11515e+08	1.69071e+08
1.1152e+08	1.69087e+08
1.11526e+08	1.69103e+08
1.11531e+08	1.69119e+08
1.11536e+08	1.69134e+08
1.11541e+08	1.6915e+08
1.11547e+08	1.69166e+08
1.11552e+08	1.69181e+08
1.11557e+08	1.69197e+08
1.11562e+08	1.69213e+08
1.11567e+08	1.69228e+08
1.11573e+08	1.69244e+08
1.11578e+08	1.69259e+08
1.11583e+08	1.69274e+08
1.11588e+08	1.6929e+08
1.11593e+08	1.69305e+08
1.11598e+08	1.6932e+08
1.11603e+08	1.69336e+08
1.11608e+08	1.69351e+08
1.11613e+08	1.69366e+08
1.11618e+08	1.69381e+08
1.11624e+08	1.69396e+08
1.11629e+08	1.69411e+08
1.11634e+08	1.69426e+08
1.11639e+08	1.69441e+08
1.11644e+08	1.69456e+08
1.11648e+08	1.69471e+08
1.11653e+08	1.69486e+08
1.11658e+08	1.69501e+08
1.11663e+08	1.69516e+08
1.11668e+08	1.69531e+08
1.11673e+08	1.69545e+08
1.11678e+08	1.6956e+08
1.11683e+08	1.69575e+08
1.11688e+08	1.69589e+08
1.11693e+08	1.69604e+08
1.11698e+08	1.69618e+08
1.11702e+08	1.69633e+08
1.11707e+08	1.69647e+08
1.11712e+08	1.69662e+08
1.11717e+08	1.69676e+08
1.11722e+08	1.69691e+08
1.11726e+08	1.69705e+08
1.11731e+08	1.69719e+08
1.11736e+08	1.69734e+08
1.11741e+08	1.69748e+08
1.11745e+08	1.69762e+08
1.1175e+08	1.69776e+08
1.11755e+08	1.6979e+08
1.1176e+08	1.69804e+08
1.11764e+08	1.69818e+08
1.11769e+08	1.69832e+08
1.11774e+08	1.69846e+08
1.11778e+08	1.6986e+08
1.11783e+08	1.69874e+08
1.11787e+08	1.69888e+08
1.11792e+08	1.69902e+08
1.11797e+08	1.69916e+08
1.11801e+08	1.6993e+08
1.11806e+08	1.69943e+08
1.1181e+08	1.69957e+08
1.11815e+08	1.69971e+08
1.1182e+08	1.69985e+08
1.11824e+08	1.69998e+08
1.11829e+08	1.70012e+08
1.11833e+08	1.70025e+08
1.11838e+08	1.70039e+08
1.11842e+08	1.70052e+08
1.11847e+08	1.70066e+08
1.11851e+08	1.70079e+08
1.11856e+08	1.70093e+08
1.1186e+08	1.70106e+08
1.11864e+08	1.70119e+08
1.11869e+08	1.70133e+08
1.11873e+08	1.70146e+08
1.11878e+08	1.70159e+08
1.11882e+08	1.70172e+08
1.11887e+08	1.70185e+08
1.11891e+08	1.70199e+08
1.11895e+08	1.70212e+08
1.119e+08	1.70225e+08
1.11904e+08	1.70238e+08
1.11908e+08	1.70251e+08
1.11913e+08	1.70264e+08
1.11917e+08	1.70277e+08
1.11921e+08	1.7029e+08
1.11926e+08	1.70303e+08
1.1193e+08	1.70316e+08
1.11934e+08	1.70328e+08
1.11938e+08	1.70341e+08
1.11943e+08	1.70354e+08
1.11947e+08	1.70367e+08
1.11951e+08	1.70379e+08
1.11955e+08	1.70392e+08
1.1196e+08	1.70405e+08
1.11964e+08	1.70417e+08
1.11968e+08	1.7043e+08
1.11972e+08	1.70443e+08
1.11976e+08	1.70455e+08
1.11981e+08	1.70468e+08
1.11985e+08	1.7048e+08
1.11989e+08	1.70493e+08
1.11993e+08	1.70505e+08
1.11997e+08	1.70517e+08
1.12001e+08	1.7053e+08
1.12005e+08	1.70542e+08
1.12009e+08	1.70554e+08
1.12014e+08	1.70567e+08
1.12018e+08	1.70579e+08
1.12022e+08	1.70591e+08
1.12026e+08	1.70603e+08
1.1203e+08	1.70615e+08
1.12034e+08	1.70628e+08
1.12038e+08	1.7064e+08
1.12042e+08	1.70652e+08
1.12046e+08	1.70664e+08
1.1205e+08	1.70676e+08
1.12054e+08	1.70688e+08
1.12058e+08	1.707e+08
1.12062e+08	1.70712e+08
1.12066e+08	1.70724e+08
1.1207e+08	1.70736e+08
1.12074e+08	1.70747e+08
1.12078e+08	1.70759e+08
1.12082e+08	1.70771e+08
1.12086e+08	1.70783e+08
1.1209e+08	1.70795e+08
1.12093e+08	1.70806e+08
1.12097e+08	1.70818e+08
1.12101e+08	1.7083e+08
1.12105e+08	1.70841e+08
1.12109e+08	1.70853e+08
1.12113e+08	1.70865e+08
1.12117e+08	1.70876e+08
1.12121e+08	1.70888e+08
1.12124e+08	1.70899e+08
1.12128e+08	1.70911e+08
1.12132e+08	1.70922e+08
1.12136e+08	1.70934e+08
1.1214e+08	1.70945e+08
1.12143e+08	1.70956e+08
1.12147e+08	1.70968e+08
1.12151e+08	1.70979e+08
1.12155e+08	1.7099e+08
1.12159e+08	1.71002e+08
1.12162e+08	1.71013e+08
1.12166e+08	1.71024e+08
1.1217e+08	1.71035e+08
1.12174e+08	1.71046e+08
1.12177e+08	1.71058e+08
1.12181e+08	1.71069e+08
1.12185e+08	1.7108e+08
1.12188e+08	1.71091e+08
1.12192e+08	1.71102e+08
1.12196e+08	1.71113e+08
1.12199e+08	1.71124e+08
1.12203e+08	1.71135e+08
1.12207e+08	1.71146e+08
1.1221e+08	1.71157e+08
1.12214e+08	1.71168e+08
1.12218e+08	1.71179e+08
1.12221e+08	1.7119e+08
1.12225e+08	1.712e+08
1.12228e+08	1.71211e+08
1.12232e+08	1.71222e+08
1.12236e+08	1.71233e+08
1.12239e+08	1.71244e+08
1.12243e+08	1.71254e+08
1.12246e+08	1.71265e+08
1.1225e+08	1.71276e+08
1.12253e+08	1.71286e+08
1.12257e+08	1.71297e+08
1.12261e+08	1.71307e+08
1.12264e+08	1.71318e+08
1.12268e+08	1.71329e+08
1.12271e+08	1.71339e+08
1.12275e+08	1.7135e+08
1.12278e+08	1.7136e+08
1.12282e+08	1.71371e+08
1.12285e+08	1.71381e+08
1.12289e+08	1.71391e+08
1.12292e+08	1.71402e+08
1.12295e+08	1.71412e+08
1.12299e+08	1.71423e+08
1.12302e+08	1.71433e+08
1.12306e+08	1.71443e+08
1.12309e+08	1.71454e+08
1.12313e+08	1.71464e+08
1.12316e+08	1.71474e+08
1.12319e+08	1.71484e+08
1.12323e+08	1.71494e+08
1.12326e+08	1.71505e+08
1.1233e+08	1.71515e+08
1.12333e+08	1.71525e+08
1.12336e+08	1.71535e+08
1.1234e+08	1.71545e+08
1.12343e+08	1.71555e+08
1.12346e+08	1.71565e+08
1.1235e+08	1.71575e+08
1.12353e+08	1.71585e+08
1.12356e+08	1.71595e+08
1.1236e+08	1.71605e+08
1.12363e+08	1.71615e+08
1.12366e+08	1.71625e+08
1.1237e+08	1.71635e+08
1.12373e+08	1.71645e+08
1.12376e+08	1.71655e+08
1.1238e+08	1.71664e+08
1.12383e+08	1.71674e+08
1.12386e+08	1.71684e+08
1.12389e+08	1.71694e+08
1.12393e+08	1.71704e+08
1.12396e+08	1.71713e+08
1.12399e+08	1.71723e+08
1.12402e+08	1.71733e+08
1.12405e+08	1.71742e+08
1.12409e+08	1.71752e+08
1.12412e+08	1.71762e+08
1.12415e+08	1.71771e+08
1.12418e+08	1.71781e+08
1.12422e+08	1.7179e+08
1.12425e+08	1.718e+08
1.12428e+08	1.71809e+08
1.12431e+08	1.71819e+08
1.12434e+08	1.71828e+08
1.12437e+08	1.71838e+08
1.1244e+08	1.71847e+08
1.12444e+08	1.71857e+08
1.12447e+08	1.71866e+08
1.1245e+08	1.71875e+08
1.12453e+08	1.71885e+08
1.12456e+08	1.71894e+08
1.12459e+08	1.71904e+08
1.12462e+08	1.71913e+08
1.12465e+08	1.71922e+08
1.12469e+08	1.71931e+08
1.12472e+08	1.71941e+08
1.12475e+08	1.7195e+08
1.12478e+08	1.71959e+08
1.12481e+08	1.71968e+08
1.12484e+08	1.71977e+08
1.12487e+08	1.71987e+08
1.1249e+08	1.71996e+08
1.12493e+08	1.72005e+08
1.12496e+08	1.72014e+08
1.12499e+08	1.72023e+08
1.12502e+08	1.72032e+08
1.12505e+08	1.72041e+08
1.12508e+08	1.7205e+08
1.12511e+08	1.72059e+08
1.12514e+08	1.72068e+08
1.12517e+08	1.72077e+08
1.1252e+08	1.72086e+08
1.12523e+08	1.72095e+08
1.12526e+08	1.72104e+08
1.12529e+08	1.72113e+08
1.12532e+08	1.72122e+08
1.12535e+08	1.7213e+08
1.12538e+08	1.72139e+08
1.12541e+08	1.72148e+08
1.12544e+08	1.72157e+08
1.12547e+08	1.72166e+08
1.1255e+08	1.72174e+08
1.12552e+08	1.72183e+08
1.12555e+08	1.72192e+08
1.12558e+08	1.72201e+08
1.12561e+08	1.72209e+08
1.12564e+08	1.72218e+08
1.12567e+08	1.72227e+08
1.1257e+08	1.72235e+08
1.12573e+08	1.72244e+08
1.12576e+08	1.72253e+08
1.12578e+08	1.72261e+08
1.12581e+08	1.7227e+08
1.12584e+08	1.72278e+08
1.12587e+08	1.72287e+08
1.1259e+08	1.72295e+08
1.12593e+08	1.72304e+08
1.12595e+08	1.72312e+08
1.12598e+08	1.72321e+08
1.12601e+08	1.72329e+08
1.12604e+08	1.72338e+08
1.12607e+08	1.72346e+08
1.1261e+08	1.72354e+08
1.12612e+08	1.72363e+08
1.12615e+08	1.72371e+08
1.12618e+08	1.7238e+08
1.12621e+08	1.72388e+08
1.12623e+08	1.72396e+08
1.12626e+08	1.72405e+08
1.12629e+08	1.72413e+08
1.12632e+08	1.72421e+08
1.12634e+08	1.72429e+08
1.12637e+08	1.72438e+08
1.1264e+08	1.72446e+08
1.12643e+08	1.72454e+08
1.12645e+08	1.72462e+08
1.12648e+08	1.7247e+08
1.12651e+08	1.72478e+08
1.12654e+08	1.72487e+08
1.12656e+08	1.72495e+08
1.12659e+08	1.72503e+08
1.12662e+08	1.72511e+08
1.12664e+08	1.72519e+08
1.12667e+08	1.72527e+08
1.1267e+08	1.72535e+08
1.12672e+08	1.72543e+08
1.12675e+08	1.72551e+08
1.12678e+08	1.72559e+08
1.1268e+08	1.72567e+08
1.12683e+08	1.72575e+08
1.12686e+08	1.72583e+08
1.12688e+08	1.72591e+08
1.12691e+08	1.72599e+08
1.12694e+08	1.72607e+08
1.12696e+08	1.72615e+08
1.12699e+08	1.72622e+08
1.12702e+08	1.7263e+08
1.12704e+08	1.72638e+08
1.12707e+08	1.72646e+08
1.12709e+08	1.72654e+08
1.12712e+08	1.72662e+08
1.12715e+08	1.72669e+08
1.12717e+08	1.72677e+08
1.1272e+08	1.72685e+08
1.12722e+08	1.72693e+08
1.12725e+08	1.727e+08
1.12727e+08	1.72708e+08
1.1273e+08	1.72716e+08
1.12733e+08	1.72723e+08
1.12735e+08	1.72731e+08
1.12738e+08	1.72739e+08
1.1274e+08	1.72746e+08
1.12743e+08	1.72754e+08
1.12745e+08	1.72762e+08
1.12748e+08	1.72769e+08
1.1275e+08	1.72777e+08
1.12753e+08	1.72784e+08
1.12755e+08	1.72792e+08
1.12758e+08	1.72799e+08
1.1276e+08	1.72807e+08
1.12763e+08	1.72814e+08
1.12765e+08	1.72822e+08
1.12768e+08	1.72829e+08
1.1277e+08	1.72837e+08
1.12773e+08	1.72844e+08
1.12775e+08	1.72852e+08
1.12778e+08	1.72859e+08
1.1278e+08	1.72866e+08
1.12783e+08	1.72874e+08
1.12785e+08	1.72881e+08
1.12788e+08	1.72888e+08
1.1279e+08	1.72896e+08
1.12792e+08	1.72903e+08
1.12795e+08	1.7291e+08
1.12797e+08	1.72918e+08
1.128e+08	1.72925e+08
1.12802e+08	1.72932e+08
1.12805e+08	1.7294e+08
1.12807e+08	1.72947e+08
1.12809e+08	1.72954e+08
1.12812e+08	1.72961e+08
1.12814e+08	1.72968e+08
1.12817e+08	1.72976e+08
1.12819e+08	1.72983e+08
1.12821e+08	1.7299e+08
1.12824e+08	1.72997e+08
1.12826e+08	1.73004e+08
1.12829e+08	1.73011e+08
1.12831e+08	1.73018e+08
1.12833e+08	1.73026e+08
1.12836e+08	1.73033e+08
1.12838e+08	1.7304e+08
1.1284e+08	1.73047e+08
1.12843e+08	1.73054e+08
1.12845e+08	1.73061e+08
1.12847e+08	1.73068e+08
1.1285e+08	1.73075e+08
1.12852e+08	1.73082e+08
1.12854e+08	1.73089e+08
1.12857e+08	1.73096e+08
1.12859e+08	1.73103e+08
1.12861e+08	1.7311e+08
1.12864e+08	1.73117e+08
1.12866e+08	1.73123e+08
1.12868e+08	1.7313e+08
1.1287e+08	1.73137e+08
1.12873e+08	1.73144e+08
1.12875e+08	1.73151e+08
1.12877e+08	1.73158e+08
1.1288e+08	1.73165e+08
1.12882e+08	1.73171e+08
1.12884e+08	1.73178e+08
1.12886e+08	1.73185e+08
1.12889e+08	1.73192e+08
1.12891e+08	1.73199e+08
1.12893e+08	1.73205e+08
1.12895e+08	1.73212e+08
1.12898e+08	1.73219e+08
1.129e+08	1.73226e+08
1.12902e+08	1.73232e+08
1.12904e+08	1.73239e+08
1.12907e+08	1.73246e+08
1.12909e+08	1.73252e+08
1.12911e+08	1.73259e+08
1.12913e+08	1.73266e+08
1.12915e+08	1.73272e+08
1.12918e+08	1.73279e+08
1.1292e+08	1.73285e+08
1.12922e+08	1.73292e+08
1.12924e+08	1.73299e+08
1.12926e+08	1.73305e+08
1.12929e+08	1.73312e+08
1.12931e+08	1.73318e+08
1.12933e+08	1.73325e+08
1.12935e+08	1.73331e+08
1.12937e+08	1.73338e+08
1.1294e+08	1.73344e+08
1.12942e+08	1.73351e+08
1.12944e+08	1.73357e+08
1.12946e+08	1.73364e+08
1.12948e+08	1.7337e+08
1.1295e+08	1.73377e+08
1.12952e+08	1.73383e+08
1.12955e+08	1.7339e+08
1.12957e+08	1.73396e+08
1.12959e+08	1.73402e+08
1.12961e+08	1.73409e+08
1.12963e+08	1.73415e+08
1.12965e+08	1.73421e+08
1.12967e+08	1.73428e+08
1.12969e+08	1.73434e+08
1.12972e+08	1.7344e+08
1.12974e+08	1.73447e+08
1.12976e+08	1.73453e+08
1.12978e+08	1.73459e+08
1.1298e+08	1.73466e+08
1.12982e+08	1.73472e+08
1.12984e+08	1.73478e+08
1.12986e+08	1.73484e+08
1.12988e+08	1.73491e+08
1.1299e+08	1.73497e+08
1.12992e+08	1.73503e+08
1.12994e+08	1.73509e+08
1.12997e+08	1.73515e+08
1.12999e+08	1.73522e+08
1.13001e+08	1.73528e+08
1.13003e+08	1.73534e+08
1.13005e+08	1.7354e+08
1.13007e+08	1.73546e+08
1.13009e+08	1.73552e+08
1.13011e+08	1.73558e+08
1.13013e+08	1.73565e+08
1.13015e+08	1.73571e+08
1.13017e+08	1.73577e+08
1.13019e+08	1.73583e+08
1.13021e+08	1.73589e+08
1.13023e+08	1.73595e+08
1.13025e+08	1.73601e+08
1.13027e+08	1.73607e+08
1.13029e+08	1.73613e+08
1.13031e+08	1.73619e+08
1.13033e+08	1.73625e+08
1.13035e+08	1.73631e+08
1.13037e+08	1.73637e+08
1.13039e+08	1.73643e+08
1.13041e+08	1.73649e+08
1.13043e+08	1.73655e+08
1.13045e+08	1.73661e+08
1.13047e+08	1.73667e+08
1.13049e+08	1.73673e+08
1.13051e+08	1.73678e+08
1.13053e+08	1.73684e+08
1.13055e+08	1.7369e+08
1.13057e+08	1.73696e+08
1.13059e+08	1.73702e+08
1.13061e+08	1.73708e+08
1.13063e+08	1.73714e+08
1.13065e+08	1.73719e+08
1.13066e+08	1.73725e+08
1.13068e+08	1.73731e+08
1.1307e+08	1.73737e+08
1.13072e+08	1.73743e+08
1.13074e+08	1.73748e+08
1.13076e+08	1.73754e+08
1.13078e+08	1.7376e+08
1.1308e+08	1.73766e+08
1.13082e+08	1.73771e+08
1.13084e+08	1.73777e+08
1.13086e+08	1.73783e+08
1.13088e+08	1.73789e+08
1.13089e+08	1.73794e+08
1.13091e+08	1.738e+08
1.13093e+08	1.73806e+08
1.13095e+08	1.73811e+08
1.13097e+08	1.73817e+08
1.13099e+08	1.73823e+08
1.13101e+08	1.73828e+08
1.13103e+08	1.73834e+08
1.13105e+08	1.73839e+08
1.13106e+08	1.73845e+08
1.13108e+08	1.73851e+08
1.1311e+08	1.73856e+08
1.13112e+08	1.73862e+08
1.13114e+08	1.73867e+08
1.13116e+08	1.73873e+08
1.13118e+08	1.73878e+08
1.13119e+08	1.73884e+08
1.13121e+08	1.73889e+08
1.13123e+08	1.73895e+08
1.13125e+08	1.739e+08
1.13127e+08	1.73906e+08
1.13129e+08	1.73911e+08
1.1313e+08	1.73917e+08
1.13132e+08	1.73922e+08
1.13134e+08	1.73928e+08
1.13136e+08	1.73933e+08
1.13138e+08	1.73939e+08
1.13139e+08	1.73944e+08
1.13141e+08	1.7395e+08
1.13143e+08	1.73955e+08
1.13145e+08	1.7396e+08
1.13147e+08	1.73966e+08
1.13148e+08	1.73971e+08
1.1315e+08	1.73977e+08
1.13152e+08	1.73982e+08
1.13154e+08	1.73987e+08
1.13156e+08	1.73993e+08
1.13157e+08	1.73998e+08
1.13159e+08	1.74003e+08
1.13161e+08	1.74009e+08
1.13163e+08	1.74014e+08
1.13164e+08	1.74019e+08
1.13166e+08	1.74025e+08
1.13168e+08	1.7403e+08
1.1317e+08	1.74035e+08
1.13172e+08	1.7404e+08
1.13173e+08	1.74046e+08
1.13175e+08	1.74051e+08
1.13177e+08	1.74056e+08
1.13179e+08	1.74061e+08
1.1318e+08	1.74067e+08
1.13182e+08	1.74072e+08
1.13184e+08	1.74077e+08
1.13185e+08	1.74082e+08
1.13187e+08	1.74087e+08
1.13189e+08	1.74093e+08
1.13191e+08	1.74098e+08
1.13192e+08	1.74103e+08
1.13194e+08	1.74108e+08
1.13196e+08	1.74113e+08
1.13197e+08	1.74118e+08
1.13199e+08	1.74123e+08
1.13201e+08	1.74129e+08
1.13203e+08	1.74134e+08
1.13204e+08	1.74139e+08
1.13206e+08	1.74144e+08
1.13208e+08	1.74149e+08
1.13209e+08	1.74154e+08
1.13211e+08	1.74159e+08
1.13213e+08	1.74164e+08
1.13214e+08	1.74169e+08
1.13216e+08	1.74174e+08
1.13218e+08	1.74179e+08
1.13219e+08	1.74184e+08
1.13221e+08	1.74189e+08
1.13223e+08	1.74194e+08
1.13224e+08	1.74199e+08
1.13226e+08	1.74204e+08
1.13228e+08	1.74209e+08
1.13229e+08	1.74214e+08
1.13231e+08	1.74219e+08
1.13233e+08	1.74224e+08
1.13234e+08	1.74229e+08
1.13236e+08	1.74234e+08
1.13238e+08	1.74239e+08
1.13239e+08	1.74244e+08
1.13241e+08	1.74249e+08
1.13243e+08	1.74254e+08
1.13244e+08	1.74259e+08
1.13246e+08	1.74263e+08
1.13248e+08	1.74268e+08
1.13249e+08	1.74273e+08
1.13251e+08	1.74278e+08
1.13252e+08	1.74283e+08
1.13254e+08	1.74288e+08
1.13256e+08	1.74293e+08
1.13257e+08	1.74297e+08
1.13259e+08	1.74302e+08
1.1326e+08	1.74307e+08
1.13262e+08	1.74312e+08
1.13264e+08	1.74317e+08
1.13265e+08	1.74321e+08
1.13267e+08	1.74326e+08
1.13268e+08	1.74331e+08
1.1327e+08	1.74336e+08
1.13272e+08	1.74341e+08
1.13273e+08	1.74345e+08
1.13275e+08	1.7435e+08
1.13276e+08	1.74355e+08
1.13278e+08	1.7436e+08
1.13279e+08	1.74364e+08
1.13281e+08	1.74369e+08
1.13283e+08	1.74374e+08
1.13284e+08	1.74378e+08
1.13286e+08	1.74383e+08
1.13287e+08	1.74388e+08
1.13289e+08	1.74392e+08
1.1329e+08	1.74397e+08
1.13292e+08	1.74402e+08
1.13294e+08	1.74406e+08
1.13295e+08	1.74411e+08
1.13297e+08	1.74416e+08
1.13298e+08	1.7442e+08
1.133e+08	1.74425e+08
1.13301e+08	1.74429e+08
1.13303e+08	1.74434e+08
1.13304e+08	1.74439e+08
1.13306e+08	1.74443e+08
1.13307e+08	1.74448e+08
1.13309e+08	1.74452e+08
1.1331e+08	1.74457e+08
1.13312e+08	1.74462e+08
1.13313e+08	1.74466e+08
1.13315e+08	1.74471e+08
1.13316e+08	1.74475e+08
1.13318e+08	1.7448e+08
1.13319e+08	1.74484e+08
1.13321e+08	1.74489e+08
1.13322e+08	1.74493e+08
1.13324e+08	1.74498e+08
1.13325e+08	1.74502e+08
1.13327e+08	1.74507e+08
1.13328e+08	1.74511e+08
1.1333e+08	1.74516e+08
1.13331e+08	1.7452e+08
1.13333e+08	1.74525e+08
1.13334e+08	1.74529e+08
1.13336e+08	1.74533e+08
1.13337e+08	1.74538e+08
1.13339e+08	1.74542e+08
1.1334e+08	1.74547e+08
1.13342e+08	1.74551e+08
1.13343e+08	1.74556e+08
1.13345e+08	1.7456e+08
1.13346e+08	1.74564e+08
1.13348e+08	1.74569e+08
1.13349e+08	1.74573e+08
1.13351e+08	1.74577e+08
1.13352e+08	1.74582e+08
1.13353e+08	1.74586e+08
1.13355e+08	1.74591e+08
1.13356e+08	1.74595e+08
1.13358e+08	1.74599e+08
1.13359e+08	1.74603e+08
1.13361e+08	1.74608e+08
1.13362e+08	1.74612e+08
1.13364e+08	1.74616e+08
1.13365e+08	1.74621e+08
1.13366e+08	1.74625e+08
1.13368e+08	1.74629e+08
1.13369e+08	1.74634e+08
1.13371e+08	1.74638e+08
1.13372e+08	1.74642e+08
1.13374e+08	1.74646e+08
1.13375e+08	1.74651e+08
1.13376e+08	1.74655e+08
1.13378e+08	1.74659e+08
1.13379e+08	1.74663e+08
1.13381e+08	1.74668e+08
1.13382e+08	1.74672e+08
1.13383e+08	1.74676e+08
1.13385e+08	1.7468e+08
1.13386e+08	1.74684e+08
1.13388e+08	1.74689e+08
1.13389e+08	1.74693e+08
1.1339e+08	1.74697e+08
1.13392e+08	1.74701e+08
1.13393e+08	1.74705e+08
1.13395e+08	1.74709e+08
1.13396e+08	1.74714e+08
1.13397e+08	1.74718e+08
1.13399e+08	1.74722e+08
1.134e+08	1.74726e+08
1.13401e+08	1.7473e+08
1.13403e+08	1.74734e+08
1.13404e+08	1.74738e+08
1.13406e+08	1.74742e+08
1.13407e+08	1.74746e+08
1.13408e+08	1.74751e+08
1.1341e+08	1.74755e+08
1.13411e+08	1.74759e+08
1.13412e+08	1.74763e+08
1.13414e+08	1.74767e+08
1.13415e+08	1.74771e+08
1.13416e+08	1.74775e+08
1.13418e+08	1.74779e+08
1.13419e+08	1.74783e+08
1.1342e+08	1.74787e+08
1.13422e+08	1.74791e+08
1.13423e+08	1.74795e+08
1.13424e+08	1.74799e+08
1.13426e+08	1.74803e+08
1.13427e+08	1.74807e+08
1.13428e+08	1.74811e+08
1.1343e+08	1.74815e+08
1.13431e+08	1.74819e+08
1.13432e+08	1.74823e+08
1.13434e+08	1.74827e+08
1.13435e+08	1.74831e+08
1.13436e+08	1.74835e+08
1.13438e+08	1.74839e+08
1.13439e+08	1.74843e+08
1.1344e+08	1.74847e+08
1.13442e+08	1.74851e+08
1.13443e+08	1.74855e+08
1.13444e+08	1.74858e+08
1.13446e+08	1.74862e+08
1.13447e+08	1.74866e+08
1.13448e+08	1.7487e+08
1.13449e+08	1.74874e+08
1.13451e+08	1.74878e+08
1.13452e+08	1.74882e+08
1.13453e+08	1.74886e+08
1.13455e+08	1.7489e+08
1.13456e+08	1.74893e+08
1.13457e+08	1.74897e+08
1.13458e+08	1.74901e+08
1.1346e+08	1.74905e+08
1.13461e+08	1.74909e+08
1.13462e+08	1.74913e+08
1.13464e+08	1.74916e+08
1.13465e+08	1.7492e+08
1.13466e+08	1.74924e+08
1.13467e+08	1.74928e+08
1.13469e+08	1.74932e+08
1.1347e+08	1.74935e+08
1.13471e+08	1.74939e+08
1.13472e+08	1.74943e+08
1.13474e+08	1.74947e+08
1.13475e+08	1.74951e+08
1.13476e+08	1.74954e+08
1.13477e+08	1.74958e+08
1.13479e+08	1.74962e+08
1.1348e+08	1.74966e+08
1.13481e+08	1.74969e+08
1.13482e+08	1.74973e+08
1.13484e+08	1.74977e+08
1.13485e+08	1.7498e+08
1.13486e+08	1.74984e+08
1.13487e+08	1.74988e+08
1.13489e+08	1.74992e+08
1.1349e+08	1.74995e+08
1.13491e+08	1.74999e+08
1.13492e+08	1.75003e+08
1.13494e+08	1.75006e+08
1.13495e+08	1.7501e+08
1.13496e+08	1.75014e+08
1.13497e+08	1.75017e+08
1.13498e+08	1.75021e+08
1.135e+08	1.75025e+08
1.13501e+08	1.75028e+08
1.13502e+08	1.75032e+08
1.13503e+08	1.75036e+08
1.13504e+08	1.75039e+08
1.13506e+08	1.75043e+08
1.13507e+08	1.75046e+08
1.13508e+08	1.7505e+08
1.13509e+08	1.75054e+08
1.1351e+08	1.75057e+08
1.13512e+08	1.75061e+08
1.13513e+08	1.75064e+08
1.13514e+08	1.75068e+08
1.13515e+08	1.75072e+08
1.13516e+08	1.75075e+08
1.13518e+08	1.75079e+08
1.13519e+08	1.75082e+08
1.1352e+08	1.75086e+08
1.13521e+08	1.75089e+08
1.13522e+08	1.75093e+08
1.13524e+08	1.75096e+08
1.13525e+08	1.751e+08
1.13526e+08	1.75104e+08
1.13527e+08	1.75107e+08
1.13528e+08	1.75111e+08
1.13529e+08	1.75114e+08
1.13531e+08	1.75118e+08
1.13532e+08	1.75121e+08
1.13533e+08	1.75125e+08
1.13534e+08	1.75128e+08
1.13535e+08	1.75132e+08
1.13536e+08	1.75135e+08
1.13538e+08	1.75139e+08
1.13539e+08	1.75142e+08
1.1354e+08	1.75145e+08
1.13541e+08	1.75149e+08
1.13542e+08	1.75152e+08
1.13543e+08	1.75156e+08
1.13544e+08	1.75159e+08
1.13546e+08	1.75163e+08
1.13547e+08	1.75166e+08
1.13548e+08	1.7517e+08
1.13549e+08	1.75173e+08
1.1355e+08	1.75176e+08
1.13551e+08	1.7518e+08
1.13552e+08	1.75183e+08
1.13554e+08	1.75187e+08
1.13555e+08	1.7519e+08
1.13556e+08	1.75193e+08
1.13557e+08	1.75197e+08
1.13558e+08	1.752e+08
1.13559e+08	1.75203e+08
1.1356e+08	1.75207e+08
1.13561e+08	1.7521e+08
1.13563e+08	1.75214e+08
1.13564e+08	1.75217e+08
1.13565e+08	1.7522e+08
1.13566e+08	1.75224e+08
1.13567e+08	1.75227e+08
1.13568e+08	1.7523e+08
1.13569e+08	1.75234e+08
1.1357e+08	1.75237e+08
1.13571e+08	1.7524e+08
1.13573e+08	1.75244e+08
1.13574e+08	1.75247e+08
1.13575e+08	1.7525e+08
1.13576e+08	1.75253e+08
1.13577e+08	1.75257e+08
1.13578e+08	1.7526e+08
1.13579e+08	1.75263e+08
1.1358e+08	1.75267e+08
1.13581e+08	1.7527e+08
1.13582e+08	1.75273e+08
1.13584e+08	1.75276e+08
1.13585e+08	1.7528e+08
1.13586e+08	1.75283e+08
1.13587e+08	1.75286e+08
1.13588e+08	1.75289e+08
1.13589e+08	1.75293e+08
1.1359e+08	1.75296e+08
1.13591e+08	1.75299e+08
1.13592e+08	1.75302e+08
1.13593e+08	1.75305e+08
1.13594e+08	1.75309e+08
1.13595e+08	1.75312e+08
1.13596e+08	1.75315e+08
1.13597e+08	1.75318e+08
1.13599e+08	1.75321e+08
1.136e+08	1.75325e+08
1.13601e+08	1.75328e+08
1.13602e+08	1.75331e+08
1.13603e+08	1.75334e+08
1.13604e+08	1.75337e+08
1.13605e+08	1.7534e+08
1.13606e+08	1.75344e+08
1.13607e+08	1.75347e+08
1.13608e+08	1.7535e+08
1.13609e+08	1.75353e+08
1.1361e+08	1.75356e+08
1.13611e+08	1.75359e+08
1.13612e+08	1.75362e+08
1.13613e+08	1.75366e+08
1.13614e+08	1.75369e+08
1.13615e+08	1.75372e+08
1.13616e+08	1.75375e+08
1.13617e+08	1.75378e+08
1.13618e+08	1.75381e+08
1.13619e+08	1.75384e+08
1.1362e+08	1.75387e+08
1.13622e+08	1.7539e+08
1.13623e+08	1.75393e+08
1.13624e+08	1.75397e+08
1.13625e+08	1.754e+08
1.13626e+08	1.75403e+08
1.13627e+08	1.75406e+08
1.13628e+08	1.75409e+08
1.13629e+08	1.75412e+08
1.1363e+08	1.75415e+08
1.13631e+08	1.75418e+08
1.13632e+08	1.75421e+08
1.13633e+08	1.75424e+08
1.13634e+08	1.75427e+08
1.13635e+08	1.7543e+08
1.13636e+08	1.75433e+08
1.13637e+08	1.75436e+08
1.13638e+08	1.75439e+08
1.13639e+08	1.75442e+08
1.1364e+08	1.75445e+08
1.13641e+08	1.75448e+08
1.13642e+08	1.75451e+08
1.13643e+08	1.75454e+08
1.13644e+08	1.75457e+08
1.13645e+08	1.7546e+08
1.13646e+08	1.75463e+08
1.13647e+08	1.75466e+08
1.13648e+08	1.75469e+08
1.13649e+08	1.75472e+08
1.1365e+08	1.75475e+08
1.13651e+08	1.75478e+08
1.13652e+08	1.75481e+08
1.13653e+08	1.75484e+08
1.13654e+08	1.75487e+08
1.13655e+08	1.7549e+08
1.13656e+08	1.75492e+08
1.13657e+08	1.75495e+08
1.13657e+08	1.75498e+08
1.13658e+08	1.75501e+08
1.13659e+08	1.75504e+08
1.1366e+08	1.75507e+08
1.13661e+08	1.7551e+08
1.13662e+08	1.75513e+08
1.13663e+08	1.75516e+08
1.13664e+08	1.75519e+08
1.13665e+08	1.75521e+08
1.13666e+08	1.75524e+08
1.13667e+08	1.75527e+08
1.13668e+08	1.7553e+08
1.13669e+08	1.75533e+08
1.1367e+08	1.75536e+08
1.13671e+08	1.75539e+08
1.13672e+08	1.75542e+08
1.13673e+08	1.75544e+08
1.13674e+08	1.75547e+08
1.13675e+08	1.7555e+08
1.13676e+08	1.75553e+08
1.13677e+08	1.75556e+08
1.13678e+08	1.75559e+08
1.13679e+08	1.75561e+08
1.13679e+08	1.75564e+08
1.1368e+08	1.75567e+08
1.13681e+08	1.7557e+08
1.13682e+08	1.75573e+08
1.13683e+08	1.75575e+08
1.13684e+08	1.75578e+08
1.13685e+08	1.75581e+08
1.13686e+08	1.75584e+08
1.13687e+08	1.75587e+08
1.13688e+08	1.75589e+08
1.13689e+08	1.75592e+08
1.1369e+08	1.75595e+08
1.13691e+08	1.75598e+08
1.13692e+08	1.756e+08
1.13692e+08	1.75603e+08
1.13693e+08	1.75606e+08
1.13694e+08	1.75609e+08
1.13695e+08	1.75611e+08
1.13696e+08	1.75614e+08
1.13697e+08	1.75617e+08
1.13698e+08	1.7562e+08
1.13699e+08	1.75622e+08
1.137e+08	1.75625e+08
1.13701e+08	1.75628e+08
1.13702e+08	1.75631e+08
1.13702e+08	1.75633e+08
1.13703e+08	1.75636e+08
1.13704e+08	1.75639e+08
1.13705e+08	1.75641e+08
1.13706e+08	1.75644e+08
1.13707e+08	1.75647e+08
1.13708e+08	1.7565e+08
1.13709e+08	1.75652e+08
1.1371e+08	1.75655e+08
1.13711e+08	1.75658e+08
1.13711e+08	1.7566e+08
1.13712e+08	1.75663e+08
1.13713e+08	1.75666e+08
1.13714e+08	1.75668e+08
1.13715e+08	1.75671e+08
1.13716e+08	1.75674e+08
1.13717e+08	1.75676e+08
1.13718e+08	1.75679e+08
1.13719e+08	1.75681e+08
1.13719e+08	1.75684e+08
1.1372e+08	1.75687e+08
1.13721e+08	1.75689e+08
1.13722e+08	1.75692e+08
1.13723e+08	1.75695e+08
1.13724e+08	1.75697e+08
1.13725e+08	1.757e+08
1.13726e+08	1.75702e+08
1.13726e+08	1.75705e+08
1.13727e+08	1.75708e+08
1.13728e+08	1.7571e+08
1.13729e+08	1.75713e+08
1.1373e+08	1.75715e+08
1.13731e+08	1.75718e+08
1.13732e+08	1.75721e+08
1.13732e+08	1.75723e+08
1.13733e+08	1.75726e+08
1.13734e+08	1.75728e+08
1.13735e+08	1.75731e+08
1.13736e+08	1.75733e+08
1.13737e+08	1.75736e+08
1.13738e+08	1.75739e+08
1.13738e+08	1.75741e+08
1.13739e+08	1.75744e+08
1.1374e+08	1.75746e+08
1.13741e+08	1.75749e+08
1.13742e+08	1.75751e+08
1.13743e+08	1.75754e+08
1.13744e+08	1.75756e+08
1.13744e+08	1.75759e+08
1.13745e+08	1.75761e+08
1.13746e+08	1.75764e+08
1.13747e+08	1.75766e+08
1.13748e+08	1.75769e+08
1.13749e+08	1.75772e+08
1.13749e+08	1.75774e+08
1.1375e+08	1.75777e+08
1.13751e+08	1.75779e+08
1.13752e+08	1.75781e+08
1.13753e+08	1.75784e+08
1.13754e+08	1.75786e+08
1.13754e+08	1.75789e+08
1.13755e+08	1.75791e+08
1.13756e+08	1.75794e+08
1.13757e+08	1.75796e+08
1.13758e+08	1.75799e+08
1.13758e+08	1.75801e+08
1.13759e+08	1.75804e+08
1.1376e+08	1.75806e+08
1.13761e+08	1.75809e+08
1.13762e+08	1.75811e+08
1.13763e+08	1.75814e+08
1.13763e+08	1.75816e+08
1.13764e+08	1.75818e+08
1.13765e+08	1.75821e+08
1.13766e+08	1.75823e+08
1.13767e+08	1.75826e+08
1.13767e+08	1.75828e+08
1.13768e+08	1.75831e+08
1.13769e+08	1.75833e+08
1.1377e+08	1.75835e+08
1.13771e+08	1.75838e+08
1.13771e+08	1.7584e+08
1.13772e+08	1.75843e+08
1.13773e+08	1.75845e+08
1.13774e+08	1.75847e+08
1.13775e+08	1.7585e+08
1.13775e+08	1.75852e+08
1.13776e+08	1.75855e+08
1.13777e+08	1.75857e+08
1.13778e+08	1.75859e+08
1.13779e+08	1.75862e+08
1.13779e+08	1.75864e+08
1.1378e+08	1.75866e+08
1.13781e+08	1.75869e+08
1.13782e+08	1.75871e+08
1.13783e+08	1.75873e+08
1.13783e+08	1.75876e+08
1.13784e+08	1.75878e+08
1.13785e+08	1.75881e+08
1.13786e+08	1.75883e+08
1.13786e+08	1.75885e+08
1.13787e+08	1.75888e+08
1.13788e+08	1.7589e+08
1.13789e+08	1.75892e+08
1.1379e+08	1.75895e+08
1.1379e+08	1.75897e+08
1.13791e+08	1.75899e+08
1.13792e+08	1.75901e+08
1.13793e+08	1.75904e+08
1.13793e+08	1.75906e+08
1.13794e+08	1.75908e+08
1.13795e+08	1.75911e+08
1.13796e+08	1.75913e+08
1.13796e+08	1.75915e+08
1.13797e+08	1.75918e+08
1.13798e+08	1.7592e+08
1.13799e+08	1.75922e+08
1.138e+08	1.75924e+08
1.138e+08	1.75927e+08
1.13801e+08	1.75929e+08
1.13802e+08	1.75931e+08
1.13803e+08	1.75934e+08
1.13803e+08	1.75936e+08
1.13804e+08	1.75938e+08
1.13805e+08	1.7594e+08
1.13806e+08	1.75943e+08
1.13806e+08	1.75945e+08
1.13807e+08	1.75947e+08
1.13808e+08	1.75949e+08
1.13809e+08	1.75952e+08
1.13809e+08	1.75954e+08
1.1381e+08	1.75956e+08
1.13811e+08	1.75958e+08
1.13812e+08	1.7596e+08
1.13812e+08	1.75963e+08
1.13813e+08	1.75965e+08
1.13814e+08	1.75967e+08
1.13814e+08	1.75969e+08
1.13815e+08	1.75972e+08
1.13816e+08	1.75974e+08
1.13817e+08	1.75976e+08
1.13817e+08	1.75978e+08
1.13818e+08	1.7598e+08
1.13819e+08	1.75983e+08
1.1382e+08	1.75985e+08
1.1382e+08	1.75987e+08
1.13821e+08	1.75989e+08
1.13822e+08	1.75991e+08
1.13823e+08	1.75993e+08
1.13823e+08	1.75996e+08
1.13824e+08	1.75998e+08
1.13825e+08	1.76e+08
1.13825e+08	1.76002e+08
1.13826e+08	1.76004e+08
