1e+08	2.22045e-16	2.22045e-16
1e+08	2.22045e-16	2.22045e-16
1e+08	2.22045e-16	2.22045e-16
1e+08	2.22045e-16	2.22045e-16
1e+08	2.22045e-16	2.22045e-16
1e+08	2.22045e-16	2.22045e-16
1e+08	2.22045e-16	2.22045e-16
1e+08	2.22045e-16	2.22045e-16
9.98905e+07	2.22045e-16	2.22045e-16
9.96852e+07	2.22045e-16	2.22045e-16
9.94813e+07	2.22045e-16	2.22045e-16
9.92789e+07	2.22045e-16	2.22045e-16
9.90779e+07	2.22045e-16	2.22045e-16
9.88784e+07	2.22045e-16	2.22045e-16
9.86803e+07	2.22045e-16	2.22045e-16
9.84837e+07	2.22045e-16	2.22045e-16
9.82885e+07	2.22045e-16	2.22045e-16
9.80946e+07	2.22045e-16	2.22045e-16
9.79022e+07	2.22045e-16	2.22045e-16
9.77112e+07	2.22045e-16	2.22045e-16
9.75215e+07	2.22045e-16	2.22045e-16
9.73332e+07	2.22045e-16	2.22045e-16
9.71462e+07	2.22045e-16	2.22045e-16
9.69605e+07	2.22045e-16	2.22045e-16
9.67762e+07	2.22045e-16	2.22045e-16
9.65932e+07	2.22045e-16	2.22045e-16
9.64115e+07	2.22045e-16	2.22045e-16
9.62312e+07	2.22045e-16	2.22045e-16
9.6052e+07	2.22045e-16	2.22045e-16
9.58742e+07	2.22045e-16	2.22045e-16
9.56976e+07	2.22045e-16	2.22045e-16
9.55223e+07	2.22045e-16	2.22045e-16
9.53482e+07	2.22045e-16	2.22045e-16
9.51754e+07	2.22045e-16	2.22045e-16
9.50038e+07	2.22045e-16	2.22045e-16
9.48333e+07	2.22045e-16	2.22045e-16
9.46641e+07	2.22045e-16	2.22045e-16
9.44961e+07	2.22045e-16	2.22045e-16
9.43293e+07	2.22045e-16	2.22045e-16
9.41637e+07	2.22045e-16	2.22045e-16
9.39992e+07	2.22045e-16	2.22045e-16
9.38359e+07	2.22045e-16	2.22045e-16
9.36737e+07	2.22045e-16	2.22045e-16
9.35127e+07	2.22045e-16	2.22045e-16
9.33528e+07	2.22045e-16	2.22045e-16
9.3194e+07	2.22045e-16	2.22045e-16
9.30363e+07	2.22045e-16	2.22045e-16
9.28798e+07	2.22045e-16	2.22045e-16
9.27243e+07	2.22045e-16	2.22045e-16
9.25699e+07	2.22045e-16	2.22045e-16
9.24166e+07	2.22045e-16	2.22045e-16
9.22644e+07	2.22045e-16	2.22045e-16
9.21132e+07	2.22045e-16	2.22045e-16
9.19631e+07	2.22045e-16	2.22045e-16
9.1814e+07	2.22045e-16	2.22045e-16
9.1666e+07	2.22045e-16	2.22045e-16
9.1519e+07	2.22045e-16	2.22045e-16
9.1373e+07	2.22045e-16	2.22045e-16
9.1228e+07	2.22045e-16	2.22045e-16
9.10841e+07	2.22045e-16	2.22045e-16
9.09411e+07	2.22045e-16	2.22045e-16
9.07991e+07	2.22045e-16	2.22045e-16
9.06581e+07	2.22045e-16	2.22045e-16
9.05181e+07	2.22045e-16	2.22045e-16
9.03791e+07	2.22045e-16	2.22045e-16
9.0241e+07	2.22045e-16	2.22045e-16
9.01038e+07	2.22045e-16	2.22045e-16
8.99676e+07	2.22045e-16	2.22045e-16
8.98324e+07	2.22045e-16	2.22045e-16
8.96981e+07	2.22045e-16	2.22045e-16
8.95647e+07	2.22045e-16	2.22045e-16
8.94322e+07	2.22045e-16	2.22045e-16
8.93006e+07	2.22045e-16	2.22045e-16
8.917e+07	2.22045e-16	2.22045e-16
8.90402e+07	2.22045e-16	2.22045e-16
8.89113e+07	2.22045e-16	2.22045e-16
8.87833e+07	2.22045e-16	2.22045e-16
8.86562e+07	2.22045e-16	2.22045e-16
8.85299e+07	2.22045e-16	2.22045e-16
8.84045e+07	2.22045e-16	2.22045e-16
8.828e+07	2.22045e-16	2.22045e-16
8.81563e+07	2.22045e-16	2.22045e-16
8.80335e+07	2.22045e-16	2.22045e-16
8.79115e+07	2.22045e-16	2.22045e-16
8.77903e+07	2.22045e-16	2.22045e-16
8.767e+07	2.22045e-16	2.22045e-16
8.75504e+07	2.22045e-16	2.22045e-16
8.74317e+07	2.22045e-16	2.22045e-16
8.73138e+07	2.22045e-16	2.22045e-16
8.71967e+07	2.22045e-16	2.22045e-16
8.70804e+07	2.22045e-16	2.22045e-16
8.69649e+07	2.22045e-16	2.22045e-16
8.68501e+07	2.22045e-16	2.22045e-16
8.67362e+07	2.22045e-16	2.22045e-16
8.6623e+07	2.22045e-16	2.22045e-16
8.65106e+07	2.22045e-16	2.22045e-16
8.63989e+07	2.22045e-16	2.22045e-16
8.6288e+07	2.22045e-16	2.22045e-16
8.61778e+07	2.22045e-16	2.22045e-16
8.60684e+07	2.22045e-16	2.22045e-16
8.59597e+07	2.22045e-16	2.22045e-16
8.58517e+07	2.22045e-16	2.22045e-16
8.57445e+07	2.22045e-16	2.22045e-16
8.5638e+07	2.22045e-16	2.22045e-16
8.55322e+07	2.22045e-16	2.22045e-16
8.54271e+07	2.22045e-16	2.22045e-16
8.53228e+07	2.22045e-16	2.22045e-16
8.52191e+07	2.22045e-16	2.22045e-16
8.51161e+07	2.22045e-16	2.22045e-16
8.50138e+07	2.22045e-16	2.22045e-16
8.49122e+07	2.22045e-16	2.22045e-16
8.48113e+07	2.22045e-16	2.22045e-16
8.4711e+07	2.22045e-16	2.22045e-16
8.46115e+07	2.22045e-16	2.22045e-16
8.45126e+07	2.22045e-16	2.22045e-16
8.44143e+07	2.22045e-16	2.22045e-16
8.43167e+07	2.22045e-16	2.22045e-16
8.42198e+07	2.22045e-16	2.22045e-16
8.41235e+07	2.22045e-16	2.22045e-16
8.40278e+07	2.22045e-16	2.22045e-16
8.39328e+07	2.22045e-16	2.22045e-16
8.38384e+07	2.22045e-16	2.22045e-16
8.37446e+07	2.22045e-16	2.22045e-16
8.36515e+07	2.22045e-16	2.22045e-16
8.3559e+07	2.22045e-16	2.22045e-16
8.34671e+07	2.22045e-16	2.22045e-16
8.33758e+07	2.22045e-16	2.22045e-16
8.32851e+07	2.22045e-16	2.22045e-16
8.3195e+07	2.22045e-16	2.22045e-16
8.31055e+07	2.22045e-16	2.22045e-16
8.30166e+07	2.22045e-16	2.22045e-16
8.29283e+07	2.22045e-16	2.22045e-16
8.28406e+07	2.22045e-16	2.22045e-16
8.27534e+07	2.22045e-16	2.22045e-16
8.26668e+07	2.22045e-16	2.22045e-16
8.25808e+07	2.22045e-16	2.22045e-16
8.24954e+07	2.22045e-16	2.22045e-16
8.24105e+07	2.22045e-16	2.22045e-16
8.23262e+07	2.22045e-16	2.22045e-16
8.22425e+07	2.22045e-16	2.22045e-16
8.21593e+07	2.22045e-16	2.22045e-16
8.20766e+07	2.22045e-16	2.22045e-16
8.19945e+07	2.22045e-16	2.22045e-16
8.19129e+07	2.22045e-16	2.22045e-16
8.18319e+07	2.22045e-16	2.22045e-16
8.17514e+07	2.22045e-16	2.22045e-16
8.16714e+07	2.22045e-16	2.22045e-16
8.1592e+07	2.22045e-16	2.22045e-16
8.1513e+07	2.22045e-16	2.22045e-16
8.14346e+07	2.22045e-16	2.22045e-16
8.13567e+07	2.22045e-16	2.22045e-16
8.12793e+07	2.22045e-16	2.22045e-16
8.12024e+07	2.22045e-16	2.22045e-16
8.11261e+07	2.22045e-16	2.22045e-16
8.10502e+07	2.22045e-16	2.22045e-16
8.09748e+07	2.22045e-16	2.22045e-16
8.08999e+07	2.22045e-16	2.22045e-16
8.08255e+07	2.22045e-16	2.22045e-16
8.07516e+07	2.22045e-16	2.22045e-16
8.06781e+07	2.22045e-16	2.22045e-16
8.06052e+07	2.22045e-16	2.22045e-16
8.05327e+07	2.22045e-16	2.22045e-16
8.04607e+07	2.22045e-16	2.22045e-16
8.03892e+07	2.22045e-16	2.22045e-16
8.03181e+07	2.22045e-16	2.22045e-16
8.02475e+07	2.22045e-16	2.22045e-16
8.01773e+07	2.22045e-16	2.22045e-16
8.01076e+07	2.22045e-16	2.22045e-16
8.00384e+07	2.22045e-16	2.22045e-16
7.99696e+07	2.22045e-16	2.22045e-16
7.99012e+07	2.22045e-16	2.22045e-16
7.98333e+07	2.22045e-16	2.22045e-16
7.97658e+07	2.22045e-16	2.22045e-16
7.96988e+07	2.22045e-16	2.22045e-16
7.96322e+07	2.22045e-16	2.22045e-16
7.95661e+07	2.22045e-16	2.22045e-16
7.95003e+07	2.22045e-16	2.22045e-16
7.9435e+07	2.22045e-16	2.22045e-16
7.93701e+07	2.22045e-16	2.22045e-16
7.93056e+07	2.22045e-16	2.22045e-16
7.92416e+07	2.22045e-16	2.22045e-16
7.9178e+07	2.22045e-16	2.22045e-16
7.91147e+07	2.22045e-16	2.22045e-16
7.90519e+07	2.22045e-16	2.22045e-16
7.89895e+07	2.22045e-16	2.22045e-16
7.89275e+07	2.22045e-16	2.22045e-16
7.88659e+07	2.22045e-16	2.22045e-16
7.88046e+07	2.22045e-16	2.22045e-16
7.87438e+07	2.22045e-16	2.22045e-16
7.86834e+07	2.22045e-16	2.22045e-16
7.86233e+07	2.22045e-16	2.22045e-16
7.85637e+07	2.22045e-16	2.22045e-16
7.85044e+07	2.22045e-16	2.22045e-16
7.84455e+07	2.22045e-16	2.22045e-16
7.8387e+07	2.22045e-16	2.22045e-16
7.83289e+07	2.22045e-16	2.22045e-16
7.82711e+07	2.22045e-16	2.22045e-16
7.82137e+07	2.22045e-16	2.22045e-16
7.81567e+07	2.22045e-16	2.22045e-16
7.81e+07	2.22045e-16	2.22045e-16
7.80437e+07	2.22045e-16	2.22045e-16
7.79878e+07	2.22045e-16	2.22045e-16
7.79322e+07	2.22045e-16	2.22045e-16
7.7877e+07	2.22045e-16	2.22045e-16
7.78221e+07	2.22045e-16	2.22045e-16
7.77676e+07	2.22045e-16	2.22045e-16
7.77134e+07	2.22045e-16	2.22045e-16
7.76596e+07	2.22045e-16	2.22045e-16
7.76061e+07	2.22045e-16	2.22045e-16
7.7553e+07	2.22045e-16	2.22045e-16
7.75002e+07	2.22045e-16	2.22045e-16
7.74477e+07	2.22045e-16	2.22045e-16
7.73956e+07	2.22045e-16	2.22045e-16
7.73438e+07	2.22045e-16	2.22045e-16
7.72923e+07	2.22045e-16	2.22045e-16
7.72412e+07	2.22045e-16	2.22045e-16
7.71904e+07	2.22045e-16	2.22045e-16
7.71399e+07	2.22045e-16	2.22045e-16
7.70897e+07	2.22045e-16	2.22045e-16
7.70399e+07	2.22045e-16	2.22045e-16
7.69903e+07	2.22045e-16	2.22045e-16
7.69411e+07	2.22045e-16	2.22045e-16
7.68922e+07	2.22045e-16	2.22045e-16
7.68436e+07	2.22045e-16	2.22045e-16
7.67953e+07	2.22045e-16	2.22045e-16
7.67474e+07	2.22045e-16	2.22045e-16
7.66997e+07	2.22045e-16	2.22045e-16
7.66523e+07	2.22045e-16	2.22045e-16
7.66052e+07	2.22045e-16	2.22045e-16
7.65585e+07	2.22045e-16	2.22045e-16
7.6512e+07	2.22045e-16	2.22045e-16
7.64658e+07	2.22045e-16	2.22045e-16
7.64199e+07	2.22045e-16	2.22045e-16
7.63743e+07	2.22045e-16	2.22045e-16
7.6329e+07	2.22045e-16	2.22045e-16
7.6284e+07	2.22045e-16	2.22045e-16
7.62393e+07	2.22045e-16	2.22045e-16
7.61948e+07	2.22045e-16	2.22045e-16
7.61506e+07	2.22045e-16	2.22045e-16
7.61067e+07	2.22045e-16	2.22045e-16
7.60631e+07	2.22045e-16	2.22045e-16
7.60198e+07	2.22045e-16	2.22045e-16
7.59767e+07	2.22045e-16	2.22045e-16
7.59339e+07	2.22045e-16	2.22045e-16
7.58914e+07	2.22045e-16	2.22045e-16
7.58491e+07	2.22045e-16	2.22045e-16
7.58071e+07	2.22045e-16	2.22045e-16
7.57654e+07	2.22045e-16	2.22045e-16
7.57239e+07	2.22045e-16	2.22045e-16
7.56827e+07	2.22045e-16	2.22045e-16
7.56418e+07	2.22045e-16	2.22045e-16
7.56011e+07	2.22045e-16	2.22045e-16
7.55607e+07	2.22045e-16	2.22045e-16
7.55205e+07	2.22045e-16	2.22045e-16
7.54806e+07	2.22045e-16	2.22045e-16
7.54409e+07	2.22045e-16	2.22045e-16
7.54015e+07	2.22045e-16	2.22045e-16
7.53623e+07	2.22045e-16	2.22045e-16
7.53234e+07	2.22045e-16	2.22045e-16
7.52847e+07	2.22045e-16	2.22045e-16
7.52463e+07	2.22045e-16	2.22045e-16
7.52081e+07	2.22045e-16	2.22045e-16
7.51701e+07	2.22045e-16	2.22045e-16
7.51324e+07	2.22045e-16	2.22045e-16
7.50949e+07	2.22045e-16	2.22045e-16
7.50577e+07	2.22045e-16	2.22045e-16
7.50207e+07	2.22045e-16	2.22045e-16
7.49839e+07	2.22045e-16	2.22045e-16
7.49473e+07	2.22045e-16	2.22045e-16
7.4911e+07	2.22045e-16	2.22045e-16
7.48749e+07	2.22045e-16	2.22045e-16
7.4839e+07	2.22045e-16	2.22045e-16
7.48034e+07	2.22045e-16	2.22045e-16
7.4768e+07	2.22045e-16	2.22045e-16
7.47328e+07	2.22045e-16	2.22045e-16
7.46978e+07	2.22045e-16	2.22045e-16
7.4663e+07	2.22045e-16	2.22045e-16
7.46285e+07	2.22045e-16	2.22045e-16
7.45942e+07	2.22045e-16	2.22045e-16
7.45601e+07	2.22045e-16	2.22045e-16
7.45262e+07	2.22045e-16	2.22045e-16
7.44925e+07	2.22045e-16	2.22045e-16
7.4459e+07	2.22045e-16	2.22045e-16
7.44257e+07	2.22045e-16	2.22045e-16
7.43927e+07	2.22045e-16	2.22045e-16
7.43598e+07	2.22045e-16	2.22045e-16
7.43272e+07	2.22045e-16	2.22045e-16
7.42947e+07	2.22045e-16	2.22045e-16
7.42625e+07	2.22045e-16	2.22045e-16
7.42304e+07	2.22045e-16	2.22045e-16
7.41986e+07	2.22045e-16	2.22045e-16
7.41669e+07	2.22045e-16	2.22045e-16
7.41355e+07	2.22045e-16	2.22045e-16
7.41042e+07	2.22045e-16	2.22045e-16
7.40732e+07	2.22045e-16	2.22045e-16
7.40423e+07	2.22045e-16	2.22045e-16
7.40117e+07	2.22045e-16	2.22045e-16
7.39812e+07	2.22045e-16	2.22045e-16
7.39509e+07	2.22045e-16	2.22045e-16
7.39208e+07	2.22045e-16	2.22045e-16
7.38909e+07	2.22045e-16	2.22045e-16
7.38611e+07	2.22045e-16	2.22045e-16
7.38316e+07	2.22045e-16	2.22045e-16
7.38022e+07	2.22045e-16	2.22045e-16
7.37731e+07	2.22045e-16	2.22045e-16
7.37441e+07	2.22045e-16	2.22045e-16
7.37152e+07	2.22045e-16	2.22045e-16
7.36866e+07	2.22045e-16	2.22045e-16
7.36581e+07	2.22045e-16	2.22045e-16
7.36299e+07	2.22045e-16	2.22045e-16
7.36017e+07	2.22045e-16	2.22045e-16
7.35738e+07	2.22045e-16	2.22045e-16
7.35461e+07	2.22045e-16	2.22045e-16
7.35185e+07	2.22045e-16	2.22045e-16
7.3491e+07	2.22045e-16	2.22045e-16
7.34638e+07	2.22045e-16	2.22045e-16
7.34367e+07	2.22045e-16	2.22045e-16
7.34098e+07	2.22045e-16	2.22045e-16
7.33831e+07	2.22045e-16	2.22045e-16
7.33565e+07	2.22045e-16	2.22045e-16
7.33301e+07	2.22045e-16	2.22045e-16
7.33038e+07	2.22045e-16	2.22045e-16
7.32777e+07	2.22045e-16	2.22045e-16
7.32518e+07	2.22045e-16	2.22045e-16
7.32261e+07	2.22045e-16	2.22045e-16
7.32004e+07	2.22045e-16	2.22045e-16
7.3175e+07	2.22045e-16	2.22045e-16
7.31497e+07	2.22045e-16	2.22045e-16
7.31246e+07	2.22045e-16	2.22045e-16
7.30996e+07	2.22045e-16	2.22045e-16
7.30748e+07	2.22045e-16	2.22045e-16
7.30501e+07	2.22045e-16	2.22045e-16
7.30256e+07	2.22045e-16	2.22045e-16
7.30012e+07	2.22045e-16	2.22045e-16
7.2977e+07	2.22045e-16	2.22045e-16
7.29529e+07	2.22045e-16	2.22045e-16
7.2929e+07	2.22045e-16	2.22045e-16
7.29052e+07	2.22045e-16	2.22045e-16
7.28816e+07	2.22045e-16	2.22045e-16
7.28581e+07	2.22045e-16	2.22045e-16
7.28348e+07	2.22045e-16	2.22045e-16
7.28116e+07	2.22045e-16	2.22045e-16
7.27886e+07	2.22045e-16	2.22045e-16
7.27657e+07	2.22045e-16	2.22045e-16
7.27429e+07	2.22045e-16	2.22045e-16
7.27203e+07	2.22045e-16	2.22045e-16
7.26978e+07	2.22045e-16	2.22045e-16
7.26755e+07	2.22045e-16	2.22045e-16
7.26532e+07	2.22045e-16	2.22045e-16
7.26312e+07	2.22045e-16	2.22045e-16
7.26092e+07	2.22045e-16	2.22045e-16
7.25874e+07	2.22045e-16	2.22045e-16
7.25658e+07	2.22045e-16	2.22045e-16
7.25442e+07	2.22045e-16	2.22045e-16
7.25228e+07	2.22045e-16	2.22045e-16
7.25016e+07	2.22045e-16	2.22045e-16
7.24804e+07	2.22045e-16	2.22045e-16
7.24594e+07	2.22045e-16	2.22045e-16
7.24386e+07	2.22045e-16	2.22045e-16
7.24178e+07	2.22045e-16	2.22045e-16
7.23972e+07	2.22045e-16	2.22045e-16
7.23767e+07	2.22045e-16	2.22045e-16
7.23563e+07	2.22045e-16	2.22045e-16
7.23361e+07	2.22045e-16	2.22045e-16
7.2316e+07	2.22045e-16	2.22045e-16
7.2296e+07	2.22045e-16	2.22045e-16
7.22761e+07	2.22045e-16	2.22045e-16
7.22563e+07	2.22045e-16	2.22045e-16
7.22367e+07	2.22045e-16	2.22045e-16
7.22172e+07	2.22045e-16	2.22045e-16
7.21978e+07	2.22045e-16	2.22045e-16
7.21785e+07	2.22045e-16	2.22045e-16
7.21594e+07	2.22045e-16	2.22045e-16
7.21404e+07	2.22045e-16	2.22045e-16
7.21214e+07	2.22045e-16	2.22045e-16
7.21026e+07	2.22045e-16	2.22045e-16
7.2084e+07	2.22045e-16	2.22045e-16
7.20654e+07	2.22045e-16	2.22045e-16
7.20469e+07	2.22045e-16	2.22045e-16
7.20286e+07	2.22045e-16	2.22045e-16
7.20103e+07	2.22045e-16	2.22045e-16
7.19922e+07	2.22045e-16	2.22045e-16
7.19742e+07	2.22045e-16	2.22045e-16
7.19563e+07	2.22045e-16	2.22045e-16
7.19385e+07	2.22045e-16	2.22045e-16
7.19208e+07	2.22045e-16	2.22045e-16
7.19033e+07	2.22045e-16	2.22045e-16
7.18858e+07	2.22045e-16	2.22045e-16
7.18685e+07	2.22045e-16	2.22045e-16
7.18512e+07	2.22045e-16	2.22045e-16
7.18341e+07	2.22045e-16	2.22045e-16
7.1817e+07	2.22045e-16	2.22045e-16
7.18001e+07	2.22045e-16	2.22045e-16
7.17833e+07	2.22045e-16	2.22045e-16
7.17665e+07	2.22045e-16	2.22045e-16
7.17499e+07	2.22045e-16	2.22045e-16
7.17334e+07	2.22045e-16	2.22045e-16
7.17169e+07	2.22045e-16	2.22045e-16
7.17006e+07	2.22045e-16	2.22045e-16
7.16844e+07	2.22045e-16	2.22045e-16
7.16683e+07	2.22045e-16	2.22045e-16
7.16522e+07	2.22045e-16	2.22045e-16
7.16363e+07	2.22045e-16	2.22045e-16
7.16205e+07	2.22045e-16	2.22045e-16
7.16048e+07	2.22045e-16	2.22045e-16
7.15891e+07	2.22045e-16	2.22045e-16
7.15736e+07	2.22045e-16	2.22045e-16
7.15581e+07	2.22045e-16	2.22045e-16
7.15428e+07	2.22045e-16	2.22045e-16
7.15275e+07	2.22045e-16	2.22045e-16
7.15123e+07	2.22045e-16	2.22045e-16
7.14973e+07	2.22045e-16	2.22045e-16
7.14823e+07	2.22045e-16	2.22045e-16
7.14674e+07	2.22045e-16	2.22045e-16
7.14526e+07	2.22045e-16	2.22045e-16
7.14379e+07	2.22045e-16	2.22045e-16
7.14233e+07	2.22045e-16	2.22045e-16
7.14087e+07	2.22045e-16	2.22045e-16
7.13943e+07	2.22045e-16	2.22045e-16
7.13799e+07	2.22045e-16	2.22045e-16
7.13657e+07	2.22045e-16	2.22045e-16
7.13515e+07	2.22045e-16	2.22045e-16
7.13374e+07	2.22045e-16	2.22045e-16
7.13234e+07	2.22045e-16	2.22045e-16
7.13095e+07	2.22045e-16	2.22045e-16
7.12956e+07	2.22045e-16	2.22045e-16
7.12819e+07	2.22045e-16	2.22045e-16
7.12682e+07	2.22045e-16	2.22045e-16
7.12546e+07	2.22045e-16	2.22045e-16
7.12411e+07	2.22045e-16	2.22045e-16
7.12277e+07	2.22045e-16	2.22045e-16
7.12144e+07	2.22045e-16	2.22045e-16
7.12011e+07	2.22045e-16	2.22045e-16
7.11879e+07	2.22045e-16	2.22045e-16
7.11749e+07	2.22045e-16	2.22045e-16
7.11618e+07	2.22045e-16	2.22045e-16
7.11489e+07	2.22045e-16	2.22045e-16
7.1136e+07	2.22045e-16	2.22045e-16
7.11233e+07	2.22045e-16	2.22045e-16
7.11106e+07	2.22045e-16	2.22045e-16
7.10979e+07	2.22045e-16	2.22045e-16
7.10854e+07	2.22045e-16	2.22045e-16
7.10729e+07	2.22045e-16	2.22045e-16
7.10605e+07	2.22045e-16	2.22045e-16
7.10482e+07	2.22045e-16	2.22045e-16
7.1036e+07	2.22045e-16	2.22045e-16
7.10238e+07	2.22045e-16	2.22045e-16
7.10117e+07	2.22045e-16	2.22045e-16
7.09997e+07	2.22045e-16	2.22045e-16
7.09877e+07	2.22045e-16	2.22045e-16
7.09758e+07	2.22045e-16	2.22045e-16
7.0964e+07	2.22045e-16	2.22045e-16
7.09523e+07	2.22045e-16	2.22045e-16
7.09406e+07	2.22045e-16	2.22045e-16
7.0929e+07	2.22045e-16	2.22045e-16
7.09175e+07	2.22045e-16	2.22045e-16
7.09061e+07	2.22045e-16	2.22045e-16
7.08947e+07	2.22045e-16	2.22045e-16
7.08834e+07	2.22045e-16	2.22045e-16
7.08721e+07	2.22045e-16	2.22045e-16
7.0861e+07	2.22045e-16	2.22045e-16
7.08499e+07	2.22045e-16	2.22045e-16
7.08388e+07	2.22045e-16	2.22045e-16
7.08278e+07	2.22045e-16	2.22045e-16
7.08169e+07	2.22045e-16	2.22045e-16
7.08061e+07	2.22045e-16	2.22045e-16
7.07953e+07	2.22045e-16	2.22045e-16
7.07846e+07	2.22045e-16	2.22045e-16
7.0774e+07	2.22045e-16	2.22045e-16
7.07634e+07	2.22045e-16	2.22045e-16
7.07529e+07	2.22045e-16	2.22045e-16
7.07424e+07	2.22045e-16	2.22045e-16
7.0732e+07	2.22045e-16	2.22045e-16
7.07217e+07	2.22045e-16	2.22045e-16
7.07115e+07	2.22045e-16	2.22045e-16
7.07013e+07	2.22045e-16	2.22045e-16
7.06911e+07	2.22045e-16	2.22045e-16
7.0681e+07	2.22045e-16	2.22045e-16
7.0671e+07	2.22045e-16	2.22045e-16
7.06611e+07	2.22045e-16	2.22045e-16
7.06512e+07	2.22045e-16	2.22045e-16
7.06413e+07	2.22045e-16	2.22045e-16
7.06316e+07	2.22045e-16	2.22045e-16
7.06219e+07	2.22045e-16	2.22045e-16
7.06122e+07	2.22045e-16	2.22045e-16
7.06026e+07	2.22045e-16	2.22045e-16
7.05931e+07	2.22045e-16	2.22045e-16
7.05836e+07	2.22045e-16	2.22045e-16
7.05742e+07	2.22045e-16	2.22045e-16
7.05648e+07	2.22045e-16	2.22045e-16
7.05555e+07	2.22045e-16	2.22045e-16
7.05462e+07	2.22045e-16	2.22045e-16
7.0537e+07	2.22045e-16	2.22045e-16
7.05279e+07	2.22045e-16	2.22045e-16
7.05188e+07	2.22045e-16	2.22045e-16
7.05098e+07	2.22045e-16	2.22045e-16
7.05008e+07	2.22045e-16	2.22045e-16
7.04919e+07	2.22045e-16	2.22045e-16
7.0483e+07	2.22045e-16	2.22045e-16
7.04742e+07	2.22045e-16	2.22045e-16
7.04654e+07	2.22045e-16	2.22045e-16
7.04567e+07	2.22045e-16	2.22045e-16
7.04481e+07	2.22045e-16	2.22045e-16
7.04395e+07	2.22045e-16	2.22045e-16
7.04309e+07	2.22045e-16	2.22045e-16
7.04224e+07	2.22045e-16	2.22045e-16
7.0414e+07	2.22045e-16	2.22045e-16
7.04056e+07	2.22045e-16	2.22045e-16
7.03972e+07	2.22045e-16	2.22045e-16
7.03889e+07	2.22045e-16	2.22045e-16
7.03807e+07	2.22045e-16	2.22045e-16
7.03725e+07	2.22045e-16	2.22045e-16
7.03643e+07	2.22045e-16	2.22045e-16
7.03562e+07	2.22045e-16	2.22045e-16
7.03482e+07	2.22045e-16	2.22045e-16
7.03402e+07	2.22045e-16	2.22045e-16
7.03323e+07	2.22045e-16	2.22045e-16
7.03244e+07	2.22045e-16	2.22045e-16
7.03165e+07	2.22045e-16	2.22045e-16
7.03087e+07	2.22045e-16	2.22045e-16
7.03009e+07	2.22045e-16	2.22045e-16
7.02932e+07	2.22045e-16	2.22045e-16
7.02856e+07	2.22045e-16	2.22045e-16
7.02779e+07	2.22045e-16	2.22045e-16
7.02704e+07	2.22045e-16	2.22045e-16
7.02628e+07	2.22045e-16	2.22045e-16
7.02553e+07	2.22045e-16	2.22045e-16
7.02479e+07	2.22045e-16	2.22045e-16
7.02405e+07	2.22045e-16	2.22045e-16
7.02332e+07	2.22045e-16	2.22045e-16
7.02259e+07	2.22045e-16	2.22045e-16
7.02186e+07	2.22045e-16	2.22045e-16
7.02114e+07	2.22045e-16	2.22045e-16
7.02042e+07	2.22045e-16	2.22045e-16
7.01971e+07	2.22045e-16	2.22045e-16
7.019e+07	2.22045e-16	2.22045e-16
7.0183e+07	2.22045e-16	2.22045e-16
7.0176e+07	2.22045e-16	2.22045e-16
7.0169e+07	2.22045e-16	2.22045e-16
7.01621e+07	2.22045e-16	2.22045e-16
7.01552e+07	2.22045e-16	2.22045e-16
7.01484e+07	2.22045e-16	2.22045e-16
7.01416e+07	2.22045e-16	2.22045e-16
7.01349e+07	2.22045e-16	2.22045e-16
7.01281e+07	2.22045e-16	2.22045e-16
7.01215e+07	2.22045e-16	2.22045e-16
7.01148e+07	2.22045e-16	2.22045e-16
7.01083e+07	2.22045e-16	2.22045e-16
7.01017e+07	2.22045e-16	2.22045e-16
7.00952e+07	2.22045e-16	2.22045e-16
7.00887e+07	2.22045e-16	2.22045e-16
7.00823e+07	2.22045e-16	2.22045e-16
7.00759e+07	2.22045e-16	2.22045e-16
7.00696e+07	2.22045e-16	2.22045e-16
7.00632e+07	2.22045e-16	2.22045e-16
7.0057e+07	2.22045e-16	2.22045e-16
7.00507e+07	2.22045e-16	2.22045e-16
7.00445e+07	2.22045e-16	2.22045e-16
7.00384e+07	2.22045e-16	2.22045e-16
7.00322e+07	2.22045e-16	2.22045e-16
7.00261e+07	2.22045e-16	2.22045e-16
7.00201e+07	2.22045e-16	2.22045e-16
7.00141e+07	2.22045e-16	2.22045e-16
7.00081e+07	2.22045e-16	2.22045e-16
7.00022e+07	2.22045e-16	2.22045e-16
6.99962e+07	2.22045e-16	2.22045e-16
6.99904e+07	2.22045e-16	2.22045e-16
6.99845e+07	2.22045e-16	2.22045e-16
6.99787e+07	2.22045e-16	2.22045e-16
6.9973e+07	2.22045e-16	2.22045e-16
6.99672e+07	2.22045e-16	2.22045e-16
6.99615e+07	2.22045e-16	2.22045e-16
6.99559e+07	2.22045e-16	2.22045e-16
6.99502e+07	2.22045e-16	2.22045e-16
6.99447e+07	2.22045e-16	2.22045e-16
6.99391e+07	2.22045e-16	2.22045e-16
6.99336e+07	2.22045e-16	2.22045e-16
6.99281e+07	2.22045e-16	2.22045e-16
6.99226e+07	2.22045e-16	2.22045e-16
6.99172e+07	2.22045e-16	2.22045e-16
6.99118e+07	2.22045e-16	2.22045e-16
6.99064e+07	2.22045e-16	2.22045e-16
6.99011e+07	2.22045e-16	2.22045e-16
6.98958e+07	2.22045e-16	2.22045e-16
6.98905e+07	2.22045e-16	2.22045e-16
6.98853e+07	2.22045e-16	2.22045e-16
6.98801e+07	2.22045e-16	2.22045e-16
6.98749e+07	2.22045e-16	2.22045e-16
6.98698e+07	2.22045e-16	2.22045e-16
6.98647e+07	2.22045e-16	2.22045e-16
6.98596e+07	2.22045e-16	2.22045e-16
6.98545e+07	2.22045e-16	2.22045e-16
6.98495e+07	2.22045e-16	2.22045e-16
6.98445e+07	2.22045e-16	2.22045e-16
6.98396e+07	2.22045e-16	2.22045e-16
6.98346e+07	2.22045e-16	2.22045e-16
6.98298e+07	2.22045e-16	2.22045e-16
6.98249e+07	2.22045e-16	2.22045e-16
6.982e+07	2.22045e-16	2.22045e-16
6.98152e+07	2.22045e-16	2.22045e-16
6.98105e+07	2.22045e-16	2.22045e-16
6.98057e+07	2.22045e-16	2.22045e-16
6.9801e+07	2.22045e-16	2.22045e-16
6.97963e+07	2.22045e-16	2.22045e-16
6.97916e+07	2.22045e-16	2.22045e-16
6.9787e+07	2.22045e-16	2.22045e-16
6.97824e+07	2.22045e-16	2.22045e-16
6.97778e+07	2.22045e-16	2.22045e-16
6.97732e+07	2.22045e-16	2.22045e-16
6.97687e+07	2.22045e-16	2.22045e-16
6.97642e+07	2.22045e-16	2.22045e-16
6.97597e+07	2.22045e-16	2.22045e-16
6.97553e+07	2.22045e-16	2.22045e-16
6.97509e+07	2.22045e-16	2.22045e-16
6.97465e+07	2.22045e-16	2.22045e-16
6.97421e+07	2.22045e-16	2.22045e-16
6.97378e+07	2.22045e-16	2.22045e-16
6.97334e+07	2.22045e-16	2.22045e-16
6.97292e+07	2.22045e-16	2.22045e-16
6.97249e+07	2.22045e-16	2.22045e-16
6.97207e+07	2.22045e-16	2.22045e-16
6.97164e+07	2.22045e-16	2.22045e-16
6.97123e+07	2.22045e-16	2.22045e-16
6.97081e+07	2.22045e-16	2.22045e-16
6.9704e+07	2.22045e-16	2.22045e-16
6.96998e+07	2.22045e-16	2.22045e-16
6.96958e+07	2.22045e-16	2.22045e-16
6.96917e+07	2.22045e-16	2.22045e-16
6.96877e+07	2.22045e-16	2.22045e-16
6.96836e+07	2.22045e-16	2.22045e-16
6.96797e+07	2.22045e-16	2.22045e-16
6.96757e+07	2.22045e-16	2.22045e-16
6.96718e+07	2.22045e-16	2.22045e-16
6.96678e+07	2.22045e-16	2.22045e-16
6.96639e+07	2.22045e-16	2.22045e-16
6.96601e+07	2.22045e-16	2.22045e-16
6.96562e+07	2.22045e-16	2.22045e-16
6.96524e+07	2.22045e-16	2.22045e-16
6.96486e+07	2.22045e-16	2.22045e-16
6.96448e+07	2.22045e-16	2.22045e-16
6.96411e+07	2.22045e-16	2.22045e-16
6.96373e+07	2.22045e-16	2.22045e-16
6.96336e+07	2.22045e-16	2.22045e-16
6.96299e+07	2.22045e-16	2.22045e-16
6.96263e+07	2.22045e-16	2.22045e-16
6.96226e+07	2.22045e-16	2.22045e-16
6.9619e+07	2.22045e-16	2.22045e-16
6.96154e+07	2.22045e-16	2.22045e-16
6.96118e+07	2.22045e-16	2.22045e-16
6.96083e+07	2.22045e-16	2.22045e-16
6.96047e+07	2.22045e-16	2.22045e-16
6.96012e+07	2.22045e-16	2.22045e-16
6.95977e+07	2.22045e-16	2.22045e-16
6.95943e+07	2.22045e-16	2.22045e-16
6.95908e+07	2.22045e-16	2.22045e-16
6.95874e+07	2.22045e-16	2.22045e-16
6.9584e+07	2.22045e-16	2.22045e-16
6.95806e+07	2.22045e-16	2.22045e-16
6.95772e+07	2.22045e-16	2.22045e-16
6.95739e+07	2.22045e-16	2.22045e-16
6.95705e+07	2.22045e-16	2.22045e-16
6.95672e+07	2.22045e-16	2.22045e-16
6.95639e+07	2.22045e-16	2.22045e-16
6.95607e+07	2.22045e-16	2.22045e-16
6.95574e+07	2.22045e-16	2.22045e-16
6.95542e+07	2.22045e-16	2.22045e-16
6.9551e+07	2.22045e-16	2.22045e-16
6.95478e+07	2.22045e-16	2.22045e-16
6.95446e+07	2.22045e-16	2.22045e-16
6.95415e+07	2.22045e-16	2.22045e-16
6.95383e+07	2.22045e-16	2.22045e-16
6.95352e+07	2.22045e-16	2.22045e-16
6.95321e+07	2.22045e-16	2.22045e-16
6.9529e+07	2.22045e-16	2.22045e-16
6.9526e+07	2.22045e-16	2.22045e-16
6.95229e+07	2.22045e-16	2.22045e-16
6.95199e+07	2.22045e-16	2.22045e-16
6.95169e+07	2.22045e-16	2.22045e-16
6.95139e+07	2.22045e-16	2.22045e-16
6.9511e+07	2.22045e-16	2.22045e-16
6.9508e+07	2.22045e-16	2.22045e-16
6.95051e+07	2.22045e-16	2.22045e-16
6.95022e+07	2.22045e-16	2.22045e-16
6.94993e+07	2.22045e-16	2.22045e-16
6.94964e+07	2.22045e-16	2.22045e-16
6.94935e+07	2.22045e-16	2.22045e-16
6.94907e+07	2.22045e-16	2.22045e-16
6.94878e+07	2.22045e-16	2.22045e-16
6.9485e+07	2.22045e-16	2.22045e-16
6.94822e+07	2.22045e-16	2.22045e-16
6.94795e+07	2.22045e-16	2.22045e-16
6.94767e+07	2.22045e-16	2.22045e-16
6.9474e+07	2.22045e-16	2.22045e-16
6.94712e+07	2.22045e-16	2.22045e-16
6.94685e+07	2.22045e-16	2.22045e-16
6.94658e+07	2.22045e-16	2.22045e-16
6.94631e+07	2.22045e-16	2.22045e-16
6.94605e+07	2.22045e-16	2.22045e-16
6.94578e+07	2.22045e-16	2.22045e-16
6.94552e+07	2.22045e-16	2.22045e-16
6.94526e+07	2.22045e-16	2.22045e-16
6.945e+07	2.22045e-16	2.22045e-16
6.94474e+07	2.22045e-16	2.22045e-16
6.94448e+07	2.22045e-16	2.22045e-16
6.94423e+07	2.22045e-16	2.22045e-16
6.94397e+07	2.22045e-16	2.22045e-16
6.94372e+07	2.22045e-16	2.22045e-16
6.94347e+07	2.22045e-16	2.22045e-16
6.94322e+07	2.22045e-16	2.22045e-16
6.94297e+07	2.22045e-16	2.22045e-16
6.94273e+07	2.22045e-16	2.22045e-16
6.94248e+07	2.22045e-16	2.22045e-16
6.94224e+07	2.22045e-16	2.22045e-16
6.942e+07	2.22045e-16	2.22045e-16
6.94176e+07	2.22045e-16	2.22045e-16
6.94152e+07	2.22045e-16	2.22045e-16
6.94128e+07	2.22045e-16	2.22045e-16
6.94104e+07	2.22045e-16	2.22045e-16
6.94081e+07	2.22045e-16	2.22045e-16
6.94058e+07	2.22045e-16	2.22045e-16
6.94035e+07	2.22045e-16	2.22045e-16
6.94011e+07	2.22045e-16	2.22045e-16
6.93989e+07	2.22045e-16	2.22045e-16
6.93966e+07	2.22045e-16	2.22045e-16
6.93943e+07	2.22045e-16	2.22045e-16
6.93921e+07	2.22045e-16	2.22045e-16
6.93898e+07	2.22045e-16	2.22045e-16
6.93876e+07	2.22045e-16	2.22045e-16
6.93854e+07	2.22045e-16	2.22045e-16
6.93832e+07	2.22045e-16	2.22045e-16
6.9381e+07	2.22045e-16	2.22045e-16
6.93788e+07	2.22045e-16	2.22045e-16
6.93767e+07	2.22045e-16	2.22045e-16
6.93745e+07	2.22045e-16	2.22045e-16
6.93724e+07	2.22045e-16	2.22045e-16
6.93703e+07	2.22045e-16	2.22045e-16
6.93682e+07	2.22045e-16	2.22045e-16
6.93661e+07	2.22045e-16	2.22045e-16
6.9364e+07	2.22045e-16	2.22045e-16
6.9362e+07	2.22045e-16	2.22045e-16
6.93599e+07	2.22045e-16	2.22045e-16
6.93579e+07	2.22045e-16	2.22045e-16
6.93558e+07	2.22045e-16	2.22045e-16
6.93538e+07	2.22045e-16	2.22045e-16
6.93518e+07	2.22045e-16	2.22045e-16
6.93498e+07	2.22045e-16	2.22045e-16
6.93478e+07	2.22045e-16	2.22045e-16
6.93458e+07	2.22045e-16	2.22045e-16
6.93439e+07	2.22045e-16	2.22045e-16
6.93419e+07	2.22045e-16	2.22045e-16
6.934e+07	2.22045e-16	2.22045e-16
6.93381e+07	2.22045e-16	2.22045e-16
6.93362e+07	2.22045e-16	2.22045e-16
6.93343e+07	2.22045e-16	2.22045e-16
6.93324e+07	2.22045e-16	2.22045e-16
6.93305e+07	2.22045e-16	2.22045e-16
6.93286e+07	2.22045e-16	2.22045e-16
6.93268e+07	2.22045e-16	2.22045e-16
6.93249e+07	2.22045e-16	2.22045e-16
6.93231e+07	2.22045e-16	2.22045e-16
6.93213e+07	2.22045e-16	2.22045e-16
6.93195e+07	2.22045e-16	2.22045e-16
6.93177e+07	2.22045e-16	2.22045e-16
6.93159e+07	2.22045e-16	2.22045e-16
6.93141e+07	2.22045e-16	2.22045e-16
6.93123e+07	2.22045e-16	2.22045e-16
6.93106e+07	2.22045e-16	2.22045e-16
6.93088e+07	2.22045e-16	2.22045e-16
6.93071e+07	2.22045e-16	2.22045e-16
6.93054e+07	2.22045e-16	2.22045e-16
6.93036e+07	2.22045e-16	2.22045e-16
6.93019e+07	2.22045e-16	2.22045e-16
6.93002e+07	2.22045e-16	2.22045e-16
6.92986e+07	2.22045e-16	2.22045e-16
6.92969e+07	2.22045e-16	2.22045e-16
6.92952e+07	2.22045e-16	2.22045e-16
6.92936e+07	2.22045e-16	2.22045e-16
6.92919e+07	2.22045e-16	2.22045e-16
6.92903e+07	2.22045e-16	2.22045e-16
6.92887e+07	2.22045e-16	2.22045e-16
6.9287e+07	2.22045e-16	2.22045e-16
6.92854e+07	2.22045e-16	2.22045e-16
6.92838e+07	2.22045e-16	2.22045e-16
6.92823e+07	2.22045e-16	2.22045e-16
6.92807e+07	2.22045e-16	2.22045e-16
6.92791e+07	2.22045e-16	2.22045e-16
6.92775e+07	2.22045e-16	2.22045e-16
6.9276e+07	2.22045e-16	2.22045e-16
6.92745e+07	2.22045e-16	2.22045e-16
6.92729e+07	2.22045e-16	2.22045e-16
6.92714e+07	2.22045e-16	2.22045e-16
6.92699e+07	2.22045e-16	2.22045e-16
6.92684e+07	2.22045e-16	2.22045e-16
6.92669e+07	2.22045e-16	2.22045e-16
6.92654e+07	2.22045e-16	2.22045e-16
6.92639e+07	2.22045e-16	2.22045e-16
6.92625e+07	2.22045e-16	2.22045e-16
6.9261e+07	2.22045e-16	2.22045e-16
6.92596e+07	2.22045e-16	2.22045e-16
6.92581e+07	2.22045e-16	2.22045e-16
6.92567e+07	2.22045e-16	2.22045e-16
6.92553e+07	2.22045e-16	2.22045e-16
6.92538e+07	2.22045e-16	2.22045e-16
6.92524e+07	2.22045e-16	2.22045e-16
6.9251e+07	2.22045e-16	2.22045e-16
6.92497e+07	2.22045e-16	2.22045e-16
6.92483e+07	2.22045e-16	2.22045e-16
6.92469e+07	2.22045e-16	2.22045e-16
6.92455e+07	2.22045e-16	2.22045e-16
6.92442e+07	2.22045e-16	2.22045e-16
6.92428e+07	2.22045e-16	2.22045e-16
6.92415e+07	2.22045e-16	2.22045e-16
6.92402e+07	2.22045e-16	2.22045e-16
6.92388e+07	2.22045e-16	2.22045e-16
6.92375e+07	2.22045e-16	2.22045e-16
6.92362e+07	2.22045e-16	2.22045e-16
6.92349e+07	2.22045e-16	2.22045e-16
6.92336e+07	2.22045e-16	2.22045e-16
6.92323e+07	2.22045e-16	2.22045e-16
6.9231e+07	2.22045e-16	2.22045e-16
6.92298e+07	2.22045e-16	2.22045e-16
6.92285e+07	2.22045e-16	2.22045e-16
6.92273e+07	2.22045e-16	2.22045e-16
6.9226e+07	2.22045e-16	2.22045e-16
6.92248e+07	2.22045e-16	2.22045e-16
6.92235e+07	2.22045e-16	2.22045e-16
6.92223e+07	2.22045e-16	2.22045e-16
6.92211e+07	2.22045e-16	2.22045e-16
6.92199e+07	2.22045e-16	2.22045e-16
6.92187e+07	2.22045e-16	2.22045e-16
6.92175e+07	2.22045e-16	2.22045e-16
6.92163e+07	2.22045e-16	2.22045e-16
6.92151e+07	2.22045e-16	2.22045e-16
6.92139e+07	2.22045e-16	2.22045e-16
6.92128e+07	2.22045e-16	2.22045e-16
6.92116e+07	2.22045e-16	2.22045e-16
6.92105e+07	2.22045e-16	2.22045e-16
6.92093e+07	2.22045e-16	2.22045e-16
6.92082e+07	2.22045e-16	2.22045e-16
6.9207e+07	2.22045e-16	2.22045e-16
6.92059e+07	2.22045e-16	2.22045e-16
6.92048e+07	2.22045e-16	2.22045e-16
6.92037e+07	2.22045e-16	2.22045e-16
6.92026e+07	2.22045e-16	2.22045e-16
6.92015e+07	2.22045e-16	2.22045e-16
6.92004e+07	2.22045e-16	2.22045e-16
6.91993e+07	2.22045e-16	2.22045e-16
6.91982e+07	2.22045e-16	2.22045e-16
6.91971e+07	2.22045e-16	2.22045e-16
6.91961e+07	2.22045e-16	2.22045e-16
6.9195e+07	2.22045e-16	2.22045e-16
6.9194e+07	2.22045e-16	2.22045e-16
6.91929e+07	2.22045e-16	2.22045e-16
6.91919e+07	2.22045e-16	2.22045e-16
6.91908e+07	2.22045e-16	2.22045e-16
6.91898e+07	2.22045e-16	2.22045e-16
6.91888e+07	2.22045e-16	2.22045e-16
6.91878e+07	2.22045e-16	2.22045e-16
6.91867e+07	2.22045e-16	2.22045e-16
6.91857e+07	2.22045e-16	2.22045e-16
6.91847e+07	2.22045e-16	2.22045e-16
6.91838e+07	2.22045e-16	2.22045e-16
6.91828e+07	2.22045e-16	2.22045e-16
6.91818e+07	2.22045e-16	2.22045e-16
6.91808e+07	2.22045e-16	2.22045e-16
6.91798e+07	2.22045e-16	2.22045e-16
6.91789e+07	2.22045e-16	2.22045e-16
6.91779e+07	2.22045e-16	2.22045e-16
6.9177e+07	2.22045e-16	2.22045e-16
6.9176e+07	2.22045e-16	2.22045e-16
6.91751e+07	2.22045e-16	2.22045e-16
6.91741e+07	2.22045e-16	2.22045e-16
6.91732e+07	2.22045e-16	2.22045e-16
6.91723e+07	2.22045e-16	2.22045e-16
6.91714e+07	2.22045e-16	2.22045e-16
6.91705e+07	2.22045e-16	2.22045e-16
6.91696e+07	2.22045e-16	2.22045e-16
6.91687e+07	2.22045e-16	2.22045e-16
6.91678e+07	2.22045e-16	2.22045e-16
6.91669e+07	2.22045e-16	2.22045e-16
6.9166e+07	2.22045e-16	2.22045e-16
6.91651e+07	2.22045e-16	2.22045e-16
6.91642e+07	2.22045e-16	2.22045e-16
6.91634e+07	2.22045e-16	2.22045e-16
6.91625e+07	2.22045e-16	2.22045e-16
6.91616e+07	2.22045e-16	2.22045e-16
6.91608e+07	2.22045e-16	2.22045e-16
6.91599e+07	2.22045e-16	2.22045e-16
6.91591e+07	2.22045e-16	2.22045e-16
6.91582e+07	2.22045e-16	2.22045e-16
6.91574e+07	2.22045e-16	2.22045e-16
6.91566e+07	2.22045e-16	2.22045e-16
6.91558e+07	2.22045e-16	2.22045e-16
6.91549e+07	2.22045e-16	2.22045e-16
6.91541e+07	2.22045e-16	2.22045e-16
6.91533e+07	2.22045e-16	2.22045e-16
6.91525e+07	2.22045e-16	2.22045e-16
6.91517e+07	2.22045e-16	2.22045e-16
6.91509e+07	2.22045e-16	2.22045e-16
6.91501e+07	2.22045e-16	2.22045e-16
6.91493e+07	2.22045e-16	2.22045e-16
6.91486e+07	2.22045e-16	2.22045e-16
6.91478e+07	2.22045e-16	2.22045e-16
6.9147e+07	2.22045e-16	2.22045e-16
6.91462e+07	2.22045e-16	2.22045e-16
6.91455e+07	2.22045e-16	2.22045e-16
6.91447e+07	2.22045e-16	2.22045e-16
6.9144e+07	2.22045e-16	2.22045e-16
6.91432e+07	2.22045e-16	2.22045e-16
6.91425e+07	2.22045e-16	2.22045e-16
6.91417e+07	2.22045e-16	2.22045e-16
6.9141e+07	2.22045e-16	2.22045e-16
6.91403e+07	2.22045e-16	2.22045e-16
6.91396e+07	2.22045e-16	2.22045e-16
6.91388e+07	2.22045e-16	2.22045e-16
6.91381e+07	2.22045e-16	2.22045e-16
6.91374e+07	2.22045e-16	2.22045e-16
6.91367e+07	2.22045e-16	2.22045e-16
6.9136e+07	2.22045e-16	2.22045e-16
6.91353e+07	2.22045e-16	2.22045e-16
6.91346e+07	2.22045e-16	2.22045e-16
6.91339e+07	2.22045e-16	2.22045e-16
6.91332e+07	2.22045e-16	2.22045e-16
6.91325e+07	2.22045e-16	2.22045e-16
6.91318e+07	2.22045e-16	2.22045e-16
6.91312e+07	2.22045e-16	2.22045e-16
6.91305e+07	2.22045e-16	2.22045e-16
6.91298e+07	2.22045e-16	2.22045e-16
6.91292e+07	2.22045e-16	2.22045e-16
6.91285e+07	2.22045e-16	2.22045e-16
6.91279e+07	2.22045e-16	2.22045e-16
6.91272e+07	2.22045e-16	2.22045e-16
6.91266e+07	2.22045e-16	2.22045e-16
6.91259e+07	2.22045e-16	2.22045e-16
6.91253e+07	2.22045e-16	2.22045e-16
6.91246e+07	2.22045e-16	2.22045e-16
6.9124e+07	2.22045e-16	2.22045e-16
6.91234e+07	2.22045e-16	2.22045e-16
6.91227e+07	2.22045e-16	2.22045e-16
6.91221e+07	2.22045e-16	2.22045e-16
6.91215e+07	2.22045e-16	2.22045e-16
6.91209e+07	2.22045e-16	2.22045e-16
6.91203e+07	2.22045e-16	2.22045e-16
6.91197e+07	2.22045e-16	2.22045e-16
6.91191e+07	2.22045e-16	2.22045e-16
6.91185e+07	2.22045e-16	2.22045e-16
6.91179e+07	2.22045e-16	2.22045e-16
6.91173e+07	2.22045e-16	2.22045e-16
6.91167e+07	2.22045e-16	2.22045e-16
6.91161e+07	2.22045e-16	2.22045e-16
6.91155e+07	2.22045e-16	2.22045e-16
6.9115e+07	2.22045e-16	2.22045e-16
6.91144e+07	2.22045e-16	2.22045e-16
6.91138e+07	2.22045e-16	2.22045e-16
6.91132e+07	2.22045e-16	2.22045e-16
6.91127e+07	2.22045e-16	2.22045e-16
6.91121e+07	2.22045e-16	2.22045e-16
6.91116e+07	2.22045e-16	2.22045e-16
6.9111e+07	2.22045e-16	2.22045e-16
6.91105e+07	2.22045e-16	2.22045e-16
6.91099e+07	2.22045e-16	2.22045e-16
6.91094e+07	2.22045e-16	2.22045e-16
6.91088e+07	2.22045e-16	2.22045e-16
6.91083e+07	2.22045e-16	2.22045e-16
6.91077e+07	2.22045e-16	2.22045e-16
6.91072e+07	2.22045e-16	2.22045e-16
6.91067e+07	2.22045e-16	2.22045e-16
6.91062e+07	2.22045e-16	2.22045e-16
6.91056e+07	2.22045e-16	2.22045e-16
6.91051e+07	2.22045e-16	2.22045e-16
6.91046e+07	2.22045e-16	2.22045e-16
6.91041e+07	2.22045e-16	2.22045e-16
6.91036e+07	2.22045e-16	2.22045e-16
6.91031e+07	2.22045e-16	2.22045e-16
6.91026e+07	2.22045e-16	2.22045e-16
6.91021e+07	2.22045e-16	2.22045e-16
6.91016e+07	2.22045e-16	2.22045e-16
6.91011e+07	2.22045e-16	2.22045e-16
6.91006e+07	2.22045e-16	2.22045e-16
6.91001e+07	2.22045e-16	2.22045e-16
6.90996e+07	2.22045e-16	2.22045e-16
6.90991e+07	2.22045e-16	2.22045e-16
6.90987e+07	2.22045e-16	2.22045e-16
6.90982e+07	2.22045e-16	2.22045e-16
6.90977e+07	2.22045e-16	2.22045e-16
6.90972e+07	2.22045e-16	2.22045e-16
6.90968e+07	2.22045e-16	2.22045e-16
6.90963e+07	2.22045e-16	2.22045e-16
6.90958e+07	2.22045e-16	2.22045e-16
6.90954e+07	2.22045e-16	2.22045e-16
6.90949e+07	2.22045e-16	2.22045e-16
6.90945e+07	2.22045e-16	2.22045e-16
6.9094e+07	2.22045e-16	2.22045e-16
6.90936e+07	2.22045e-16	2.22045e-16
6.90931e+07	2.22045e-16	2.22045e-16
6.90927e+07	2.22045e-16	2.22045e-16
6.90922e+07	2.22045e-16	2.22045e-16
6.90918e+07	2.22045e-16	2.22045e-16
6.90914e+07	2.22045e-16	2.22045e-16
6.90909e+07	2.22045e-16	2.22045e-16
6.90905e+07	2.22045e-16	2.22045e-16
6.90901e+07	2.22045e-16	2.22045e-16
6.90896e+07	2.22045e-16	2.22045e-16
6.90892e+07	2.22045e-16	2.22045e-16
6.90888e+07	2.22045e-16	2.22045e-16
6.90884e+07	2.22045e-16	2.22045e-16
6.9088e+07	2.22045e-16	2.22045e-16
6.90875e+07	2.22045e-16	2.22045e-16
6.90871e+07	2.22045e-16	2.22045e-16
6.90867e+07	2.22045e-16	2.22045e-16
6.90863e+07	2.22045e-16	2.22045e-16
6.90859e+07	2.22045e-16	2.22045e-16
6.90855e+07	2.22045e-16	2.22045e-16
6.90851e+07	2.22045e-16	2.22045e-16
6.90847e+07	2.22045e-16	2.22045e-16
6.90843e+07	2.22045e-16	2.22045e-16
6.90839e+07	2.22045e-16	2.22045e-16
6.90836e+07	2.22045e-16	2.22045e-16
6.90832e+07	2.22045e-16	2.22045e-16
6.90828e+07	2.22045e-16	2.22045e-16
6.90824e+07	2.22045e-16	2.22045e-16
6.9082e+07	2.22045e-16	2.22045e-16
6.90816e+07	2.22045e-16	2.22045e-16
6.90813e+07	2.22045e-16	2.22045e-16
6.90809e+07	2.22045e-16	2.22045e-16
6.90805e+07	2.22045e-16	2.22045e-16
6.90802e+07	2.22045e-16	2.22045e-16
6.90798e+07	2.22045e-16	2.22045e-16
6.90794e+07	2.22045e-16	2.22045e-16
6.90791e+07	2.22045e-16	2.22045e-16
6.90787e+07	2.22045e-16	2.22045e-16
6.90783e+07	2.22045e-16	2.22045e-16
6.9078e+07	2.22045e-16	2.22045e-16
6.90776e+07	2.22045e-16	2.22045e-16
6.90773e+07	2.22045e-16	2.22045e-16
6.90769e+07	2.22045e-16	2.22045e-16
6.90766e+07	2.22045e-16	2.22045e-16
6.90762e+07	2.22045e-16	2.22045e-16
6.90759e+07	2.22045e-16	2.22045e-16
6.90756e+07	2.22045e-16	2.22045e-16
6.90752e+07	2.22045e-16	2.22045e-16
6.90749e+07	2.22045e-16	2.22045e-16
6.90746e+07	2.22045e-16	2.22045e-16
6.90742e+07	2.22045e-16	2.22045e-16
6.90739e+07	2.22045e-16	2.22045e-16
6.90736e+07	2.22045e-16	2.22045e-16
6.90732e+07	2.22045e-16	2.22045e-16
6.90729e+07	2.22045e-16	2.22045e-16
6.90726e+07	2.22045e-16	2.22045e-16
6.90723e+07	2.22045e-16	2.22045e-16
6.90719e+07	2.22045e-16	2.22045e-16
6.90716e+07	2.22045e-16	2.22045e-16
6.90713e+07	2.22045e-16	2.22045e-16
6.9071e+07	2.22045e-16	2.22045e-16
6.90707e+07	2.22045e-16	2.22045e-16
6.90704e+07	2.22045e-16	2.22045e-16
6.90701e+07	2.22045e-16	2.22045e-16
6.90698e+07	2.22045e-16	2.22045e-16
6.90695e+07	2.22045e-16	2.22045e-16
6.90692e+07	2.22045e-16	2.22045e-16
6.90689e+07	2.22045e-16	2.22045e-16
6.90686e+07	2.22045e-16	2.22045e-16
6.90683e+07	2.22045e-16	2.22045e-16
6.9068e+07	2.22045e-16	2.22045e-16
6.90677e+07	2.22045e-16	2.22045e-16
6.90674e+07	2.22045e-16	2.22045e-16
6.90671e+07	2.22045e-16	2.22045e-16
6.90668e+07	2.22045e-16	2.22045e-16
6.90665e+07	2.22045e-16	2.22045e-16
6.90662e+07	2.22045e-16	2.22045e-16
6.9066e+07	2.22045e-16	2.22045e-16
6.90657e+07	2.22045e-16	2.22045e-16
6.90654e+07	2.22045e-16	2.22045e-16
6.90651e+07	2.22045e-16	2.22045e-16
6.90648e+07	2.22045e-16	2.22045e-16
6.90646e+07	2.22045e-16	2.22045e-16
6.90643e+07	2.22045e-16	2.22045e-16
6.9064e+07	2.22045e-16	2.22045e-16
6.90638e+07	2.22045e-16	2.22045e-16
6.90635e+07	2.22045e-16	2.22045e-16
6.90632e+07	2.22045e-16	2.22045e-16
6.9063e+07	2.22045e-16	2.22045e-16
6.90627e+07	2.22045e-16	2.22045e-16
6.90624e+07	2.22045e-16	2.22045e-16
6.90622e+07	2.22045e-16	2.22045e-16
6.90619e+07	2.22045e-16	2.22045e-16
6.90617e+07	2.22045e-16	2.22045e-16
6.90614e+07	2.22045e-16	2.22045e-16
6.90611e+07	2.22045e-16	2.22045e-16
6.90609e+07	2.22045e-16	2.22045e-16
6.90606e+07	2.22045e-16	2.22045e-16
6.90604e+07	2.22045e-16	2.22045e-16
6.90601e+07	2.22045e-16	2.22045e-16
6.90599e+07	2.22045e-16	2.22045e-16
6.90597e+07	2.22045e-16	2.22045e-16
6.90594e+07	2.22045e-16	2.22045e-16
6.90592e+07	2.22045e-16	2.22045e-16
6.90589e+07	2.22045e-16	2.22045e-16
6.90587e+07	2.22045e-16	2.22045e-16
6.90584e+07	2.22045e-16	2.22045e-16
6.90582e+07	2.22045e-16	2.22045e-16
6.9058e+07	2.22045e-16	2.22045e-16
6.90577e+07	2.22045e-16	2.22045e-16
6.90575e+07	2.22045e-16	2.22045e-16
6.90573e+07	2.22045e-16	2.22045e-16
6.90571e+07	2.22045e-16	2.22045e-16
6.90568e+07	2.22045e-16	2.22045e-16
6.90566e+07	2.22045e-16	2.22045e-16
6.90564e+07	2.22045e-16	2.22045e-16
6.90562e+07	2.22045e-16	2.22045e-16
6.90559e+07	2.22045e-16	2.22045e-16
6.90557e+07	2.22045e-16	2.22045e-16
6.90555e+07	2.22045e-16	2.22045e-16
6.90553e+07	2.22045e-16	2.22045e-16
6.90551e+07	2.22045e-16	2.22045e-16
6.90548e+07	2.22045e-16	2.22045e-16
6.90546e+07	2.22045e-16	2.22045e-16
6.90544e+07	2.22045e-16	2.22045e-16
6.90542e+07	2.22045e-16	2.22045e-16
6.9054e+07	2.22045e-16	2.22045e-16
6.90538e+07	2.22045e-16	2.22045e-16
6.90536e+07	2.22045e-16	2.22045e-16
6.90534e+07	2.22045e-16	2.22045e-16
6.90532e+07	2.22045e-16	2.22045e-16
6.90529e+07	2.22045e-16	2.22045e-16
6.90527e+07	2.22045e-16	2.22045e-16
6.90525e+07	2.22045e-16	2.22045e-16
6.90523e+07	2.22045e-16	2.22045e-16
6.90521e+07	2.22045e-16	2.22045e-16
6.90519e+07	2.22045e-16	2.22045e-16
6.90517e+07	2.22045e-16	2.22045e-16
6.90516e+07	2.22045e-16	2.22045e-16
6.90514e+07	2.22045e-16	2.22045e-16
6.90512e+07	2.22045e-16	2.22045e-16
6.9051e+07	2.22045e-16	2.22045e-16
6.90508e+07	2.22045e-16	2.22045e-16
6.90506e+07	2.22045e-16	2.22045e-16
6.90504e+07	2.22045e-16	2.22045e-16
6.90502e+07	2.22045e-16	2.22045e-16
6.905e+07	2.22045e-16	2.22045e-16
6.90498e+07	2.22045e-16	2.22045e-16
6.90497e+07	2.22045e-16	2.22045e-16
6.90495e+07	2.22045e-16	2.22045e-16
6.90493e+07	2.22045e-16	2.22045e-16
6.90491e+07	2.22045e-16	2.22045e-16
6.90489e+07	2.22045e-16	2.22045e-16
6.90487e+07	2.22045e-16	2.22045e-16
6.90486e+07	2.22045e-16	2.22045e-16
6.90484e+07	2.22045e-16	2.22045e-16
6.90482e+07	2.22045e-16	2.22045e-16
6.9048e+07	2.22045e-16	2.22045e-16
6.90479e+07	2.22045e-16	2.22045e-16
6.90477e+07	2.22045e-16	2.22045e-16
6.90475e+07	2.22045e-16	2.22045e-16
6.90474e+07	2.22045e-16	2.22045e-16
6.90472e+07	2.22045e-16	2.22045e-16
6.9047e+07	2.22045e-16	2.22045e-16
6.90468e+07	2.22045e-16	2.22045e-16
6.90467e+07	2.22045e-16	2.22045e-16
6.90465e+07	2.22045e-16	2.22045e-16
6.90463e+07	2.22045e-16	2.22045e-16
6.90462e+07	2.22045e-16	2.22045e-16
6.9046e+07	2.22045e-16	2.22045e-16
6.90459e+07	2.22045e-16	2.22045e-16
6.90457e+07	2.22045e-16	2.22045e-16
6.90455e+07	2.22045e-16	2.22045e-16
6.90454e+07	2.22045e-16	2.22045e-16
6.90452e+07	2.22045e-16	2.22045e-16
6.90451e+07	2.22045e-16	2.22045e-16
6.90449e+07	2.22045e-16	2.22045e-16
6.90448e+07	2.22045e-16	2.22045e-16
6.90446e+07	2.22045e-16	2.22045e-16
6.90444e+07	2.22045e-16	2.22045e-16
6.90443e+07	2.22045e-16	2.22045e-16
6.90441e+07	2.22045e-16	2.22045e-16
6.9044e+07	2.22045e-16	2.22045e-16
6.90438e+07	2.22045e-16	2.22045e-16
6.90437e+07	2.22045e-16	2.22045e-16
6.90435e+07	2.22045e-16	2.22045e-16
6.90434e+07	2.22045e-16	2.22045e-16
6.90433e+07	2.22045e-16	2.22045e-16
6.90431e+07	2.22045e-16	2.22045e-16
6.9043e+07	2.22045e-16	2.22045e-16
6.90428e+07	2.22045e-16	2.22045e-16
6.90427e+07	2.22045e-16	2.22045e-16
6.90425e+07	2.22045e-16	2.22045e-16
6.90424e+07	2.22045e-16	2.22045e-16
6.90423e+07	2.22045e-16	2.22045e-16
6.90421e+07	2.22045e-16	2.22045e-16
6.9042e+07	2.22045e-16	2.22045e-16
6.90418e+07	2.22045e-16	2.22045e-16
6.90417e+07	2.22045e-16	2.22045e-16
6.90416e+07	2.22045e-16	2.22045e-16
6.90414e+07	2.22045e-16	2.22045e-16
6.90413e+07	2.22045e-16	2.22045e-16
6.90412e+07	2.22045e-16	2.22045e-16
6.9041e+07	2.22045e-16	2.22045e-16
6.90409e+07	2.22045e-16	2.22045e-16
6.90408e+07	2.22045e-16	2.22045e-16
6.90406e+07	2.22045e-16	2.22045e-16
6.90405e+07	2.22045e-16	2.22045e-16
6.90404e+07	2.22045e-16	2.22045e-16
6.90403e+07	2.22045e-16	2.22045e-16
6.90401e+07	2.22045e-16	2.22045e-16
6.904e+07	2.22045e-16	2.22045e-16
6.90399e+07	2.22045e-16	2.22045e-16
6.90397e+07	2.22045e-16	2.22045e-16
6.90396e+07	2.22045e-16	2.22045e-16
6.90395e+07	2.22045e-16	2.22045e-16
6.90394e+07	2.22045e-16	2.22045e-16
6.90393e+07	2.22045e-16	2.22045e-16
6.90391e+07	2.22045e-16	2.22045e-16
6.9039e+07	2.22045e-16	2.22045e-16
6.90389e+07	2.22045e-16	2.22045e-16
6.90388e+07	2.22045e-16	2.22045e-16
6.90387e+07	2.22045e-16	2.22045e-16
6.90385e+07	2.22045e-16	2.22045e-16
6.90384e+07	2.22045e-16	2.22045e-16
6.90383e+07	2.22045e-16	2.22045e-16
6.90382e+07	2.22045e-16	2.22045e-16
6.90381e+07	2.22045e-16	2.22045e-16
6.9038e+07	2.22045e-16	2.22045e-16
6.90378e+07	2.22045e-16	2.22045e-16
6.90377e+07	2.22045e-16	2.22045e-16
6.90376e+07	2.22045e-16	2.22045e-16
6.90375e+07	2.22045e-16	2.22045e-16
6.90374e+07	2.22045e-16	2.22045e-16
6.90373e+07	2.22045e-16	2.22045e-16
6.90372e+07	2.22045e-16	2.22045e-16
6.90371e+07	2.22045e-16	2.22045e-16
6.9037e+07	2.22045e-16	2.22045e-16
6.90369e+07	2.22045e-16	2.22045e-16
6.90367e+07	2.22045e-16	2.22045e-16
6.90366e+07	2.22045e-16	2.22045e-16
6.90365e+07	2.22045e-16	2.22045e-16
6.90364e+07	2.22045e-16	2.22045e-16
6.90363e+07	2.22045e-16	2.22045e-16
6.90362e+07	2.22045e-16	2.22045e-16
6.90361e+07	2.22045e-16	2.22045e-16
6.9036e+07	2.22045e-16	2.22045e-16
6.90359e+07	2.22045e-16	2.22045e-16
6.90358e+07	2.22045e-16	2.22045e-16
6.90357e+07	2.22045e-16	2.22045e-16
6.90356e+07	2.22045e-16	2.22045e-16
6.90355e+07	2.22045e-16	2.22045e-16
6.90354e+07	2.22045e-16	2.22045e-16
6.90353e+07	2.22045e-16	2.22045e-16
6.90352e+07	2.22045e-16	2.22045e-16
6.90351e+07	2.22045e-16	2.22045e-16
6.9035e+07	2.22045e-16	2.22045e-16
6.90349e+07	2.22045e-16	2.22045e-16
6.90348e+07	2.22045e-16	2.22045e-16
6.90347e+07	2.22045e-16	2.22045e-16
6.90346e+07	2.22045e-16	2.22045e-16
6.90346e+07	2.22045e-16	2.22045e-16
6.90345e+07	2.22045e-16	2.22045e-16
6.90344e+07	2.22045e-16	2.22045e-16
6.90343e+07	2.22045e-16	2.22045e-16
6.90342e+07	2.22045e-16	2.22045e-16
6.90341e+07	2.22045e-16	2.22045e-16
6.9034e+07	2.22045e-16	2.22045e-16
6.90339e+07	2.22045e-16	2.22045e-16
6.90338e+07	2.22045e-16	2.22045e-16
6.90337e+07	2.22045e-16	2.22045e-16
6.90336e+07	2.22045e-16	2.22045e-16
6.90336e+07	2.22045e-16	2.22045e-16
6.90335e+07	2.22045e-16	2.22045e-16
6.90334e+07	2.22045e-16	2.22045e-16
6.90333e+07	2.22045e-16	2.22045e-16
6.90332e+07	2.22045e-16	2.22045e-16
6.90331e+07	2.22045e-16	2.22045e-16
6.9033e+07	2.22045e-16	2.22045e-16
6.9033e+07	2.22045e-16	2.22045e-16
6.90329e+07	2.22045e-16	2.22045e-16
6.90328e+07	2.22045e-16	2.22045e-16
6.90327e+07	2.22045e-16	2.22045e-16
6.90326e+07	2.22045e-16	2.22045e-16
6.90325e+07	2.22045e-16	2.22045e-16
6.90325e+07	2.22045e-16	2.22045e-16
6.90324e+07	2.22045e-16	2.22045e-16
6.90323e+07	2.22045e-16	2.22045e-16
6.90322e+07	2.22045e-16	2.22045e-16
6.90321e+07	2.22045e-16	2.22045e-16
6.90321e+07	2.22045e-16	2.22045e-16
6.9032e+07	2.22045e-16	2.22045e-16
6.90319e+07	2.22045e-16	2.22045e-16
6.90318e+07	2.22045e-16	2.22045e-16
6.90318e+07	2.22045e-16	2.22045e-16
6.90317e+07	2.22045e-16	2.22045e-16
6.90316e+07	2.22045e-16	2.22045e-16
6.90315e+07	2.22045e-16	2.22045e-16
6.90315e+07	2.22045e-16	2.22045e-16
6.90314e+07	2.22045e-16	2.22045e-16
6.90313e+07	2.22045e-16	2.22045e-16
6.90312e+07	2.22045e-16	2.22045e-16
6.90312e+07	2.22045e-16	2.22045e-16
6.90311e+07	2.22045e-16	2.22045e-16
6.9031e+07	2.22045e-16	2.22045e-16
6.90309e+07	2.22045e-16	2.22045e-16
6.90309e+07	2.22045e-16	2.22045e-16
6.90308e+07	2.22045e-16	2.22045e-16
6.90307e+07	2.22045e-16	2.22045e-16
6.90307e+07	2.22045e-16	2.22045e-16
6.90306e+07	2.22045e-16	2.22045e-16
6.90305e+07	2.22045e-16	2.22045e-16
6.90304e+07	2.22045e-16	2.22045e-16
6.90304e+07	2.22045e-16	2.22045e-16
6.90303e+07	2.22045e-16	2.22045e-16
6.90302e+07	2.22045e-16	2.22045e-16
6.90302e+07	2.22045e-16	2.22045e-16
6.90301e+07	2.22045e-16	2.22045e-16
6.903e+07	2.22045e-16	2.22045e-16
6.903e+07	2.22045e-16	2.22045e-16
6.90299e+07	2.22045e-16	2.22045e-16
6.90298e+07	2.22045e-16	2.22045e-16
6.90298e+07	2.22045e-16	2.22045e-16
6.90297e+07	2.22045e-16	2.22045e-16
6.90297e+07	2.22045e-16	2.22045e-16
6.90296e+07	2.22045e-16	2.22045e-16
6.90295e+07	2.22045e-16	2.22045e-16
6.90295e+07	2.22045e-16	2.22045e-16
6.90294e+07	2.22045e-16	2.22045e-16
6.90293e+07	2.22045e-16	2.22045e-16
6.90293e+07	2.22045e-16	2.22045e-16
6.90292e+07	2.22045e-16	2.22045e-16
6.90292e+07	2.22045e-16	2.22045e-16
6.90291e+07	2.22045e-16	2.22045e-16
6.9029e+07	2.22045e-16	2.22045e-16
6.9029e+07	2.22045e-16	2.22045e-16
6.90289e+07	2.22045e-16	2.22045e-16
6.90289e+07	2.22045e-16	2.22045e-16
6.90288e+07	2.22045e-16	2.22045e-16
6.90287e+07	2.22045e-16	2.22045e-16
6.90287e+07	2.22045e-16	2.22045e-16
6.90286e+07	2.22045e-16	2.22045e-16
6.90286e+07	2.22045e-16	2.22045e-16
6.90285e+07	2.22045e-16	2.22045e-16
6.90284e+07	2.22045e-16	2.22045e-16
6.90284e+07	2.22045e-16	2.22045e-16
6.90283e+07	2.22045e-16	2.22045e-16
6.90283e+07	2.22045e-16	2.22045e-16
6.90282e+07	2.22045e-16	2.22045e-16
6.90282e+07	2.22045e-16	2.22045e-16
6.90281e+07	2.22045e-16	2.22045e-16
6.90281e+07	2.22045e-16	2.22045e-16
6.9028e+07	2.22045e-16	2.22045e-16
6.90279e+07	2.22045e-16	2.22045e-16
6.90279e+07	2.22045e-16	2.22045e-16
6.90278e+07	2.22045e-16	2.22045e-16
6.90278e+07	2.22045e-16	2.22045e-16
6.90277e+07	2.22045e-16	2.22045e-16
6.90277e+07	2.22045e-16	2.22045e-16
6.90276e+07	2.22045e-16	2.22045e-16
6.90276e+07	2.22045e-16	2.22045e-16
6.90275e+07	2.22045e-16	2.22045e-16
6.90275e+07	2.22045e-16	2.22045e-16
6.90274e+07	2.22045e-16	2.22045e-16
6.90274e+07	2.22045e-16	2.22045e-16
6.90273e+07	2.22045e-16	2.22045e-16
6.90273e+07	2.22045e-16	2.22045e-16
6.90272e+07	2.22045e-16	2.22045e-16
6.90272e+07	2.22045e-16	2.22045e-16
6.90271e+07	2.22045e-16	2.22045e-16
6.90271e+07	2.22045e-16	2.22045e-16
6.9027e+07	2.22045e-16	2.22045e-16
6.9027e+07	2.22045e-16	2.22045e-16
6.90269e+07	2.22045e-16	2.22045e-16
6.90269e+07	2.22045e-16	2.22045e-16
6.90268e+07	2.22045e-16	2.22045e-16
6.90268e+07	2.22045e-16	2.22045e-16
6.90267e+07	2.22045e-16	2.22045e-16
6.90267e+07	2.22045e-16	2.22045e-16
6.90267e+07	2.22045e-16	2.22045e-16
6.90266e+07	2.22045e-16	2.22045e-16
6.90266e+07	2.22045e-16	2.22045e-16
6.90265e+07	2.22045e-16	2.22045e-16
6.90265e+07	2.22045e-16	2.22045e-16
6.90264e+07	2.22045e-16	2.22045e-16
6.90264e+07	2.22045e-16	2.22045e-16
6.90263e+07	2.22045e-16	2.22045e-16
6.90263e+07	2.22045e-16	2.22045e-16
6.90262e+07	2.22045e-16	2.22045e-16
6.90262e+07	2.22045e-16	2.22045e-16
6.90262e+07	2.22045e-16	2.22045e-16
6.90261e+07	2.22045e-16	2.22045e-16
6.90261e+07	2.22045e-16	2.22045e-16
6.9026e+07	2.22045e-16	2.22045e-16
6.9026e+07	2.22045e-16	2.22045e-16
6.9026e+07	2.22045e-16	2.22045e-16
6.90259e+07	2.22045e-16	2.22045e-16
6.90259e+07	2.22045e-16	2.22045e-16
6.90258e+07	2.22045e-16	2.22045e-16
6.90258e+07	2.22045e-16	2.22045e-16
6.90257e+07	2.22045e-16	2.22045e-16
6.90257e+07	2.22045e-16	2.22045e-16
6.90257e+07	2.22045e-16	2.22045e-16
6.90256e+07	2.22045e-16	2.22045e-16
6.90256e+07	2.22045e-16	2.22045e-16
6.90255e+07	2.22045e-16	2.22045e-16
6.90255e+07	2.22045e-16	2.22045e-16
6.90255e+07	2.22045e-16	2.22045e-16
6.90254e+07	2.22045e-16	2.22045e-16
6.90254e+07	2.22045e-16	2.22045e-16
6.90254e+07	2.22045e-16	2.22045e-16
6.90253e+07	2.22045e-16	2.22045e-16
6.90253e+07	2.22045e-16	2.22045e-16
6.90252e+07	2.22045e-16	2.22045e-16
6.90252e+07	2.22045e-16	2.22045e-16
6.90252e+07	2.22045e-16	2.22045e-16
6.90251e+07	2.22045e-16	2.22045e-16
6.90251e+07	2.22045e-16	2.22045e-16
6.90251e+07	2.22045e-16	2.22045e-16
6.9025e+07	2.22045e-16	2.22045e-16
6.9025e+07	2.22045e-16	2.22045e-16
6.90249e+07	2.22045e-16	2.22045e-16
6.90249e+07	2.22045e-16	2.22045e-16
6.90249e+07	2.22045e-16	2.22045e-16
6.90248e+07	2.22045e-16	2.22045e-16
6.90248e+07	2.22045e-16	2.22045e-16
6.90248e+07	2.22045e-16	2.22045e-16
6.90247e+07	2.22045e-16	2.22045e-16
6.90247e+07	2.22045e-16	2.22045e-16
6.90247e+07	2.22045e-16	2.22045e-16
6.90246e+07	2.22045e-16	2.22045e-16
6.90246e+07	2.22045e-16	2.22045e-16
6.90246e+07	2.22045e-16	2.22045e-16
6.90245e+07	2.22045e-16	2.22045e-16
6.90245e+07	2.22045e-16	2.22045e-16
6.90245e+07	2.22045e-16	2.22045e-16
6.90244e+07	2.22045e-16	2.22045e-16
6.90244e+07	2.22045e-16	2.22045e-16
6.90244e+07	2.22045e-16	2.22045e-16
6.90243e+07	2.22045e-16	2.22045e-16
6.90243e+07	2.22045e-16	2.22045e-16
6.90243e+07	2.22045e-16	2.22045e-16
6.90242e+07	2.22045e-16	2.22045e-16
6.90242e+07	2.22045e-16	2.22045e-16
6.90242e+07	2.22045e-16	2.22045e-16
6.90241e+07	2.22045e-16	2.22045e-16
6.90241e+07	2.22045e-16	2.22045e-16
6.90241e+07	2.22045e-16	2.22045e-16
6.90241e+07	2.22045e-16	2.22045e-16
6.9024e+07	2.22045e-16	2.22045e-16
6.9024e+07	2.22045e-16	2.22045e-16
6.9024e+07	2.22045e-16	2.22045e-16
6.90239e+07	2.22045e-16	2.22045e-16
6.90239e+07	2.22045e-16	2.22045e-16
6.90239e+07	2.22045e-16	2.22045e-16
6.90238e+07	2.22045e-16	2.22045e-16
6.90238e+07	2.22045e-16	2.22045e-16
6.90238e+07	2.22045e-16	2.22045e-16
6.90238e+07	2.22045e-16	2.22045e-16
6.90237e+07	2.22045e-16	2.22045e-16
6.90237e+07	2.22045e-16	2.22045e-16
6.90237e+07	2.22045e-16	2.22045e-16
6.90236e+07	2.22045e-16	2.22045e-16
6.90236e+07	2.22045e-16	2.22045e-16
6.90236e+07	2.22045e-16	2.22045e-16
6.90236e+07	2.22045e-16	2.22045e-16
6.90235e+07	2.22045e-16	2.22045e-16
6.90235e+07	2.22045e-16	2.22045e-16
6.90235e+07	2.22045e-16	2.22045e-16
6.90235e+07	2.22045e-16	2.22045e-16
6.90234e+07	2.22045e-16	2.22045e-16
6.90234e+07	2.22045e-16	2.22045e-16
6.90234e+07	2.22045e-16	2.22045e-16
6.90233e+07	2.22045e-16	2.22045e-16
6.90233e+07	2.22045e-16	2.22045e-16
6.90233e+07	2.22045e-16	2.22045e-16
6.90233e+07	2.22045e-16	2.22045e-16
6.90232e+07	2.22045e-16	2.22045e-16
6.90232e+07	2.22045e-16	2.22045e-16
6.90232e+07	2.22045e-16	2.22045e-16
6.90232e+07	2.22045e-16	2.22045e-16
6.90231e+07	2.22045e-16	2.22045e-16
6.90231e+07	2.22045e-16	2.22045e-16
6.90231e+07	2.22045e-16	2.22045e-16
6.90231e+07	2.22045e-16	2.22045e-16
6.9023e+07	2.22045e-16	2.22045e-16
6.9023e+07	2.22045e-16	2.22045e-16
6.9023e+07	2.22045e-16	2.22045e-16
6.9023e+07	2.22045e-16	2.22045e-16
6.90229e+07	2.22045e-16	2.22045e-16
6.90229e+07	2.22045e-16	2.22045e-16
6.90229e+07	2.22045e-16	2.22045e-16
6.90229e+07	2.22045e-16	2.22045e-16
6.90229e+07	2.22045e-16	2.22045e-16
6.90228e+07	2.22045e-16	2.22045e-16
6.90228e+07	2.22045e-16	2.22045e-16
6.90228e+07	2.22045e-16	2.22045e-16
6.90228e+07	2.22045e-16	2.22045e-16
6.90227e+07	2.22045e-16	2.22045e-16
6.90227e+07	2.22045e-16	2.22045e-16
6.90227e+07	2.22045e-16	2.22045e-16
6.90227e+07	2.22045e-16	2.22045e-16
6.90227e+07	2.22045e-16	2.22045e-16
6.90226e+07	2.22045e-16	2.22045e-16
6.90226e+07	2.22045e-16	2.22045e-16
6.90226e+07	2.22045e-16	2.22045e-16
6.90226e+07	2.22045e-16	2.22045e-16
6.90225e+07	2.22045e-16	2.22045e-16
6.90225e+07	2.22045e-16	2.22045e-16
6.90225e+07	2.22045e-16	2.22045e-16
6.90225e+07	2.22045e-16	2.22045e-16
6.90225e+07	2.22045e-16	2.22045e-16
6.90224e+07	2.22045e-16	2.22045e-16
6.90224e+07	2.22045e-16	2.22045e-16
6.90224e+07	2.22045e-16	2.22045e-16
6.90224e+07	2.22045e-16	2.22045e-16
6.90224e+07	2.22045e-16	2.22045e-16
6.90223e+07	2.22045e-16	2.22045e-16
6.90223e+07	2.22045e-16	2.22045e-16
6.90223e+07	2.22045e-16	2.22045e-16
6.90223e+07	2.22045e-16	2.22045e-16
6.90223e+07	2.22045e-16	2.22045e-16
6.90222e+07	2.22045e-16	2.22045e-16
6.90222e+07	2.22045e-16	2.22045e-16
6.90222e+07	2.22045e-16	2.22045e-16
6.90222e+07	2.22045e-16	2.22045e-16
6.90222e+07	2.22045e-16	2.22045e-16
6.90221e+07	2.22045e-16	2.22045e-16
6.90221e+07	2.22045e-16	2.22045e-16
6.90221e+07	2.22045e-16	2.22045e-16
6.90221e+07	2.22045e-16	2.22045e-16
6.90221e+07	2.22045e-16	2.22045e-16
6.9022e+07	2.22045e-16	2.22045e-16
6.9022e+07	2.22045e-16	2.22045e-16
6.9022e+07	2.22045e-16	2.22045e-16
6.9022e+07	2.22045e-16	2.22045e-16
6.9022e+07	2.22045e-16	2.22045e-16
6.9022e+07	2.22045e-16	2.22045e-16
6.90219e+07	2.22045e-16	2.22045e-16
6.90219e+07	2.22045e-16	2.22045e-16
6.90219e+07	2.22045e-16	2.22045e-16
6.90219e+07	2.22045e-16	2.22045e-16
6.90219e+07	2.22045e-16	2.22045e-16
6.90219e+07	2.22045e-16	2.22045e-16
6.90218e+07	2.22045e-16	2.22045e-16
6.90218e+07	2.22045e-16	2.22045e-16
6.90218e+07	2.22045e-16	2.22045e-16
6.90218e+07	2.22045e-16	2.22045e-16
6.90218e+07	2.22045e-16	2.22045e-16
6.90218e+07	2.22045e-16	2.22045e-16
6.90217e+07	2.22045e-16	2.22045e-16
6.90217e+07	2.22045e-16	2.22045e-16
6.90217e+07	2.22045e-16	2.22045e-16
6.90217e+07	2.22045e-16	2.22045e-16
6.90217e+07	2.22045e-16	2.22045e-16
6.90217e+07	2.22045e-16	2.22045e-16
6.90216e+07	2.22045e-16	2.22045e-16
6.90216e+07	2.22045e-16	2.22045e-16
6.90216e+07	2.22045e-16	2.22045e-16
6.90216e+07	2.22045e-16	2.22045e-16
6.90216e+07	2.22045e-16	2.22045e-16
6.90216e+07	2.22045e-16	2.22045e-16
6.90215e+07	2.22045e-16	2.22045e-16
6.90215e+07	2.22045e-16	2.22045e-16
6.90215e+07	2.22045e-16	2.22045e-16
6.90215e+07	2.22045e-16	2.22045e-16
6.90215e+07	2.22045e-16	2.22045e-16
6.90215e+07	2.22045e-16	2.22045e-16
6.90215e+07	2.22045e-16	2.22045e-16
6.90214e+07	2.22045e-16	2.22045e-16
6.90214e+07	2.22045e-16	2.22045e-16
6.90214e+07	2.22045e-16	2.22045e-16
6.90214e+07	2.22045e-16	2.22045e-16
6.90214e+07	2.22045e-16	2.22045e-16
6.90214e+07	2.22045e-16	2.22045e-16
6.90214e+07	2.22045e-16	2.22045e-16
6.90213e+07	2.22045e-16	2.22045e-16
6.90213e+07	2.22045e-16	2.22045e-16
6.90213e+07	2.22045e-16	2.22045e-16
6.90213e+07	2.22045e-16	2.22045e-16
6.90213e+07	2.22045e-16	2.22045e-16
6.90213e+07	2.22045e-16	2.22045e-16
6.90213e+07	2.22045e-16	2.22045e-16
6.90212e+07	2.22045e-16	2.22045e-16
6.90212e+07	2.22045e-16	2.22045e-16
6.90212e+07	2.22045e-16	2.22045e-16
6.90212e+07	2.22045e-16	2.22045e-16
6.90212e+07	2.22045e-16	2.22045e-16
6.90212e+07	2.22045e-16	2.22045e-16
6.90212e+07	2.22045e-16	2.22045e-16
6.90211e+07	2.22045e-16	2.22045e-16
6.90211e+07	2.22045e-16	2.22045e-16
6.90211e+07	2.22045e-16	2.22045e-16
6.90211e+07	2.22045e-16	2.22045e-16
6.90211e+07	2.22045e-16	2.22045e-16
6.90211e+07	2.22045e-16	2.22045e-16
6.90211e+07	2.22045e-16	2.22045e-16
6.90211e+07	2.22045e-16	2.22045e-16
6.9021e+07	2.22045e-16	2.22045e-16
6.9021e+07	2.22045e-16	2.22045e-16
6.9021e+07	2.22045e-16	2.22045e-16
6.9021e+07	2.22045e-16	2.22045e-16
6.9021e+07	2.22045e-16	2.22045e-16
6.9021e+07	2.22045e-16	2.22045e-16
6.9021e+07	2.22045e-16	2.22045e-16
6.9021e+07	2.22045e-16	2.22045e-16
6.9021e+07	2.22045e-16	2.22045e-16
6.90209e+07	2.22045e-16	2.22045e-16
6.90209e+07	2.22045e-16	2.22045e-16
6.90209e+07	2.22045e-16	2.22045e-16
6.90209e+07	2.22045e-16	2.22045e-16
6.90209e+07	2.22045e-16	2.22045e-16
6.90209e+07	2.22045e-16	2.22045e-16
6.90209e+07	2.22045e-16	2.22045e-16
6.90209e+07	2.22045e-16	2.22045e-16
6.90208e+07	2.22045e-16	2.22045e-16
6.90208e+07	2.22045e-16	2.22045e-16
6.90208e+07	2.22045e-16	2.22045e-16
6.90208e+07	2.22045e-16	2.22045e-16
6.90208e+07	2.22045e-16	2.22045e-16
6.90208e+07	2.22045e-16	2.22045e-16
6.90208e+07	2.22045e-16	2.22045e-16
6.90208e+07	2.22045e-16	2.22045e-16
6.90208e+07	2.22045e-16	2.22045e-16
6.90208e+07	2.22045e-16	2.22045e-16
6.90207e+07	2.22045e-16	2.22045e-16
6.90207e+07	2.22045e-16	2.22045e-16
6.90207e+07	2.22045e-16	2.22045e-16
6.90207e+07	2.22045e-16	2.22045e-16
6.90207e+07	2.22045e-16	2.22045e-16
6.90207e+07	2.22045e-16	2.22045e-16
6.90207e+07	2.22045e-16	2.22045e-16
6.90207e+07	2.22045e-16	2.22045e-16
6.90207e+07	2.22045e-16	2.22045e-16
6.90206e+07	2.22045e-16	2.22045e-16
6.90206e+07	2.22045e-16	2.22045e-16
6.90206e+07	2.22045e-16	2.22045e-16
6.90206e+07	2.22045e-16	2.22045e-16
6.90206e+07	2.22045e-16	2.22045e-16
6.90206e+07	2.22045e-16	2.22045e-16
6.90206e+07	2.22045e-16	2.22045e-16
6.90206e+07	2.22045e-16	2.22045e-16
6.90206e+07	2.22045e-16	2.22045e-16
6.90206e+07	2.22045e-16	2.22045e-16
6.90206e+07	2.22045e-16	2.22045e-16
6.90205e+07	2.22045e-16	2.22045e-16
6.90205e+07	2.22045e-16	2.22045e-16
6.90205e+07	2.22045e-16	2.22045e-16
6.90205e+07	2.22045e-16	2.22045e-16
6.90205e+07	2.22045e-16	2.22045e-16
6.90205e+07	2.22045e-16	2.22045e-16
6.90205e+07	2.22045e-16	2.22045e-16
6.90205e+07	2.22045e-16	2.22045e-16
6.90205e+07	2.22045e-16	2.22045e-16
6.90205e+07	2.22045e-16	2.22045e-16
6.90205e+07	2.22045e-16	2.22045e-16
6.90204e+07	2.22045e-16	2.22045e-16
6.90204e+07	2.22045e-16	2.22045e-16
6.90204e+07	2.22045e-16	2.22045e-16
6.90204e+07	2.22045e-16	2.22045e-16
6.90204e+07	2.22045e-16	2.22045e-16
6.90204e+07	2.22045e-16	2.22045e-16
6.90204e+07	2.22045e-16	2.22045e-16
6.90204e+07	2.22045e-16	2.22045e-16
6.90204e+07	2.22045e-16	2.22045e-16
6.90204e+07	2.22045e-16	2.22045e-16
6.90204e+07	2.22045e-16	2.22045e-16
6.90204e+07	2.22045e-16	2.22045e-16
6.90203e+07	2.22045e-16	2.22045e-16
6.90203e+07	2.22045e-16	2.22045e-16
6.90203e+07	2.22045e-16	2.22045e-16
6.90203e+07	2.22045e-16	2.22045e-16
6.90203e+07	2.22045e-16	2.22045e-16
6.90203e+07	2.22045e-16	2.22045e-16
6.90203e+07	2.22045e-16	2.22045e-16
6.90203e+07	2.22045e-16	2.22045e-16
6.90203e+07	2.22045e-16	2.22045e-16
6.90203e+07	2.22045e-16	2.22045e-16
6.90203e+07	2.22045e-16	2.22045e-16
6.90203e+07	2.22045e-16	2.22045e-16
6.90202e+07	2.22045e-16	2.22045e-16
6.90202e+07	2.22045e-16	2.22045e-16
6.90202e+07	2.22045e-16	2.22045e-16
6.90202e+07	2.22045e-16	2.22045e-16
6.90202e+07	2.22045e-16	2.22045e-16
6.90202e+07	2.22045e-16	2.22045e-16
6.90202e+07	2.22045e-16	2.22045e-16
6.90202e+07	2.22045e-16	2.22045e-16
6.90202e+07	2.22045e-16	2.22045e-16
6.90202e+07	2.22045e-16	2.22045e-16
6.90202e+07	2.22045e-16	2.22045e-16
6.90202e+07	2.22045e-16	2.22045e-16
6.90202e+07	2.22045e-16	2.22045e-16
6.90202e+07	2.22045e-16	2.22045e-16
6.90201e+07	2.22045e-16	2.22045e-16
6.90201e+07	2.22045e-16	2.22045e-16
6.90201e+07	2.22045e-16	2.22045e-16
6.90201e+07	2.22045e-16	2.22045e-16
6.90201e+07	2.22045e-16	2.22045e-16
6.90201e+07	2.22045e-16	2.22045e-16
6.90201e+07	2.22045e-16	2.22045e-16
6.90201e+07	2.22045e-16	2.22045e-16
6.90201e+07	2.22045e-16	2.22045e-16
6.90201e+07	2.22045e-16	2.22045e-16
6.90201e+07	2.22045e-16	2.22045e-16
6.90201e+07	2.22045e-16	2.22045e-16
6.90201e+07	2.22045e-16	2.22045e-16
6.90201e+07	2.22045e-16	2.22045e-16
6.90201e+07	2.22045e-16	2.22045e-16
6.902e+07	2.22045e-16	2.22045e-16
6.902e+07	2.22045e-16	2.22045e-16
6.902e+07	2.22045e-16	2.22045e-16
6.902e+07	2.22045e-16	2.22045e-16
6.902e+07	2.22045e-16	2.22045e-16
6.902e+07	2.22045e-16	2.22045e-16
6.902e+07	2.22045e-16	2.22045e-16
6.902e+07	2.22045e-16	2.22045e-16
6.902e+07	2.22045e-16	2.22045e-16
6.902e+07	2.22045e-16	2.22045e-16
6.902e+07	2.22045e-16	2.22045e-16
6.902e+07	2.22045e-16	2.22045e-16
6.902e+07	2.22045e-16	2.22045e-16
6.902e+07	2.22045e-16	2.22045e-16
6.902e+07	2.22045e-16	2.22045e-16
6.902e+07	2.22045e-16	2.22045e-16
6.902e+07	2.22045e-16	2.22045e-16
6.90199e+07	2.22045e-16	2.22045e-16
6.90199e+07	2.22045e-16	2.22045e-16
6.90199e+07	2.22045e-16	2.22045e-16
6.90199e+07	2.22045e-16	2.22045e-16
6.90199e+07	2.22045e-16	2.22045e-16
6.90199e+07	2.22045e-16	2.22045e-16
6.90199e+07	2.22045e-16	2.22045e-16
6.90199e+07	2.22045e-16	2.22045e-16
6.90199e+07	2.22045e-16	2.22045e-16
6.90199e+07	2.22045e-16	2.22045e-16
6.90199e+07	2.22045e-16	2.22045e-16
6.90199e+07	2.22045e-16	2.22045e-16
6.90199e+07	2.22045e-16	2.22045e-16
6.90199e+07	2.22045e-16	2.22045e-16
6.90199e+07	2.22045e-16	2.22045e-16
6.90199e+07	2.22045e-16	2.22045e-16
6.90199e+07	2.22045e-16	2.22045e-16
6.90199e+07	2.22045e-16	2.22045e-16
6.90198e+07	2.22045e-16	2.22045e-16
6.90198e+07	2.22045e-16	2.22045e-16
6.90198e+07	2.22045e-16	2.22045e-16
6.90198e+07	2.22045e-16	2.22045e-16
6.90198e+07	2.22045e-16	2.22045e-16
6.90198e+07	2.22045e-16	2.22045e-16
6.90198e+07	2.22045e-16	2.22045e-16
6.90198e+07	2.22045e-16	2.22045e-16
6.90198e+07	2.22045e-16	2.22045e-16
6.90198e+07	2.22045e-16	2.22045e-16
6.90198e+07	2.22045e-16	2.22045e-16
6.90198e+07	2.22045e-16	2.22045e-16
6.90198e+07	2.22045e-16	2.22045e-16
6.90198e+07	2.22045e-16	2.22045e-16
6.90198e+07	2.22045e-16	2.22045e-16
6.90198e+07	2.22045e-16	2.22045e-16
6.90198e+07	2.22045e-16	2.22045e-16
6.90198e+07	2.22045e-16	2.22045e-16
6.90198e+07	2.22045e-16	2.22045e-16
6.90198e+07	2.22045e-16	2.22045e-16
6.90198e+07	2.22045e-16	2.22045e-16
6.90197e+07	2.22045e-16	2.22045e-16
6.90197e+07	2.22045e-16	2.22045e-16
6.90197e+07	2.22045e-16	2.22045e-16
6.90197e+07	2.22045e-16	2.22045e-16
6.90197e+07	2.22045e-16	2.22045e-16
6.90197e+07	2.22045e-16	2.22045e-16
6.90197e+07	2.22045e-16	2.22045e-16
6.90197e+07	2.22045e-16	2.22045e-16
6.90197e+07	2.22045e-16	2.22045e-16
6.90197e+07	2.22045e-16	2.22045e-16
6.90197e+07	2.22045e-16	2.22045e-16
6.90197e+07	2.22045e-16	2.22045e-16
6.90197e+07	2.22045e-16	2.22045e-16
6.90197e+07	2.22045e-16	2.22045e-16
6.90197e+07	2.22045e-16	2.22045e-16
6.90197e+07	2.22045e-16	2.22045e-16
6.90197e+07	2.22045e-16	2.22045e-16
6.90197e+07	2.22045e-16	2.22045e-16
6.90197e+07	2.22045e-16	2.22045e-16
6.90197e+07	2.22045e-16	2.22045e-16
6.90197e+07	2.22045e-16	2.22045e-16
6.90197e+07	2.22045e-16	2.22045e-16
6.90197e+07	2.22045e-16	2.22045e-16
6.90196e+07	2.22045e-16	2.22045e-16
6.90196e+07	2.22045e-16	2.22045e-16
6.90196e+07	2.22045e-16	2.22045e-16
6.90196e+07	2.22045e-16	2.22045e-16
6.90196e+07	2.22045e-16	2.22045e-16
6.90196e+07	2.22045e-16	2.22045e-16
6.90196e+07	2.22045e-16	2.22045e-16
6.90196e+07	2.22045e-16	2.22045e-16
6.90196e+07	2.22045e-16	2.22045e-16
6.90196e+07	2.22045e-16	2.22045e-16
6.90196e+07	2.22045e-16	2.22045e-16
6.90196e+07	2.22045e-16	2.22045e-16
6.90196e+07	2.22045e-16	2.22045e-16
6.90196e+07	2.22045e-16	2.22045e-16
6.90196e+07	2.22045e-16	2.22045e-16
6.90196e+07	2.22045e-16	2.22045e-16
6.90196e+07	2.22045e-16	2.22045e-16
6.90196e+07	2.22045e-16	2.22045e-16
6.90196e+07	2.22045e-16	2.22045e-16
6.90196e+07	2.22045e-16	2.22045e-16
6.90196e+07	2.22045e-16	2.22045e-16
6.90196e+07	2.22045e-16	2.22045e-16
6.90196e+07	2.22045e-16	2.22045e-16
6.90196e+07	2.22045e-16	2.22045e-16
6.90196e+07	2.22045e-16	2.22045e-16
6.90196e+07	2.22045e-16	2.22045e-16
6.90196e+07	2.22045e-16	2.22045e-16
6.90195e+07	2.22045e-16	2.22045e-16
6.90195e+07	2.22045e-16	2.22045e-16
6.90195e+07	2.22045e-16	2.22045e-16
6.90195e+07	2.22045e-16	2.22045e-16
6.90195e+07	2.22045e-16	2.22045e-16
6.90195e+07	2.22045e-16	2.22045e-16
6.90195e+07	2.22045e-16	2.22045e-16
6.90195e+07	2.22045e-16	2.22045e-16
6.90195e+07	2.22045e-16	2.22045e-16
6.90195e+07	2.22045e-16	2.22045e-16
6.90195e+07	2.22045e-16	2.22045e-16
6.90195e+07	2.22045e-16	2.22045e-16
6.90195e+07	2.22045e-16	2.22045e-16
6.90195e+07	2.22045e-16	2.22045e-16
6.90195e+07	2.22045e-16	2.22045e-16
6.90195e+07	2.22045e-16	2.22045e-16
6.90195e+07	2.22045e-16	2.22045e-16
6.90195e+07	2.22045e-16	2.22045e-16
6.90195e+07	2.22045e-16	2.22045e-16
6.90195e+07	2.22045e-16	2.22045e-16
6.90195e+07	2.22045e-16	2.22045e-16
6.90195e+07	2.22045e-16	2.22045e-16
6.90195e+07	2.22045e-16	2.22045e-16
6.90195e+07	2.22045e-16	2.22045e-16
6.90195e+07	2.22045e-16	2.22045e-16
6.90195e+07	2.22045e-16	2.22045e-16
6.90195e+07	2.22045e-16	2.22045e-16
6.90195e+07	2.22045e-16	2.22045e-16
6.90195e+07	2.22045e-16	2.22045e-16
6.90195e+07	2.22045e-16	2.22045e-16
6.90195e+07	2.22045e-16	2.22045e-16
6.90195e+07	2.22045e-16	2.22045e-16
6.90195e+07	2.22045e-16	2.22045e-16
6.90194e+07	2.22045e-16	2.22045e-16
6.90194e+07	2.22045e-16	2.22045e-16
6.90194e+07	2.22045e-16	2.22045e-16
6.90194e+07	2.22045e-16	2.22045e-16
6.90194e+07	2.22045e-16	2.22045e-16
6.90194e+07	2.22045e-16	2.22045e-16
6.90194e+07	2.22045e-16	2.22045e-16
6.90194e+07	2.22045e-16	2.22045e-16
6.90194e+07	2.22045e-16	2.22045e-16
6.90194e+07	2.22045e-16	2.22045e-16
6.90194e+07	2.22045e-16	2.22045e-16
6.90194e+07	2.22045e-16	2.22045e-16
6.90194e+07	2.22045e-16	2.22045e-16
6.90194e+07	2.22045e-16	2.22045e-16
6.90194e+07	2.22045e-16	2.22045e-16
6.90194e+07	2.22045e-16	2.22045e-16
6.90194e+07	2.22045e-16	2.22045e-16
6.90194e+07	2.22045e-16	2.22045e-16
6.90194e+07	2.22045e-16	2.22045e-16
6.90194e+07	2.22045e-16	2.22045e-16
6.90194e+07	2.22045e-16	2.22045e-16
6.90194e+07	2.22045e-16	2.22045e-16
6.90194e+07	2.22045e-16	2.22045e-16
6.90194e+07	2.22045e-16	2.22045e-16
6.90194e+07	2.22045e-16	2.22045e-16
6.90194e+07	2.22045e-16	2.22045e-16
6.90194e+07	2.22045e-16	2.22045e-16
6.90194e+07	2.22045e-16	2.22045e-16
6.90194e+07	2.22045e-16	2.22045e-16
6.90194e+07	2.22045e-16	2.22045e-16
6.90194e+07	2.22045e-16	2.22045e-16
6.90194e+07	2.22045e-16	2.22045e-16
6.90194e+07	2.22045e-16	2.22045e-16
6.90194e+07	2.22045e-16	2.22045e-16
6.90194e+07	2.22045e-16	2.22045e-16
6.90194e+07	2.22045e-16	2.22045e-16
6.90194e+07	2.22045e-16	2.22045e-16
6.90194e+07	2.22045e-16	2.22045e-16
6.90194e+07	2.22045e-16	2.22045e-16
6.90194e+07	2.22045e-16	2.22045e-16
6.90194e+07	2.22045e-16	2.22045e-16
6.90193e+07	2.22045e-16	2.22045e-16
6.90193e+07	2.22045e-16	2.22045e-16
6.90193e+07	2.22045e-16	2.22045e-16
6.90193e+07	2.22045e-16	2.22045e-16
6.90193e+07	2.22045e-16	2.22045e-16
6.90193e+07	2.22045e-16	2.22045e-16
6.90193e+07	2.22045e-16	2.22045e-16
6.90193e+07	2.22045e-16	2.22045e-16
6.90193e+07	2.22045e-16	2.22045e-16
6.90193e+07	2.22045e-16	2.22045e-16
6.90193e+07	2.22045e-16	2.22045e-16
6.90193e+07	2.22045e-16	2.22045e-16
6.90193e+07	2.22045e-16	2.22045e-16
6.90193e+07	2.22045e-16	2.22045e-16
6.90193e+07	2.22045e-16	2.22045e-16
6.90193e+07	2.22045e-16	2.22045e-16
6.90193e+07	2.22045e-16	2.22045e-16
6.90193e+07	2.22045e-16	2.22045e-16
6.90193e+07	2.22045e-16	2.22045e-16
6.90193e+07	2.22045e-16	2.22045e-16
6.90193e+07	2.22045e-16	2.22045e-16
6.90193e+07	2.22045e-16	2.22045e-16
6.90193e+07	2.22045e-16	2.22045e-16
6.90193e+07	2.22045e-16	2.22045e-16
6.90193e+07	2.22045e-16	2.22045e-16
6.90193e+07	2.22045e-16	2.22045e-16
6.90193e+07	2.22045e-16	2.22045e-16
6.90193e+07	2.22045e-16	2.22045e-16
6.90193e+07	2.22045e-16	2.22045e-16
6.90193e+07	2.22045e-16	2.22045e-16
6.90193e+07	2.22045e-16	2.22045e-16
6.90193e+07	2.22045e-16	2.22045e-16
6.90193e+07	2.22045e-16	2.22045e-16
6.90193e+07	2.22045e-16	2.22045e-16
6.90193e+07	2.22045e-16	2.22045e-16
6.90193e+07	2.22045e-16	2.22045e-16
6.90193e+07	2.22045e-16	2.22045e-16
6.90193e+07	2.22045e-16	2.22045e-16
6.90193e+07	2.22045e-16	2.22045e-16
6.90193e+07	2.22045e-16	2.22045e-16
6.90193e+07	2.22045e-16	2.22045e-16
6.90193e+07	2.22045e-16	2.22045e-16
6.90193e+07	2.22045e-16	2.22045e-16
6.90193e+07	2.22045e-16	2.22045e-16
6.90193e+07	2.22045e-16	2.22045e-16
6.90193e+07	2.22045e-16	2.22045e-16
6.90193e+07	2.22045e-16	2.22045e-16
6.90193e+07	2.22045e-16	2.22045e-16
6.90193e+07	2.22045e-16	2.22045e-16
6.90193e+07	2.22045e-16	2.22045e-16
6.90193e+07	2.22045e-16	2.22045e-16
6.90193e+07	2.22045e-16	2.22045e-16
6.90193e+07	2.22045e-16	2.22045e-16
6.90193e+07	2.22045e-16	2.22045e-16
6.90192e+07	2.22045e-16	2.22045e-16
6.90192e+07	2.22045e-16	2.22045e-16
6.90192e+07	2.22045e-16	2.22045e-16
6.90192e+07	2.22045e-16	2.22045e-16
6.90192e+07	2.22045e-16	2.22045e-16
6.90192e+07	2.22045e-16	2.22045e-16
6.90192e+07	2.22045e-16	2.22045e-16
6.90192e+07	2.22045e-16	2.22045e-16
6.90192e+07	2.22045e-16	2.22045e-16
6.90192e+07	2.22045e-16	2.22045e-16
6.90192e+07	2.22045e-16	2.22045e-16
6.90192e+07	2.22045e-16	2.22045e-16
6.90192e+07	2.22045e-16	2.22045e-16
6.90192e+07	2.22045e-16	2.22045e-16
6.90192e+07	2.22045e-16	2.22045e-16
6.90192e+07	2.22045e-16	2.22045e-16
6.90192e+07	2.22045e-16	2.22045e-16
6.90192e+07	2.22045e-16	2.22045e-16
6.90192e+07	2.22045e-16	2.22045e-16
6.90192e+07	2.22045e-16	2.22045e-16
6.90192e+07	2.22045e-16	2.22045e-16
6.90192e+07	2.22045e-16	2.22045e-16
6.90192e+07	2.22045e-16	2.22045e-16
6.90192e+07	2.22045e-16	2.22045e-16
6.90192e+07	2.22045e-16	2.22045e-16
6.90192e+07	2.22045e-16	2.22045e-16
6.90192e+07	2.22045e-16	2.22045e-16
6.90192e+07	2.22045e-16	2.22045e-16
6.90192e+07	2.22045e-16	2.22045e-16
6.90192e+07	2.22045e-16	2.22045e-16
6.90192e+07	2.22045e-16	2.22045e-16
6.90192e+07	2.22045e-16	2.22045e-16
6.90192e+07	2.22045e-16	2.22045e-16
6.90192e+07	2.22045e-16	2.22045e-16
6.90192e+07	2.22045e-16	2.22045e-16
6.90192e+07	2.22045e-16	2.22045e-16
6.90192e+07	2.22045e-16	2.22045e-16
6.90192e+07	2.22045e-16	2.22045e-16
6.90192e+07	2.22045e-16	2.22045e-16
6.90192e+07	2.22045e-16	2.22045e-16
6.90192e+07	2.22045e-16	2.22045e-16
6.90192e+07	2.22045e-16	2.22045e-16
6.90192e+07	2.22045e-16	2.22045e-16
6.90192e+07	2.22045e-16	2.22045e-16
6.90192e+07	2.22045e-16	2.22045e-16
6.90192e+07	2.22045e-16	2.22045e-16
6.90192e+07	2.22045e-16	2.22045e-16
6.90192e+07	2.22045e-16	2.22045e-16
6.90192e+07	2.22045e-16	2.22045e-16
6.90192e+07	2.22045e-16	2.22045e-16
6.90192e+07	2.22045e-16	2.22045e-16
6.90192e+07	2.22045e-16	2.22045e-16
6.90192e+07	2.22045e-16	2.22045e-16
6.90192e+07	2.22045e-16	2.22045e-16
6.90192e+07	2.22045e-16	2.22045e-16
6.90192e+07	2.22045e-16	2.22045e-16
6.90192e+07	2.22045e-16	2.22045e-16
6.90192e+07	2.22045e-16	2.22045e-16
6.90192e+07	2.22045e-16	2.22045e-16
6.90192e+07	2.22045e-16	2.22045e-16
6.90192e+07	2.22045e-16	2.22045e-16
6.90192e+07	2.22045e-16	2.22045e-16
6.90192e+07	2.22045e-16	2.22045e-16
6.90192e+07	2.22045e-16	2.22045e-16
