3.44738e+07	0
3.77738e+07	9.9e+06
4.10738e+07	1.98e+07
4.43738e+07	2.97e+07
4.76738e+07	3.96e+07
5.09738e+07	4.95e+07
5.42738e+07	5.94e+07
5.75738e+07	6.93e+07
6.08738e+07	7.92e+07
6.41738e+07	8.91e+07
6.6979e+07	9.75155e+07
6.69802e+07	9.75192e+07
6.69814e+07	9.75229e+07
6.69827e+07	9.75268e+07
6.6984e+07	9.75307e+07
6.69854e+07	9.75348e+07
6.69868e+07	9.75389e+07
6.69882e+07	9.75432e+07
6.69896e+07	9.75475e+07
6.69911e+07	9.7552e+07
6.69926e+07	9.75565e+07
6.69942e+07	9.75612e+07
6.69958e+07	9.75659e+07
6.69974e+07	9.75708e+07
6.6999e+07	9.75757e+07
6.70007e+07	9.75807e+07
6.70024e+07	9.75858e+07
6.70041e+07	9.7591e+07
6.70059e+07	9.75964e+07
6.70077e+07	9.76018e+07
6.70095e+07	9.76072e+07
6.70114e+07	9.76128e+07
6.70133e+07	9.76185e+07
6.70152e+07	9.76243e+07
6.70172e+07	9.76301e+07
6.70191e+07	9.76361e+07
6.70212e+07	9.76421e+07
6.70232e+07	9.76482e+07
6.70253e+07	9.76544e+07
6.70274e+07	9.76607e+07
6.70295e+07	9.76671e+07
6.70316e+07	9.76736e+07
6.70338e+07	9.76801e+07
6.7036e+07	9.76868e+07
6.70383e+07	9.76935e+07
6.70406e+07	9.77003e+07
6.70429e+07	9.77072e+07
6.70452e+07	9.77142e+07
6.70475e+07	9.77212e+07
6.70499e+07	9.77284e+07
6.70523e+07	9.77356e+07
6.70547e+07	9.77429e+07
6.70572e+07	9.77503e+07
6.70597e+07	9.77577e+07
6.70622e+07	9.77653e+07
6.70648e+07	9.77729e+07
6.70673e+07	9.77806e+07
6.70699e+07	9.77884e+07
6.70725e+07	9.77962e+07
6.70752e+07	9.78042e+07
6.70778e+07	9.78122e+07
6.70805e+07	9.78203e+07
6.70833e+07	9.78284e+07
6.7086e+07	9.78366e+07
6.70888e+07	9.7845e+07
6.70916e+07	9.78533e+07
6.70944e+07	9.78618e+07
6.70972e+07	9.78703e+07
6.71001e+07	9.78789e+07
6.7103e+07	9.78876e+07
6.71059e+07	9.78964e+07
6.71088e+07	9.79052e+07
6.71118e+07	9.79141e+07
6.71148e+07	9.7923e+07
6.71178e+07	9.79321e+07
6.71208e+07	9.79412e+07
6.71239e+07	9.79503e+07
6.7127e+07	9.79596e+07
6.71301e+07	9.79689e+07
6.71332e+07	9.79782e+07
6.71363e+07	9.79877e+07
6.71395e+07	9.79972e+07
6.71427e+07	9.80068e+07
6.71459e+07	9.80164e+07
6.71492e+07	9.80261e+07
6.71524e+07	9.80359e+07
6.71557e+07	9.80457e+07
6.7159e+07	9.80556e+07
6.71623e+07	9.80656e+07
6.71656e+07	9.80756e+07
6.7169e+07	9.80857e+07
6.71724e+07	9.80958e+07
6.71758e+07	9.8106e+07
6.71792e+07	9.81163e+07
6.71827e+07	9.81266e+07
6.71861e+07	9.8137e+07
6.71896e+07	9.81475e+07
6.71931e+07	9.8158e+07
6.71966e+07	9.81686e+07
6.72002e+07	9.81792e+07
6.72038e+07	9.81899e+07
6.72073e+07	9.82007e+07
6.72109e+07	9.82115e+07
6.72146e+07	9.82223e+07
6.72182e+07	9.82333e+07
6.72219e+07	9.82442e+07
6.72255e+07	9.82553e+07
6.72292e+07	9.82664e+07
6.7233e+07	9.82775e+07
6.72367e+07	9.82887e+07
6.72404e+07	9.83e+07
6.72442e+07	9.83113e+07
6.7248e+07	9.83227e+07
6.72518e+07	9.83341e+07
6.72556e+07	9.83456e+07
6.72595e+07	9.83571e+07
6.72633e+07	9.83687e+07
6.72672e+07	9.83803e+07
6.72711e+07	9.8392e+07
6.7275e+07	9.84037e+07
6.72789e+07	9.84155e+07
6.72829e+07	9.84273e+07
6.72869e+07	9.84392e+07
6.72908e+07	9.84511e+07
6.72948e+07	9.84631e+07
6.72988e+07	9.84752e+07
6.73029e+07	9.84872e+07
6.73069e+07	9.84994e+07
6.7311e+07	9.85115e+07
6.7315e+07	9.85238e+07
6.73191e+07	9.8536e+07
6.73232e+07	9.85484e+07
6.73274e+07	9.85607e+07
6.73315e+07	9.85731e+07
6.73356e+07	9.85856e+07
6.73398e+07	9.85981e+07
6.7344e+07	9.86106e+07
6.73482e+07	9.86232e+07
6.73524e+07	9.86359e+07
6.73566e+07	9.86485e+07
6.73609e+07	9.86613e+07
6.73651e+07	9.8674e+07
6.73694e+07	9.86868e+07
6.73737e+07	9.86997e+07
6.7378e+07	9.87126e+07
6.73823e+07	9.87255e+07
6.73866e+07	9.87385e+07
6.7391e+07	9.87515e+07
6.73953e+07	9.87646e+07
6.73997e+07	9.87777e+07
6.74041e+07	9.87908e+07
6.74085e+07	9.8804e+07
6.74129e+07	9.88172e+07
6.74173e+07	9.88305e+07
6.74217e+07	9.88438e+07
6.74262e+07	9.88571e+07
6.74306e+07	9.88705e+07
6.74351e+07	9.88839e+07
6.74396e+07	9.88974e+07
6.74441e+07	9.89109e+07
6.74486e+07	9.89244e+07
6.74531e+07	9.8938e+07
6.74576e+07	9.89516e+07
6.74622e+07	9.89652e+07
6.74667e+07	9.89789e+07
6.74713e+07	9.89926e+07
6.74759e+07	9.90063e+07
6.74805e+07	9.90201e+07
6.74851e+07	9.90339e+07
6.74897e+07	9.90478e+07
6.74943e+07	9.90617e+07
6.7499e+07	9.90756e+07
6.75036e+07	9.90895e+07
6.75083e+07	9.91035e+07
6.7513e+07	9.91175e+07
6.75176e+07	9.91316e+07
6.75223e+07	9.91457e+07
6.7527e+07	9.91598e+07
6.75318e+07	9.91739e+07
6.75365e+07	9.91881e+07
6.75412e+07	9.92023e+07
6.7546e+07	9.92165e+07
6.75507e+07	9.92308e+07
6.75555e+07	9.92451e+07
6.75603e+07	9.92594e+07
6.7565e+07	9.92738e+07
6.75698e+07	9.92882e+07
6.75747e+07	9.93026e+07
6.75795e+07	9.9317e+07
6.75843e+07	9.93315e+07
6.75891e+07	9.9346e+07
6.7594e+07	9.93605e+07
6.75988e+07	9.93751e+07
6.76037e+07	9.93897e+07
6.76086e+07	9.94043e+07
6.76134e+07	9.9419e+07
6.76183e+07	9.94336e+07
6.76232e+07	9.94483e+07
6.76281e+07	9.9463e+07
6.7633e+07	9.94778e+07
6.7638e+07	9.94926e+07
6.76429e+07	9.95074e+07
6.76478e+07	9.95222e+07
6.76528e+07	9.9537e+07
6.76578e+07	9.95519e+07
6.76627e+07	9.95668e+07
6.76677e+07	9.95817e+07
6.76727e+07	9.95967e+07
6.76777e+07	9.96116e+07
6.76827e+07	9.96266e+07
6.76877e+07	9.96417e+07
6.76927e+07	9.96567e+07
6.76977e+07	9.96718e+07
6.77027e+07	9.96868e+07
6.77078e+07	9.97019e+07
6.77128e+07	9.97171e+07
6.77179e+07	9.97322e+07
6.77229e+07	9.97474e+07
6.7728e+07	9.97626e+07
6.77331e+07	9.97778e+07
6.77381e+07	9.9793e+07
6.77432e+07	9.98083e+07
6.77483e+07	9.98236e+07
6.77534e+07	9.98389e+07
6.77585e+07	9.98542e+07
6.77636e+07	9.98695e+07
6.77687e+07	9.98849e+07
6.77739e+07	9.99003e+07
6.7779e+07	9.99157e+07
6.77841e+07	9.99311e+07
6.77893e+07	9.99465e+07
6.77944e+07	9.9962e+07
6.77996e+07	9.99774e+07
6.78048e+07	9.99929e+07
6.78099e+07	1.00008e+08
6.78151e+07	1.00024e+08
6.78203e+07	1.00039e+08
6.78255e+07	1.00055e+08
6.78307e+07	1.00071e+08
6.78358e+07	1.00086e+08
6.78411e+07	1.00102e+08
6.78463e+07	1.00117e+08
6.78515e+07	1.00133e+08
6.78567e+07	1.00149e+08
6.78619e+07	1.00164e+08
6.78671e+07	1.0018e+08
6.78724e+07	1.00196e+08
6.78776e+07	1.00211e+08
6.78829e+07	1.00227e+08
6.78881e+07	1.00243e+08
6.78934e+07	1.00259e+08
6.78986e+07	1.00274e+08
6.79039e+07	1.0029e+08
6.79091e+07	1.00306e+08
6.79144e+07	1.00322e+08
6.79197e+07	1.00338e+08
6.7925e+07	1.00354e+08
6.79303e+07	1.00369e+08
6.79355e+07	1.00385e+08
6.79408e+07	1.00401e+08
6.79461e+07	1.00417e+08
6.79514e+07	1.00433e+08
6.79567e+07	1.00449e+08
6.7962e+07	1.00465e+08
6.79674e+07	1.00481e+08
6.79727e+07	1.00497e+08
6.7978e+07	1.00513e+08
6.79833e+07	1.00529e+08
6.79886e+07	1.00545e+08
6.7994e+07	1.00561e+08
6.79993e+07	1.00577e+08
6.80047e+07	1.00593e+08
6.801e+07	1.00609e+08
6.80153e+07	1.00625e+08
6.80207e+07	1.00641e+08
6.8026e+07	1.00657e+08
6.80314e+07	1.00673e+08
6.80367e+07	1.00689e+08
6.80421e+07	1.00705e+08
6.80475e+07	1.00721e+08
6.80528e+07	1.00737e+08
6.80582e+07	1.00753e+08
6.80636e+07	1.00769e+08
6.8069e+07	1.00786e+08
6.80743e+07	1.00802e+08
6.80797e+07	1.00818e+08
6.80851e+07	1.00834e+08
6.80905e+07	1.0085e+08
6.80959e+07	1.00866e+08
6.81013e+07	1.00882e+08
6.81067e+07	1.00899e+08
6.8112e+07	1.00915e+08
6.81174e+07	1.00931e+08
6.81228e+07	1.00947e+08
6.81282e+07	1.00963e+08
6.81337e+07	1.0098e+08
6.81391e+07	1.00996e+08
6.81445e+07	1.01012e+08
6.81499e+07	1.01028e+08
6.81553e+07	1.01044e+08
6.81607e+07	1.01061e+08
6.81661e+07	1.01077e+08
6.81715e+07	1.01093e+08
6.81769e+07	1.01109e+08
6.81824e+07	1.01126e+08
6.81878e+07	1.01142e+08
6.81932e+07	1.01158e+08
6.81986e+07	1.01175e+08
6.82041e+07	1.01191e+08
6.82095e+07	1.01207e+08
6.82149e+07	1.01223e+08
6.82204e+07	1.0124e+08
6.82258e+07	1.01256e+08
6.82312e+07	1.01272e+08
6.82367e+07	1.01289e+08
6.82421e+07	1.01305e+08
6.82475e+07	1.01321e+08
6.8253e+07	1.01338e+08
6.82584e+07	1.01354e+08
6.82638e+07	1.0137e+08
6.82693e+07	1.01386e+08
6.82747e+07	1.01403e+08
6.82802e+07	1.01419e+08
6.82856e+07	1.01435e+08
6.8291e+07	1.01452e+08
6.82965e+07	1.01468e+08
6.83019e+07	1.01484e+08
6.83074e+07	1.01501e+08
6.83128e+07	1.01517e+08
6.83183e+07	1.01533e+08
6.83237e+07	1.0155e+08
6.83292e+07	1.01566e+08
6.83346e+07	1.01582e+08
6.83401e+07	1.01599e+08
6.83455e+07	1.01615e+08
6.83509e+07	1.01631e+08
6.83564e+07	1.01648e+08
6.83618e+07	1.01664e+08
6.83673e+07	1.01681e+08
6.83727e+07	1.01697e+08
6.83782e+07	1.01713e+08
6.83836e+07	1.0173e+08
6.83891e+07	1.01746e+08
6.83945e+07	1.01762e+08
6.84e+07	1.01779e+08
6.84054e+07	1.01795e+08
6.84109e+07	1.01811e+08
6.84163e+07	1.01828e+08
6.84218e+07	1.01844e+08
6.84272e+07	1.0186e+08
6.84327e+07	1.01877e+08
6.84381e+07	1.01893e+08
6.84436e+07	1.01909e+08
6.8449e+07	1.01926e+08
6.84544e+07	1.01942e+08
6.84599e+07	1.01958e+08
6.84653e+07	1.01975e+08
6.84708e+07	1.01991e+08
6.84762e+07	1.02007e+08
6.84817e+07	1.02024e+08
6.84871e+07	1.0204e+08
6.84925e+07	1.02056e+08
6.8498e+07	1.02073e+08
6.85034e+07	1.02089e+08
6.85088e+07	1.02105e+08
6.85143e+07	1.02121e+08
6.85197e+07	1.02138e+08
6.85251e+07	1.02154e+08
6.85306e+07	1.0217e+08
6.8536e+07	1.02187e+08
6.85414e+07	1.02203e+08
6.85469e+07	1.02219e+08
6.85523e+07	1.02236e+08
6.85577e+07	1.02252e+08
6.85632e+07	1.02268e+08
6.85686e+07	1.02284e+08
6.8574e+07	1.02301e+08
6.85794e+07	1.02317e+08
6.85848e+07	1.02333e+08
6.85903e+07	1.02349e+08
6.85957e+07	1.02366e+08
6.86011e+07	1.02382e+08
6.86065e+07	1.02398e+08
6.86119e+07	1.02414e+08
6.86173e+07	1.02431e+08
6.86227e+07	1.02447e+08
6.86281e+07	1.02463e+08
6.86336e+07	1.02479e+08
6.8639e+07	1.02496e+08
6.86444e+07	1.02512e+08
6.86498e+07	1.02528e+08
6.86552e+07	1.02544e+08
6.86606e+07	1.0256e+08
6.8666e+07	1.02577e+08
6.86714e+07	1.02593e+08
6.86767e+07	1.02609e+08
6.86821e+07	1.02625e+08
6.86875e+07	1.02641e+08
6.86929e+07	1.02657e+08
6.86983e+07	1.02674e+08
6.87037e+07	1.0269e+08
6.87091e+07	1.02706e+08
6.87144e+07	1.02722e+08
6.87198e+07	1.02738e+08
6.87252e+07	1.02754e+08
6.87306e+07	1.0277e+08
6.87359e+07	1.02786e+08
6.87413e+07	1.02803e+08
6.87467e+07	1.02819e+08
6.8752e+07	1.02835e+08
6.87574e+07	1.02851e+08
6.87627e+07	1.02867e+08
6.87681e+07	1.02883e+08
6.87734e+07	1.02899e+08
6.87788e+07	1.02915e+08
6.87841e+07	1.02931e+08
6.87895e+07	1.02947e+08
6.87948e+07	1.02963e+08
6.88002e+07	1.02979e+08
6.88055e+07	1.02995e+08
6.88108e+07	1.03011e+08
6.88162e+07	1.03027e+08
6.88215e+07	1.03043e+08
6.88268e+07	1.03059e+08
6.88322e+07	1.03075e+08
6.88375e+07	1.03091e+08
6.88428e+07	1.03107e+08
6.88481e+07	1.03123e+08
6.88534e+07	1.03139e+08
6.88588e+07	1.03155e+08
6.88641e+07	1.03171e+08
6.88694e+07	1.03187e+08
6.88747e+07	1.03203e+08
6.888e+07	1.03219e+08
6.88853e+07	1.03234e+08
6.88906e+07	1.0325e+08
6.88959e+07	1.03266e+08
6.89011e+07	1.03282e+08
6.89064e+07	1.03298e+08
6.89117e+07	1.03314e+08
6.8917e+07	1.0333e+08
6.89223e+07	1.03345e+08
6.89275e+07	1.03361e+08
6.89328e+07	1.03377e+08
6.89381e+07	1.03393e+08
6.89433e+07	1.03409e+08
6.89486e+07	1.03424e+08
6.89539e+07	1.0344e+08
6.89591e+07	1.03456e+08
6.89644e+07	1.03472e+08
6.89696e+07	1.03487e+08
6.89749e+07	1.03503e+08
6.89801e+07	1.03519e+08
6.89853e+07	1.03535e+08
6.89906e+07	1.0355e+08
6.89958e+07	1.03566e+08
6.9001e+07	1.03582e+08
6.90063e+07	1.03597e+08
6.90115e+07	1.03613e+08
6.90167e+07	1.03629e+08
6.90219e+07	1.03644e+08
6.90271e+07	1.0366e+08
6.90323e+07	1.03676e+08
6.90375e+07	1.03691e+08
6.90427e+07	1.03707e+08
6.90479e+07	1.03722e+08
6.90531e+07	1.03738e+08
6.90583e+07	1.03754e+08
6.90635e+07	1.03769e+08
6.90687e+07	1.03785e+08
6.90739e+07	1.038e+08
6.90791e+07	1.03816e+08
6.90842e+07	1.03831e+08
6.90894e+07	1.03847e+08
6.90946e+07	1.03862e+08
6.90997e+07	1.03878e+08
6.91049e+07	1.03893e+08
6.911e+07	1.03909e+08
6.91152e+07	1.03924e+08
6.91203e+07	1.0394e+08
6.91255e+07	1.03955e+08
6.91306e+07	1.0397e+08
6.91357e+07	1.03986e+08
6.91409e+07	1.04001e+08
6.9146e+07	1.04017e+08
6.91511e+07	1.04032e+08
6.91563e+07	1.04047e+08
6.91614e+07	1.04063e+08
6.91665e+07	1.04078e+08
6.91716e+07	1.04093e+08
6.91767e+07	1.04109e+08
6.91818e+07	1.04124e+08
6.91869e+07	1.04139e+08
6.9192e+07	1.04155e+08
6.91971e+07	1.0417e+08
6.92022e+07	1.04185e+08
6.92072e+07	1.042e+08
6.92123e+07	1.04216e+08
6.92174e+07	1.04231e+08
6.92225e+07	1.04246e+08
6.92275e+07	1.04261e+08
6.92326e+07	1.04276e+08
6.92376e+07	1.04292e+08
6.92427e+07	1.04307e+08
6.92477e+07	1.04322e+08
6.92528e+07	1.04337e+08
6.92578e+07	1.04352e+08
6.92629e+07	1.04367e+08
6.92679e+07	1.04382e+08
6.92729e+07	1.04397e+08
6.92779e+07	1.04412e+08
6.9283e+07	1.04428e+08
6.9288e+07	1.04443e+08
6.9293e+07	1.04458e+08
6.9298e+07	1.04473e+08
6.9303e+07	1.04488e+08
6.9308e+07	1.04503e+08
6.9313e+07	1.04518e+08
6.9318e+07	1.04533e+08
6.9323e+07	1.04548e+08
6.9328e+07	1.04563e+08
6.93329e+07	1.04577e+08
6.93379e+07	1.04592e+08
6.93429e+07	1.04607e+08
6.93478e+07	1.04622e+08
6.93528e+07	1.04637e+08
6.93578e+07	1.04652e+08
6.93627e+07	1.04667e+08
6.93676e+07	1.04682e+08
6.93726e+07	1.04696e+08
6.93775e+07	1.04711e+08
6.93825e+07	1.04726e+08
6.93874e+07	1.04741e+08
6.93923e+07	1.04756e+08
6.93972e+07	1.0477e+08
6.94022e+07	1.04785e+08
6.94071e+07	1.048e+08
6.9412e+07	1.04815e+08
6.94169e+07	1.04829e+08
6.94218e+07	1.04844e+08
6.94267e+07	1.04859e+08
6.94316e+07	1.04873e+08
6.94364e+07	1.04888e+08
6.94413e+07	1.04903e+08
6.94462e+07	1.04917e+08
6.94511e+07	1.04932e+08
6.94559e+07	1.04946e+08
6.94608e+07	1.04961e+08
6.94657e+07	1.04976e+08
6.94705e+07	1.0499e+08
6.94754e+07	1.05005e+08
6.94802e+07	1.05019e+08
6.9485e+07	1.05034e+08
6.94899e+07	1.05048e+08
6.94947e+07	1.05063e+08
6.94995e+07	1.05077e+08
6.95043e+07	1.05092e+08
6.95092e+07	1.05106e+08
6.9514e+07	1.05121e+08
6.95188e+07	1.05135e+08
6.95236e+07	1.05149e+08
6.95284e+07	1.05164e+08
6.95332e+07	1.05178e+08
6.9538e+07	1.05193e+08
6.95427e+07	1.05207e+08
6.95475e+07	1.05221e+08
6.95523e+07	1.05236e+08
6.95571e+07	1.0525e+08
6.95618e+07	1.05264e+08
6.95666e+07	1.05278e+08
6.95713e+07	1.05293e+08
6.95761e+07	1.05307e+08
6.95808e+07	1.05321e+08
6.95856e+07	1.05335e+08
6.95903e+07	1.0535e+08
6.9595e+07	1.05364e+08
6.95998e+07	1.05378e+08
6.96045e+07	1.05392e+08
6.96092e+07	1.05406e+08
6.96139e+07	1.0542e+08
6.96186e+07	1.05435e+08
6.96233e+07	1.05449e+08
6.9628e+07	1.05463e+08
6.96327e+07	1.05477e+08
6.96374e+07	1.05491e+08
6.96421e+07	1.05505e+08
6.96468e+07	1.05519e+08
6.96515e+07	1.05533e+08
6.96561e+07	1.05547e+08
6.96608e+07	1.05561e+08
6.96654e+07	1.05575e+08
6.96701e+07	1.05589e+08
6.96748e+07	1.05603e+08
6.96794e+07	1.05617e+08
6.9684e+07	1.05631e+08
6.96887e+07	1.05645e+08
6.96933e+07	1.05659e+08
6.96979e+07	1.05672e+08
6.97026e+07	1.05686e+08
6.97072e+07	1.057e+08
6.97118e+07	1.05714e+08
6.97164e+07	1.05728e+08
6.9721e+07	1.05742e+08
6.97256e+07	1.05755e+08
6.97302e+07	1.05769e+08
6.97348e+07	1.05783e+08
6.97393e+07	1.05797e+08
6.97439e+07	1.0581e+08
6.97485e+07	1.05824e+08
6.97531e+07	1.05838e+08
6.97576e+07	1.05851e+08
6.97622e+07	1.05865e+08
6.97667e+07	1.05879e+08
6.97713e+07	1.05892e+08
6.97758e+07	1.05906e+08
6.97804e+07	1.0592e+08
6.97849e+07	1.05933e+08
6.97894e+07	1.05947e+08
6.97939e+07	1.0596e+08
6.97985e+07	1.05974e+08
6.9803e+07	1.05988e+08
6.98075e+07	1.06001e+08
6.9812e+07	1.06015e+08
6.98165e+07	1.06028e+08
6.9821e+07	1.06042e+08
6.98255e+07	1.06055e+08
6.98299e+07	1.06068e+08
6.98344e+07	1.06082e+08
6.98389e+07	1.06095e+08
6.98434e+07	1.06109e+08
6.98478e+07	1.06122e+08
6.98523e+07	1.06135e+08
6.98567e+07	1.06149e+08
6.98612e+07	1.06162e+08
6.98656e+07	1.06176e+08
6.98701e+07	1.06189e+08
6.98745e+07	1.06202e+08
6.98789e+07	1.06215e+08
6.98833e+07	1.06229e+08
6.98878e+07	1.06242e+08
6.98922e+07	1.06255e+08
6.98966e+07	1.06268e+08
6.9901e+07	1.06282e+08
6.99054e+07	1.06295e+08
6.99098e+07	1.06308e+08
6.99142e+07	1.06321e+08
6.99185e+07	1.06334e+08
6.99229e+07	1.06347e+08
6.99273e+07	1.06361e+08
6.99317e+07	1.06374e+08
6.9936e+07	1.06387e+08
6.99404e+07	1.064e+08
6.99447e+07	1.06413e+08
6.99491e+07	1.06426e+08
6.99534e+07	1.06439e+08
6.99578e+07	1.06452e+08
6.99621e+07	1.06465e+08
6.99664e+07	1.06478e+08
6.99708e+07	1.06491e+08
6.99751e+07	1.06504e+08
6.99794e+07	1.06517e+08
6.99837e+07	1.0653e+08
6.9988e+07	1.06543e+08
6.99923e+07	1.06556e+08
6.99966e+07	1.06568e+08
7.00009e+07	1.06581e+08
7.00052e+07	1.06594e+08
7.00094e+07	1.06607e+08
7.00137e+07	1.0662e+08
7.0018e+07	1.06633e+08
7.00222e+07	1.06645e+08
7.00265e+07	1.06658e+08
7.00307e+07	1.06671e+08
7.0035e+07	1.06684e+08
7.00392e+07	1.06696e+08
7.00435e+07	1.06709e+08
7.00477e+07	1.06722e+08
7.00519e+07	1.06734e+08
7.00561e+07	1.06747e+08
7.00604e+07	1.0676e+08
7.00646e+07	1.06772e+08
7.00688e+07	1.06785e+08
7.0073e+07	1.06798e+08
7.00772e+07	1.0681e+08
7.00814e+07	1.06823e+08
7.00856e+07	1.06835e+08
7.00897e+07	1.06848e+08
7.00939e+07	1.0686e+08
7.00981e+07	1.06873e+08
7.01023e+07	1.06885e+08
7.01064e+07	1.06898e+08
7.01106e+07	1.0691e+08
7.01147e+07	1.06923e+08
7.01189e+07	1.06935e+08
7.0123e+07	1.06948e+08
7.01272e+07	1.0696e+08
7.01313e+07	1.06972e+08
7.01354e+07	1.06985e+08
7.01395e+07	1.06997e+08
7.01436e+07	1.0701e+08
7.01478e+07	1.07022e+08
7.01519e+07	1.07034e+08
7.0156e+07	1.07047e+08
7.01601e+07	1.07059e+08
7.01642e+07	1.07071e+08
7.01682e+07	1.07083e+08
7.01723e+07	1.07096e+08
7.01764e+07	1.07108e+08
7.01805e+07	1.0712e+08
7.01845e+07	1.07132e+08
7.01886e+07	1.07144e+08
7.01927e+07	1.07157e+08
7.01967e+07	1.07169e+08
7.02007e+07	1.07181e+08
7.02048e+07	1.07193e+08
7.02088e+07	1.07205e+08
7.02129e+07	1.07217e+08
7.02169e+07	1.07229e+08
7.02209e+07	1.07241e+08
7.02249e+07	1.07253e+08
7.02289e+07	1.07265e+08
7.02329e+07	1.07277e+08
7.02369e+07	1.07289e+08
7.02409e+07	1.07301e+08
7.02449e+07	1.07313e+08
7.02489e+07	1.07325e+08
7.02529e+07	1.07337e+08
7.02569e+07	1.07349e+08
7.02608e+07	1.07361e+08
7.02648e+07	1.07373e+08
7.02688e+07	1.07385e+08
7.02727e+07	1.07397e+08
7.02767e+07	1.07409e+08
7.02806e+07	1.0742e+08
7.02846e+07	1.07432e+08
7.02885e+07	1.07444e+08
7.02924e+07	1.07456e+08
7.02964e+07	1.07468e+08
7.03003e+07	1.07479e+08
7.03042e+07	1.07491e+08
7.03081e+07	1.07503e+08
7.0312e+07	1.07515e+08
7.03159e+07	1.07526e+08
7.03198e+07	1.07538e+08
7.03237e+07	1.0755e+08
7.03276e+07	1.07561e+08
7.03315e+07	1.07573e+08
7.03353e+07	1.07585e+08
7.03392e+07	1.07596e+08
7.03431e+07	1.07608e+08
7.03469e+07	1.07619e+08
7.03508e+07	1.07631e+08
7.03546e+07	1.07643e+08
7.03585e+07	1.07654e+08
7.03623e+07	1.07666e+08
7.03662e+07	1.07677e+08
7.037e+07	1.07689e+08
7.03738e+07	1.077e+08
7.03777e+07	1.07712e+08
7.03815e+07	1.07723e+08
7.03853e+07	1.07734e+08
7.03891e+07	1.07746e+08
7.03929e+07	1.07757e+08
7.03967e+07	1.07769e+08
7.04005e+07	1.0778e+08
7.04043e+07	1.07791e+08
7.0408e+07	1.07803e+08
7.04118e+07	1.07814e+08
7.04156e+07	1.07825e+08
7.04194e+07	1.07837e+08
7.04231e+07	1.07848e+08
7.04269e+07	1.07859e+08
7.04306e+07	1.07871e+08
7.04344e+07	1.07882e+08
7.04381e+07	1.07893e+08
7.04419e+07	1.07904e+08
7.04456e+07	1.07915e+08
7.04493e+07	1.07927e+08
7.04531e+07	1.07938e+08
7.04568e+07	1.07949e+08
7.04605e+07	1.0796e+08
7.04642e+07	1.07971e+08
7.04679e+07	1.07982e+08
7.04716e+07	1.07993e+08
7.04753e+07	1.08005e+08
7.0479e+07	1.08016e+08
7.04827e+07	1.08027e+08
7.04864e+07	1.08038e+08
7.049e+07	1.08049e+08
7.04937e+07	1.0806e+08
7.04974e+07	1.08071e+08
7.0501e+07	1.08082e+08
7.05047e+07	1.08093e+08
7.05083e+07	1.08104e+08
7.0512e+07	1.08115e+08
7.05156e+07	1.08126e+08
7.05193e+07	1.08136e+08
7.05229e+07	1.08147e+08
7.05265e+07	1.08158e+08
7.05301e+07	1.08169e+08
7.05338e+07	1.0818e+08
7.05374e+07	1.08191e+08
7.0541e+07	1.08202e+08
7.05446e+07	1.08212e+08
7.05482e+07	1.08223e+08
7.05518e+07	1.08234e+08
7.05554e+07	1.08245e+08
7.05589e+07	1.08255e+08
7.05625e+07	1.08266e+08
7.05661e+07	1.08277e+08
7.05697e+07	1.08288e+08
7.05732e+07	1.08298e+08
7.05768e+07	1.08309e+08
7.05803e+07	1.0832e+08
7.05839e+07	1.0833e+08
7.05874e+07	1.08341e+08
7.0591e+07	1.08352e+08
7.05945e+07	1.08362e+08
7.05981e+07	1.08373e+08
7.06016e+07	1.08383e+08
7.06051e+07	1.08394e+08
7.06086e+07	1.08404e+08
7.06121e+07	1.08415e+08
7.06156e+07	1.08426e+08
7.06191e+07	1.08436e+08
7.06226e+07	1.08447e+08
7.06261e+07	1.08457e+08
7.06296e+07	1.08468e+08
7.06331e+07	1.08478e+08
7.06366e+07	1.08488e+08
7.06401e+07	1.08499e+08
7.06435e+07	1.08509e+08
7.0647e+07	1.0852e+08
7.06505e+07	1.0853e+08
7.06539e+07	1.0854e+08
7.06574e+07	1.08551e+08
7.06608e+07	1.08561e+08
7.06643e+07	1.08571e+08
7.06677e+07	1.08582e+08
7.06711e+07	1.08592e+08
7.06746e+07	1.08602e+08
7.0678e+07	1.08613e+08
7.06814e+07	1.08623e+08
7.06848e+07	1.08633e+08
7.06882e+07	1.08643e+08
7.06916e+07	1.08654e+08
7.0695e+07	1.08664e+08
7.06984e+07	1.08674e+08
7.07018e+07	1.08684e+08
7.07052e+07	1.08694e+08
7.07086e+07	1.08704e+08
7.0712e+07	1.08715e+08
7.07153e+07	1.08725e+08
7.07187e+07	1.08735e+08
7.07221e+07	1.08745e+08
7.07254e+07	1.08755e+08
7.07288e+07	1.08765e+08
7.07321e+07	1.08775e+08
7.07355e+07	1.08785e+08
7.07388e+07	1.08795e+08
7.07421e+07	1.08805e+08
7.07455e+07	1.08815e+08
7.07488e+07	1.08825e+08
7.07521e+07	1.08835e+08
7.07554e+07	1.08845e+08
7.07588e+07	1.08855e+08
7.07621e+07	1.08865e+08
7.07654e+07	1.08875e+08
7.07687e+07	1.08885e+08
7.0772e+07	1.08895e+08
7.07752e+07	1.08904e+08
7.07785e+07	1.08914e+08
7.07818e+07	1.08924e+08
7.07851e+07	1.08934e+08
7.07884e+07	1.08944e+08
7.07916e+07	1.08954e+08
7.07949e+07	1.08963e+08
7.07982e+07	1.08973e+08
7.08014e+07	1.08983e+08
7.08047e+07	1.08993e+08
7.08079e+07	1.09002e+08
7.08111e+07	1.09012e+08
7.08144e+07	1.09022e+08
7.08176e+07	1.09031e+08
7.08208e+07	1.09041e+08
7.08241e+07	1.09051e+08
7.08273e+07	1.0906e+08
7.08305e+07	1.0907e+08
7.08337e+07	1.0908e+08
7.08369e+07	1.09089e+08
7.08401e+07	1.09099e+08
7.08433e+07	1.09109e+08
7.08465e+07	1.09118e+08
7.08497e+07	1.09128e+08
7.08529e+07	1.09137e+08
7.0856e+07	1.09147e+08
7.08592e+07	1.09156e+08
7.08624e+07	1.09166e+08
7.08656e+07	1.09175e+08
7.08687e+07	1.09185e+08
7.08719e+07	1.09194e+08
7.0875e+07	1.09204e+08
7.08782e+07	1.09213e+08
7.08813e+07	1.09223e+08
7.08845e+07	1.09232e+08
7.08876e+07	1.09241e+08
7.08907e+07	1.09251e+08
7.08938e+07	1.0926e+08
7.0897e+07	1.0927e+08
7.09001e+07	1.09279e+08
7.09032e+07	1.09288e+08
7.09063e+07	1.09298e+08
7.09094e+07	1.09307e+08
7.09125e+07	1.09316e+08
7.09156e+07	1.09325e+08
7.09187e+07	1.09335e+08
7.09218e+07	1.09344e+08
7.09249e+07	1.09353e+08
7.09279e+07	1.09362e+08
7.0931e+07	1.09372e+08
7.09341e+07	1.09381e+08
7.09371e+07	1.0939e+08
7.09402e+07	1.09399e+08
7.09433e+07	1.09408e+08
7.09463e+07	1.09418e+08
7.09494e+07	1.09427e+08
7.09524e+07	1.09436e+08
7.09554e+07	1.09445e+08
7.09585e+07	1.09454e+08
7.09615e+07	1.09463e+08
7.09645e+07	1.09472e+08
7.09676e+07	1.09481e+08
7.09706e+07	1.0949e+08
7.09736e+07	1.09499e+08
7.09766e+07	1.09508e+08
7.09796e+07	1.09517e+08
7.09826e+07	1.09526e+08
7.09856e+07	1.09535e+08
7.09886e+07	1.09544e+08
7.09916e+07	1.09553e+08
7.09946e+07	1.09562e+08
7.09975e+07	1.09571e+08
7.10005e+07	1.0958e+08
7.10035e+07	1.09589e+08
7.10065e+07	1.09598e+08
7.10094e+07	1.09607e+08
7.10124e+07	1.09616e+08
7.10153e+07	1.09625e+08
7.10183e+07	1.09633e+08
7.10212e+07	1.09642e+08
7.10242e+07	1.09651e+08
7.10271e+07	1.0966e+08
7.103e+07	1.09669e+08
7.1033e+07	1.09678e+08
7.10359e+07	1.09686e+08
7.10388e+07	1.09695e+08
7.10417e+07	1.09704e+08
7.10447e+07	1.09713e+08
7.10476e+07	1.09721e+08
7.10505e+07	1.0973e+08
7.10534e+07	1.09739e+08
7.10563e+07	1.09747e+08
7.10592e+07	1.09756e+08
7.1062e+07	1.09765e+08
7.10649e+07	1.09773e+08
7.10678e+07	1.09782e+08
7.10707e+07	1.09791e+08
7.10736e+07	1.09799e+08
7.10764e+07	1.09808e+08
7.10793e+07	1.09816e+08
7.10821e+07	1.09825e+08
7.1085e+07	1.09834e+08
7.10879e+07	1.09842e+08
7.10907e+07	1.09851e+08
7.10935e+07	1.09859e+08
7.10964e+07	1.09868e+08
7.10992e+07	1.09876e+08
7.1102e+07	1.09885e+08
7.11049e+07	1.09893e+08
7.11077e+07	1.09902e+08
7.11105e+07	1.0991e+08
7.11133e+07	1.09919e+08
7.11161e+07	1.09927e+08
7.1119e+07	1.09935e+08
7.11218e+07	1.09944e+08
7.11246e+07	1.09952e+08
7.11273e+07	1.09961e+08
7.11301e+07	1.09969e+08
7.11329e+07	1.09977e+08
7.11357e+07	1.09986e+08
7.11385e+07	1.09994e+08
7.11413e+07	1.10002e+08
7.1144e+07	1.10011e+08
7.11468e+07	1.10019e+08
7.11496e+07	1.10027e+08
7.11523e+07	1.10036e+08
7.11551e+07	1.10044e+08
7.11578e+07	1.10052e+08
7.11606e+07	1.1006e+08
7.11633e+07	1.10069e+08
7.11661e+07	1.10077e+08
7.11688e+07	1.10085e+08
7.11715e+07	1.10093e+08
7.11743e+07	1.10101e+08
7.1177e+07	1.1011e+08
7.11797e+07	1.10118e+08
7.11824e+07	1.10126e+08
7.11851e+07	1.10134e+08
7.11878e+07	1.10142e+08
7.11905e+07	1.1015e+08
7.11932e+07	1.10158e+08
7.11959e+07	1.10166e+08
7.11986e+07	1.10175e+08
7.12013e+07	1.10183e+08
7.1204e+07	1.10191e+08
7.12067e+07	1.10199e+08
7.12094e+07	1.10207e+08
7.1212e+07	1.10215e+08
7.12147e+07	1.10223e+08
7.12174e+07	1.10231e+08
7.122e+07	1.10239e+08
7.12227e+07	1.10247e+08
7.12254e+07	1.10255e+08
7.1228e+07	1.10263e+08
7.12306e+07	1.10271e+08
7.12333e+07	1.10279e+08
7.12359e+07	1.10286e+08
7.12386e+07	1.10294e+08
7.12412e+07	1.10302e+08
7.12438e+07	1.1031e+08
7.12465e+07	1.10318e+08
7.12491e+07	1.10326e+08
7.12517e+07	1.10334e+08
7.12543e+07	1.10342e+08
7.12569e+07	1.10349e+08
7.12595e+07	1.10357e+08
7.12621e+07	1.10365e+08
7.12647e+07	1.10373e+08
7.12673e+07	1.10381e+08
7.12699e+07	1.10388e+08
7.12725e+07	1.10396e+08
7.12751e+07	1.10404e+08
7.12776e+07	1.10412e+08
7.12802e+07	1.10419e+08
7.12828e+07	1.10427e+08
7.12854e+07	1.10435e+08
7.12879e+07	1.10442e+08
7.12905e+07	1.1045e+08
7.1293e+07	1.10458e+08
7.12956e+07	1.10465e+08
7.12981e+07	1.10473e+08
7.13007e+07	1.10481e+08
7.13032e+07	1.10488e+08
7.13058e+07	1.10496e+08
7.13083e+07	1.10504e+08
7.13108e+07	1.10511e+08
7.13134e+07	1.10519e+08
7.13159e+07	1.10526e+08
7.13184e+07	1.10534e+08
7.13209e+07	1.10541e+08
7.13234e+07	1.10549e+08
7.13259e+07	1.10556e+08
7.13284e+07	1.10564e+08
7.13309e+07	1.10571e+08
7.13334e+07	1.10579e+08
7.13359e+07	1.10586e+08
7.13384e+07	1.10594e+08
7.13409e+07	1.10601e+08
7.13434e+07	1.10609e+08
7.13459e+07	1.10616e+08
7.13484e+07	1.10624e+08
7.13508e+07	1.10631e+08
7.13533e+07	1.10639e+08
7.13558e+07	1.10646e+08
7.13582e+07	1.10653e+08
7.13607e+07	1.10661e+08
7.13631e+07	1.10668e+08
7.13656e+07	1.10675e+08
7.1368e+07	1.10683e+08
7.13705e+07	1.1069e+08
7.13729e+07	1.10697e+08
7.13754e+07	1.10705e+08
7.13778e+07	1.10712e+08
7.13802e+07	1.10719e+08
7.13827e+07	1.10727e+08
7.13851e+07	1.10734e+08
7.13875e+07	1.10741e+08
7.13899e+07	1.10748e+08
7.13923e+07	1.10756e+08
7.13947e+07	1.10763e+08
7.13971e+07	1.1077e+08
7.13995e+07	1.10777e+08
7.14019e+07	1.10784e+08
7.14043e+07	1.10792e+08
7.14067e+07	1.10799e+08
7.14091e+07	1.10806e+08
7.14115e+07	1.10813e+08
7.14139e+07	1.1082e+08
7.14163e+07	1.10827e+08
7.14186e+07	1.10835e+08
7.1421e+07	1.10842e+08
7.14234e+07	1.10849e+08
7.14257e+07	1.10856e+08
7.14281e+07	1.10863e+08
7.14305e+07	1.1087e+08
7.14328e+07	1.10877e+08
7.14352e+07	1.10884e+08
7.14375e+07	1.10891e+08
7.14398e+07	1.10898e+08
7.14422e+07	1.10905e+08
7.14445e+07	1.10912e+08
7.14469e+07	1.10919e+08
7.14492e+07	1.10926e+08
7.14515e+07	1.10933e+08
7.14538e+07	1.1094e+08
7.14562e+07	1.10947e+08
7.14585e+07	1.10954e+08
7.14608e+07	1.10961e+08
7.14631e+07	1.10968e+08
7.14654e+07	1.10975e+08
7.14677e+07	1.10982e+08
7.147e+07	1.10989e+08
7.14723e+07	1.10996e+08
7.14746e+07	1.11002e+08
7.14769e+07	1.11009e+08
7.14792e+07	1.11016e+08
7.14814e+07	1.11023e+08
7.14837e+07	1.1103e+08
7.1486e+07	1.11037e+08
7.14883e+07	1.11043e+08
7.14905e+07	1.1105e+08
7.14928e+07	1.11057e+08
7.14951e+07	1.11064e+08
7.14973e+07	1.11071e+08
7.14996e+07	1.11077e+08
7.15018e+07	1.11084e+08
7.15041e+07	1.11091e+08
7.15063e+07	1.11098e+08
7.15086e+07	1.11104e+08
7.15108e+07	1.11111e+08
7.15131e+07	1.11118e+08
7.15153e+07	1.11124e+08
7.15175e+07	1.11131e+08
7.15197e+07	1.11138e+08
7.1522e+07	1.11145e+08
7.15242e+07	1.11151e+08
7.15264e+07	1.11158e+08
7.15286e+07	1.11164e+08
7.15308e+07	1.11171e+08
7.1533e+07	1.11178e+08
7.15352e+07	1.11184e+08
7.15374e+07	1.11191e+08
7.15396e+07	1.11198e+08
7.15418e+07	1.11204e+08
7.1544e+07	1.11211e+08
7.15462e+07	1.11217e+08
7.15484e+07	1.11224e+08
7.15506e+07	1.1123e+08
7.15528e+07	1.11237e+08
7.15549e+07	1.11243e+08
7.15571e+07	1.1125e+08
7.15593e+07	1.11256e+08
7.15614e+07	1.11263e+08
7.15636e+07	1.11269e+08
7.15658e+07	1.11276e+08
7.15679e+07	1.11282e+08
7.15701e+07	1.11289e+08
7.15722e+07	1.11295e+08
7.15744e+07	1.11302e+08
7.15765e+07	1.11308e+08
7.15786e+07	1.11315e+08
7.15808e+07	1.11321e+08
7.15829e+07	1.11327e+08
7.1585e+07	1.11334e+08
7.15872e+07	1.1134e+08
7.15893e+07	1.11347e+08
7.15914e+07	1.11353e+08
7.15935e+07	1.11359e+08
7.15957e+07	1.11366e+08
7.15978e+07	1.11372e+08
7.15999e+07	1.11378e+08
7.1602e+07	1.11385e+08
7.16041e+07	1.11391e+08
7.16062e+07	1.11397e+08
7.16083e+07	1.11403e+08
7.16104e+07	1.1141e+08
7.16125e+07	1.11416e+08
7.16146e+07	1.11422e+08
7.16166e+07	1.11429e+08
7.16187e+07	1.11435e+08
7.16208e+07	1.11441e+08
7.16229e+07	1.11447e+08
7.16249e+07	1.11453e+08
7.1627e+07	1.1146e+08
7.16291e+07	1.11466e+08
7.16311e+07	1.11472e+08
7.16332e+07	1.11478e+08
7.16353e+07	1.11484e+08
7.16373e+07	1.11491e+08
7.16394e+07	1.11497e+08
7.16414e+07	1.11503e+08
7.16435e+07	1.11509e+08
7.16455e+07	1.11515e+08
7.16475e+07	1.11521e+08
7.16496e+07	1.11527e+08
7.16516e+07	1.11533e+08
7.16536e+07	1.1154e+08
7.16557e+07	1.11546e+08
7.16577e+07	1.11552e+08
7.16597e+07	1.11558e+08
7.16617e+07	1.11564e+08
7.16637e+07	1.1157e+08
7.16658e+07	1.11576e+08
7.16678e+07	1.11582e+08
7.16698e+07	1.11588e+08
7.16718e+07	1.11594e+08
7.16738e+07	1.116e+08
7.16758e+07	1.11606e+08
7.16778e+07	1.11612e+08
7.16798e+07	1.11618e+08
7.16818e+07	1.11624e+08
7.16837e+07	1.1163e+08
7.16857e+07	1.11636e+08
7.16877e+07	1.11642e+08
7.16897e+07	1.11648e+08
7.16917e+07	1.11654e+08
7.16936e+07	1.1166e+08
7.16956e+07	1.11665e+08
7.16976e+07	1.11671e+08
7.16995e+07	1.11677e+08
7.17015e+07	1.11683e+08
7.17034e+07	1.11689e+08
7.17054e+07	1.11695e+08
7.17073e+07	1.11701e+08
7.17093e+07	1.11707e+08
7.17112e+07	1.11712e+08
7.17132e+07	1.11718e+08
7.17151e+07	1.11724e+08
7.17171e+07	1.1173e+08
7.1719e+07	1.11736e+08
7.17209e+07	1.11741e+08
7.17228e+07	1.11747e+08
7.17248e+07	1.11753e+08
7.17267e+07	1.11759e+08
7.17286e+07	1.11764e+08
7.17305e+07	1.1177e+08
7.17324e+07	1.11776e+08
7.17344e+07	1.11782e+08
7.17363e+07	1.11787e+08
7.17382e+07	1.11793e+08
7.17401e+07	1.11799e+08
7.1742e+07	1.11805e+08
7.17439e+07	1.1181e+08
7.17458e+07	1.11816e+08
7.17477e+07	1.11822e+08
7.17495e+07	1.11827e+08
7.17514e+07	1.11833e+08
7.17533e+07	1.11839e+08
7.17552e+07	1.11844e+08
7.17571e+07	1.1185e+08
7.1759e+07	1.11856e+08
7.17608e+07	1.11861e+08
7.17627e+07	1.11867e+08
7.17646e+07	1.11872e+08
7.17664e+07	1.11878e+08
7.17683e+07	1.11884e+08
7.17701e+07	1.11889e+08
7.1772e+07	1.11895e+08
7.17739e+07	1.119e+08
7.17757e+07	1.11906e+08
7.17776e+07	1.11911e+08
7.17794e+07	1.11917e+08
7.17812e+07	1.11922e+08
7.17831e+07	1.11928e+08
7.17849e+07	1.11933e+08
7.17868e+07	1.11939e+08
7.17886e+07	1.11944e+08
7.17904e+07	1.1195e+08
7.17922e+07	1.11955e+08
7.17941e+07	1.11961e+08
7.17959e+07	1.11966e+08
7.17977e+07	1.11972e+08
7.17995e+07	1.11977e+08
7.18013e+07	1.11983e+08
7.18031e+07	1.11988e+08
7.18049e+07	1.11993e+08
7.18068e+07	1.11999e+08
7.18086e+07	1.12004e+08
7.18104e+07	1.1201e+08
7.18122e+07	1.12015e+08
7.18139e+07	1.1202e+08
7.18157e+07	1.12026e+08
7.18175e+07	1.12031e+08
7.18193e+07	1.12037e+08
7.18211e+07	1.12042e+08
7.18229e+07	1.12047e+08
7.18247e+07	1.12053e+08
7.18264e+07	1.12058e+08
7.18282e+07	1.12063e+08
7.183e+07	1.12069e+08
7.18317e+07	1.12074e+08
7.18335e+07	1.12079e+08
7.18353e+07	1.12084e+08
7.1837e+07	1.1209e+08
7.18388e+07	1.12095e+08
7.18405e+07	1.121e+08
7.18423e+07	1.12106e+08
7.1844e+07	1.12111e+08
7.18458e+07	1.12116e+08
7.18475e+07	1.12121e+08
7.18493e+07	1.12126e+08
7.1851e+07	1.12132e+08
7.18528e+07	1.12137e+08
7.18545e+07	1.12142e+08
7.18562e+07	1.12147e+08
7.1858e+07	1.12153e+08
7.18597e+07	1.12158e+08
7.18614e+07	1.12163e+08
7.18631e+07	1.12168e+08
7.18648e+07	1.12173e+08
7.18666e+07	1.12178e+08
7.18683e+07	1.12183e+08
7.187e+07	1.12189e+08
7.18717e+07	1.12194e+08
7.18734e+07	1.12199e+08
7.18751e+07	1.12204e+08
7.18768e+07	1.12209e+08
7.18785e+07	1.12214e+08
7.18802e+07	1.12219e+08
7.18819e+07	1.12224e+08
7.18836e+07	1.12229e+08
7.18853e+07	1.12234e+08
7.1887e+07	1.1224e+08
7.18887e+07	1.12245e+08
7.18903e+07	1.1225e+08
7.1892e+07	1.12255e+08
7.18937e+07	1.1226e+08
7.18954e+07	1.12265e+08
7.1897e+07	1.1227e+08
7.18987e+07	1.12275e+08
7.19004e+07	1.1228e+08
7.1902e+07	1.12285e+08
7.19037e+07	1.1229e+08
7.19054e+07	1.12295e+08
7.1907e+07	1.123e+08
7.19087e+07	1.12305e+08
7.19103e+07	1.1231e+08
7.1912e+07	1.12315e+08
7.19136e+07	1.1232e+08
7.19153e+07	1.12324e+08
7.19169e+07	1.12329e+08
7.19186e+07	1.12334e+08
7.19202e+07	1.12339e+08
7.19218e+07	1.12344e+08
7.19235e+07	1.12349e+08
7.19251e+07	1.12354e+08
7.19267e+07	1.12359e+08
7.19283e+07	1.12364e+08
7.193e+07	1.12369e+08
7.19316e+07	1.12373e+08
7.19332e+07	1.12378e+08
7.19348e+07	1.12383e+08
7.19364e+07	1.12388e+08
7.1938e+07	1.12393e+08
7.19397e+07	1.12398e+08
7.19413e+07	1.12402e+08
7.19429e+07	1.12407e+08
7.19445e+07	1.12412e+08
7.19461e+07	1.12417e+08
7.19477e+07	1.12422e+08
7.19493e+07	1.12426e+08
7.19509e+07	1.12431e+08
7.19524e+07	1.12436e+08
7.1954e+07	1.12441e+08
7.19556e+07	1.12445e+08
7.19572e+07	1.1245e+08
7.19588e+07	1.12455e+08
7.19604e+07	1.1246e+08
7.19619e+07	1.12464e+08
7.19635e+07	1.12469e+08
7.19651e+07	1.12474e+08
7.19667e+07	1.12479e+08
7.19682e+07	1.12483e+08
7.19698e+07	1.12488e+08
7.19713e+07	1.12493e+08
7.19729e+07	1.12497e+08
7.19745e+07	1.12502e+08
7.1976e+07	1.12507e+08
7.19776e+07	1.12511e+08
7.19791e+07	1.12516e+08
7.19807e+07	1.12521e+08
7.19822e+07	1.12525e+08
7.19838e+07	1.1253e+08
7.19853e+07	1.12535e+08
7.19868e+07	1.12539e+08
7.19884e+07	1.12544e+08
7.19899e+07	1.12548e+08
7.19914e+07	1.12553e+08
7.1993e+07	1.12558e+08
7.19945e+07	1.12562e+08
7.1996e+07	1.12567e+08
7.19976e+07	1.12571e+08
7.19991e+07	1.12576e+08
7.20006e+07	1.1258e+08
7.20021e+07	1.12585e+08
7.20036e+07	1.1259e+08
7.20051e+07	1.12594e+08
7.20067e+07	1.12599e+08
7.20082e+07	1.12603e+08
7.20097e+07	1.12608e+08
7.20112e+07	1.12612e+08
7.20127e+07	1.12617e+08
7.20142e+07	1.12621e+08
7.20157e+07	1.12626e+08
7.20172e+07	1.1263e+08
7.20187e+07	1.12635e+08
7.20201e+07	1.12639e+08
7.20216e+07	1.12644e+08
7.20231e+07	1.12648e+08
7.20246e+07	1.12652e+08
7.20261e+07	1.12657e+08
7.20276e+07	1.12661e+08
7.2029e+07	1.12666e+08
7.20305e+07	1.1267e+08
7.2032e+07	1.12675e+08
7.20335e+07	1.12679e+08
7.20349e+07	1.12683e+08
7.20364e+07	1.12688e+08
7.20379e+07	1.12692e+08
7.20393e+07	1.12697e+08
7.20408e+07	1.12701e+08
7.20422e+07	1.12705e+08
7.20437e+07	1.1271e+08
7.20452e+07	1.12714e+08
7.20466e+07	1.12718e+08
7.20481e+07	1.12723e+08
7.20495e+07	1.12727e+08
7.20509e+07	1.12731e+08
7.20524e+07	1.12736e+08
7.20538e+07	1.1274e+08
7.20553e+07	1.12744e+08
7.20567e+07	1.12749e+08
7.20581e+07	1.12753e+08
7.20596e+07	1.12757e+08
7.2061e+07	1.12762e+08
7.20624e+07	1.12766e+08
7.20639e+07	1.1277e+08
7.20653e+07	1.12774e+08
7.20667e+07	1.12779e+08
7.20681e+07	1.12783e+08
7.20695e+07	1.12787e+08
7.2071e+07	1.12792e+08
7.20724e+07	1.12796e+08
7.20738e+07	1.128e+08
7.20752e+07	1.12804e+08
7.20766e+07	1.12808e+08
7.2078e+07	1.12813e+08
7.20794e+07	1.12817e+08
7.20808e+07	1.12821e+08
7.20822e+07	1.12825e+08
7.20836e+07	1.12829e+08
7.2085e+07	1.12834e+08
7.20864e+07	1.12838e+08
7.20878e+07	1.12842e+08
7.20892e+07	1.12846e+08
7.20906e+07	1.1285e+08
7.20919e+07	1.12854e+08
7.20933e+07	1.12859e+08
7.20947e+07	1.12863e+08
7.20961e+07	1.12867e+08
7.20975e+07	1.12871e+08
7.20988e+07	1.12875e+08
7.21002e+07	1.12879e+08
7.21016e+07	1.12883e+08
7.21029e+07	1.12887e+08
7.21043e+07	1.12892e+08
7.21057e+07	1.12896e+08
7.2107e+07	1.129e+08
7.21084e+07	1.12904e+08
7.21098e+07	1.12908e+08
7.21111e+07	1.12912e+08
7.21125e+07	1.12916e+08
7.21138e+07	1.1292e+08
7.21152e+07	1.12924e+08
7.21165e+07	1.12928e+08
7.21179e+07	1.12932e+08
7.21192e+07	1.12936e+08
7.21206e+07	1.1294e+08
7.21219e+07	1.12944e+08
7.21232e+07	1.12948e+08
7.21246e+07	1.12952e+08
7.21259e+07	1.12956e+08
7.21272e+07	1.1296e+08
7.21286e+07	1.12964e+08
7.21299e+07	1.12968e+08
7.21312e+07	1.12972e+08
7.21326e+07	1.12976e+08
7.21339e+07	1.1298e+08
7.21352e+07	1.12984e+08
7.21365e+07	1.12988e+08
7.21378e+07	1.12992e+08
7.21392e+07	1.12996e+08
7.21405e+07	1.13e+08
7.21418e+07	1.13004e+08
7.21431e+07	1.13008e+08
7.21444e+07	1.13012e+08
7.21457e+07	1.13016e+08
7.2147e+07	1.1302e+08
7.21483e+07	1.13024e+08
7.21496e+07	1.13027e+08
7.21509e+07	1.13031e+08
7.21522e+07	1.13035e+08
7.21535e+07	1.13039e+08
7.21548e+07	1.13043e+08
7.21561e+07	1.13047e+08
7.21574e+07	1.13051e+08
7.21587e+07	1.13055e+08
7.21599e+07	1.13058e+08
7.21612e+07	1.13062e+08
7.21625e+07	1.13066e+08
7.21638e+07	1.1307e+08
7.21651e+07	1.13074e+08
7.21663e+07	1.13078e+08
7.21676e+07	1.13081e+08
7.21689e+07	1.13085e+08
7.21701e+07	1.13089e+08
7.21714e+07	1.13093e+08
7.21727e+07	1.13097e+08
7.21739e+07	1.131e+08
7.21752e+07	1.13104e+08
7.21765e+07	1.13108e+08
7.21777e+07	1.13112e+08
7.2179e+07	1.13116e+08
7.21802e+07	1.13119e+08
7.21815e+07	1.13123e+08
7.21827e+07	1.13127e+08
7.2184e+07	1.13131e+08
7.21852e+07	1.13134e+08
7.21865e+07	1.13138e+08
7.21877e+07	1.13142e+08
7.2189e+07	1.13146e+08
7.21902e+07	1.13149e+08
7.21915e+07	1.13153e+08
7.21927e+07	1.13157e+08
7.21939e+07	1.1316e+08
7.21952e+07	1.13164e+08
7.21964e+07	1.13168e+08
7.21976e+07	1.13172e+08
7.21988e+07	1.13175e+08
7.22001e+07	1.13179e+08
7.22013e+07	1.13183e+08
7.22025e+07	1.13186e+08
7.22037e+07	1.1319e+08
7.2205e+07	1.13194e+08
7.22062e+07	1.13197e+08
7.22074e+07	1.13201e+08
7.22086e+07	1.13204e+08
7.22098e+07	1.13208e+08
7.2211e+07	1.13212e+08
7.22122e+07	1.13215e+08
7.22134e+07	1.13219e+08
7.22146e+07	1.13223e+08
7.22158e+07	1.13226e+08
7.2217e+07	1.1323e+08
7.22182e+07	1.13233e+08
7.22194e+07	1.13237e+08
7.22206e+07	1.13241e+08
7.22218e+07	1.13244e+08
7.2223e+07	1.13248e+08
7.22242e+07	1.13251e+08
7.22254e+07	1.13255e+08
7.22266e+07	1.13258e+08
7.22278e+07	1.13262e+08
7.2229e+07	1.13266e+08
7.22301e+07	1.13269e+08
7.22313e+07	1.13273e+08
7.22325e+07	1.13276e+08
7.22337e+07	1.1328e+08
7.22349e+07	1.13283e+08
7.2236e+07	1.13287e+08
7.22372e+07	1.1329e+08
7.22384e+07	1.13294e+08
7.22395e+07	1.13297e+08
7.22407e+07	1.13301e+08
7.22419e+07	1.13304e+08
7.2243e+07	1.13308e+08
7.22442e+07	1.13311e+08
7.22454e+07	1.13315e+08
7.22465e+07	1.13318e+08
7.22477e+07	1.13322e+08
7.22488e+07	1.13325e+08
7.225e+07	1.13329e+08
7.22511e+07	1.13332e+08
7.22523e+07	1.13335e+08
7.22534e+07	1.13339e+08
7.22546e+07	1.13342e+08
7.22557e+07	1.13346e+08
7.22569e+07	1.13349e+08
7.2258e+07	1.13353e+08
7.22591e+07	1.13356e+08
7.22603e+07	1.13359e+08
7.22614e+07	1.13363e+08
7.22625e+07	1.13366e+08
7.22637e+07	1.1337e+08
7.22648e+07	1.13373e+08
7.22659e+07	1.13376e+08
7.22671e+07	1.1338e+08
7.22682e+07	1.13383e+08
7.22693e+07	1.13387e+08
7.22704e+07	1.1339e+08
7.22716e+07	1.13393e+08
7.22727e+07	1.13397e+08
7.22738e+07	1.134e+08
7.22749e+07	1.13403e+08
7.2276e+07	1.13407e+08
7.22771e+07	1.1341e+08
7.22782e+07	1.13413e+08
7.22794e+07	1.13417e+08
7.22805e+07	1.1342e+08
7.22816e+07	1.13423e+08
7.22827e+07	1.13427e+08
7.22838e+07	1.1343e+08
7.22849e+07	1.13433e+08
7.2286e+07	1.13437e+08
7.22871e+07	1.1344e+08
7.22882e+07	1.13443e+08
7.22893e+07	1.13446e+08
7.22904e+07	1.1345e+08
7.22915e+07	1.13453e+08
7.22925e+07	1.13456e+08
7.22936e+07	1.1346e+08
7.22947e+07	1.13463e+08
7.22958e+07	1.13466e+08
7.22969e+07	1.13469e+08
7.2298e+07	1.13473e+08
7.22991e+07	1.13476e+08
7.23001e+07	1.13479e+08
7.23012e+07	1.13482e+08
7.23023e+07	1.13486e+08
7.23034e+07	1.13489e+08
7.23044e+07	1.13492e+08
7.23055e+07	1.13495e+08
7.23066e+07	1.13498e+08
7.23076e+07	1.13502e+08
7.23087e+07	1.13505e+08
7.23098e+07	1.13508e+08
7.23108e+07	1.13511e+08
7.23119e+07	1.13514e+08
7.2313e+07	1.13518e+08
7.2314e+07	1.13521e+08
7.23151e+07	1.13524e+08
7.23161e+07	1.13527e+08
7.23172e+07	1.1353e+08
7.23182e+07	1.13533e+08
7.23193e+07	1.13537e+08
7.23203e+07	1.1354e+08
7.23214e+07	1.13543e+08
7.23224e+07	1.13546e+08
7.23235e+07	1.13549e+08
7.23245e+07	1.13552e+08
7.23256e+07	1.13555e+08
7.23266e+07	1.13558e+08
7.23276e+07	1.13562e+08
7.23287e+07	1.13565e+08
7.23297e+07	1.13568e+08
7.23308e+07	1.13571e+08
7.23318e+07	1.13574e+08
7.23328e+07	1.13577e+08
7.23338e+07	1.1358e+08
7.23349e+07	1.13583e+08
7.23359e+07	1.13586e+08
7.23369e+07	1.13589e+08
7.2338e+07	1.13592e+08
7.2339e+07	1.13596e+08
7.234e+07	1.13599e+08
7.2341e+07	1.13602e+08
7.2342e+07	1.13605e+08
7.2343e+07	1.13608e+08
7.23441e+07	1.13611e+08
7.23451e+07	1.13614e+08
7.23461e+07	1.13617e+08
7.23471e+07	1.1362e+08
7.23481e+07	1.13623e+08
7.23491e+07	1.13626e+08
7.23501e+07	1.13629e+08
7.23511e+07	1.13632e+08
7.23521e+07	1.13635e+08
7.23531e+07	1.13638e+08
7.23541e+07	1.13641e+08
7.23551e+07	1.13644e+08
7.23561e+07	1.13647e+08
7.23571e+07	1.1365e+08
7.23581e+07	1.13653e+08
7.23591e+07	1.13656e+08
7.23601e+07	1.13659e+08
7.23611e+07	1.13662e+08
7.23621e+07	1.13665e+08
7.23631e+07	1.13668e+08
7.23641e+07	1.13671e+08
7.2365e+07	1.13674e+08
7.2366e+07	1.13677e+08
7.2367e+07	1.1368e+08
7.2368e+07	1.13683e+08
7.2369e+07	1.13686e+08
7.23699e+07	1.13688e+08
7.23709e+07	1.13691e+08
7.23719e+07	1.13694e+08
7.23729e+07	1.13697e+08
7.23738e+07	1.137e+08
7.23748e+07	1.13703e+08
7.23758e+07	1.13706e+08
7.23767e+07	1.13709e+08
7.23777e+07	1.13712e+08
7.23787e+07	1.13715e+08
7.23796e+07	1.13718e+08
7.23806e+07	1.1372e+08
7.23816e+07	1.13723e+08
7.23825e+07	1.13726e+08
7.23835e+07	1.13729e+08
7.23844e+07	1.13732e+08
7.23854e+07	1.13735e+08
7.23863e+07	1.13738e+08
7.23873e+07	1.1374e+08
7.23882e+07	1.13743e+08
7.23892e+07	1.13746e+08
7.23901e+07	1.13749e+08
7.23911e+07	1.13752e+08
7.2392e+07	1.13755e+08
7.2393e+07	1.13758e+08
7.23939e+07	1.1376e+08
7.23948e+07	1.13763e+08
7.23958e+07	1.13766e+08
7.23967e+07	1.13769e+08
7.23977e+07	1.13772e+08
7.23986e+07	1.13774e+08
7.23995e+07	1.13777e+08
7.24005e+07	1.1378e+08
7.24014e+07	1.13783e+08
7.24023e+07	1.13786e+08
7.24033e+07	1.13788e+08
7.24042e+07	1.13791e+08
7.24051e+07	1.13794e+08
7.2406e+07	1.13797e+08
7.2407e+07	1.138e+08
7.24079e+07	1.13802e+08
7.24088e+07	1.13805e+08
7.24097e+07	1.13808e+08
7.24106e+07	1.13811e+08
7.24116e+07	1.13813e+08
7.24125e+07	1.13816e+08
7.24134e+07	1.13819e+08
7.24143e+07	1.13822e+08
7.24152e+07	1.13824e+08
7.24161e+07	1.13827e+08
7.2417e+07	1.1383e+08
7.24179e+07	1.13832e+08
7.24188e+07	1.13835e+08
7.24197e+07	1.13838e+08
7.24206e+07	1.13841e+08
7.24215e+07	1.13843e+08
7.24224e+07	1.13846e+08
7.24233e+07	1.13849e+08
7.24242e+07	1.13851e+08
7.24251e+07	1.13854e+08
7.2426e+07	1.13857e+08
7.24269e+07	1.13859e+08
7.24278e+07	1.13862e+08
7.24287e+07	1.13865e+08
7.24296e+07	1.13867e+08
7.24305e+07	1.1387e+08
7.24314e+07	1.13873e+08
7.24323e+07	1.13875e+08
7.24331e+07	1.13878e+08
7.2434e+07	1.13881e+08
7.24349e+07	1.13883e+08
7.24358e+07	1.13886e+08
7.24367e+07	1.13889e+08
7.24376e+07	1.13891e+08
7.24384e+07	1.13894e+08
7.24393e+07	1.13897e+08
7.24402e+07	1.13899e+08
7.24411e+07	1.13902e+08
7.24419e+07	1.13904e+08
7.24428e+07	1.13907e+08
7.24437e+07	1.1391e+08
7.24445e+07	1.13912e+08
7.24454e+07	1.13915e+08
7.24463e+07	1.13917e+08
7.24471e+07	1.1392e+08
7.2448e+07	1.13923e+08
7.24489e+07	1.13925e+08
7.24497e+07	1.13928e+08
7.24506e+07	1.1393e+08
7.24514e+07	1.13933e+08
7.24523e+07	1.13936e+08
7.24531e+07	1.13938e+08
7.2454e+07	1.13941e+08
7.24549e+07	1.13943e+08
7.24557e+07	1.13946e+08
7.24566e+07	1.13948e+08
7.24574e+07	1.13951e+08
7.24583e+07	1.13953e+08
7.24591e+07	1.13956e+08
7.24599e+07	1.13958e+08
7.24608e+07	1.13961e+08
7.24616e+07	1.13964e+08
7.24625e+07	1.13966e+08
7.24633e+07	1.13969e+08
7.24642e+07	1.13971e+08
7.2465e+07	1.13974e+08
7.24658e+07	1.13976e+08
7.24667e+07	1.13979e+08
7.24675e+07	1.13981e+08
7.24683e+07	1.13984e+08
7.24692e+07	1.13986e+08
7.247e+07	1.13989e+08
7.24708e+07	1.13991e+08
7.24717e+07	1.13994e+08
7.24725e+07	1.13996e+08
7.24733e+07	1.13999e+08
7.24741e+07	1.14001e+08
7.2475e+07	1.14004e+08
7.24758e+07	1.14006e+08
7.24766e+07	1.14008e+08
7.24774e+07	1.14011e+08
7.24783e+07	1.14013e+08
7.24791e+07	1.14016e+08
7.24799e+07	1.14018e+08
7.24807e+07	1.14021e+08
7.24815e+07	1.14023e+08
7.24823e+07	1.14026e+08
7.24831e+07	1.14028e+08
7.2484e+07	1.1403e+08
7.24848e+07	1.14033e+08
7.24856e+07	1.14035e+08
7.24864e+07	1.14038e+08
7.24872e+07	1.1404e+08
7.2488e+07	1.14043e+08
7.24888e+07	1.14045e+08
7.24896e+07	1.14047e+08
7.24904e+07	1.1405e+08
7.24912e+07	1.14052e+08
7.2492e+07	1.14055e+08
7.24928e+07	1.14057e+08
7.24936e+07	1.14059e+08
7.24944e+07	1.14062e+08
7.24952e+07	1.14064e+08
7.2496e+07	1.14067e+08
7.24968e+07	1.14069e+08
7.24976e+07	1.14071e+08
7.24983e+07	1.14074e+08
7.24991e+07	1.14076e+08
7.24999e+07	1.14078e+08
7.25007e+07	1.14081e+08
7.25015e+07	1.14083e+08
7.25023e+07	1.14085e+08
7.25031e+07	1.14088e+08
7.25038e+07	1.1409e+08
7.25046e+07	1.14093e+08
7.25054e+07	1.14095e+08
7.25062e+07	1.14097e+08
7.2507e+07	1.141e+08
7.25077e+07	1.14102e+08
7.25085e+07	1.14104e+08
7.25093e+07	1.14107e+08
7.25101e+07	1.14109e+08
7.25108e+07	1.14111e+08
7.25116e+07	1.14113e+08
7.25124e+07	1.14116e+08
7.25131e+07	1.14118e+08
7.25139e+07	1.1412e+08
7.25147e+07	1.14123e+08
7.25154e+07	1.14125e+08
7.25162e+07	1.14127e+08
7.2517e+07	1.1413e+08
7.25177e+07	1.14132e+08
7.25185e+07	1.14134e+08
7.25192e+07	1.14136e+08
7.252e+07	1.14139e+08
7.25208e+07	1.14141e+08
7.25215e+07	1.14143e+08
7.25223e+07	1.14145e+08
7.2523e+07	1.14148e+08
7.25238e+07	1.1415e+08
7.25245e+07	1.14152e+08
7.25253e+07	1.14155e+08
7.2526e+07	1.14157e+08
7.25268e+07	1.14159e+08
7.25275e+07	1.14161e+08
7.25283e+07	1.14163e+08
7.2529e+07	1.14166e+08
7.25298e+07	1.14168e+08
7.25305e+07	1.1417e+08
7.25313e+07	1.14172e+08
7.2532e+07	1.14175e+08
7.25327e+07	1.14177e+08
7.25335e+07	1.14179e+08
7.25342e+07	1.14181e+08
7.25349e+07	1.14183e+08
7.25357e+07	1.14186e+08
7.25364e+07	1.14188e+08
7.25372e+07	1.1419e+08
7.25379e+07	1.14192e+08
7.25386e+07	1.14194e+08
7.25393e+07	1.14197e+08
7.25401e+07	1.14199e+08
7.25408e+07	1.14201e+08
7.25415e+07	1.14203e+08
7.25423e+07	1.14205e+08
7.2543e+07	1.14208e+08
7.25437e+07	1.1421e+08
7.25444e+07	1.14212e+08
7.25452e+07	1.14214e+08
7.25459e+07	1.14216e+08
7.25466e+07	1.14218e+08
7.25473e+07	1.14221e+08
7.2548e+07	1.14223e+08
7.25487e+07	1.14225e+08
7.25495e+07	1.14227e+08
7.25502e+07	1.14229e+08
7.25509e+07	1.14231e+08
7.25516e+07	1.14233e+08
7.25523e+07	1.14236e+08
7.2553e+07	1.14238e+08
7.25537e+07	1.1424e+08
7.25544e+07	1.14242e+08
7.25552e+07	1.14244e+08
7.25559e+07	1.14246e+08
7.25566e+07	1.14248e+08
7.25573e+07	1.1425e+08
7.2558e+07	1.14253e+08
7.25587e+07	1.14255e+08
7.25594e+07	1.14257e+08
7.25601e+07	1.14259e+08
7.25608e+07	1.14261e+08
7.25615e+07	1.14263e+08
7.25622e+07	1.14265e+08
7.25629e+07	1.14267e+08
7.25636e+07	1.14269e+08
7.25643e+07	1.14271e+08
7.25649e+07	1.14273e+08
7.25656e+07	1.14276e+08
7.25663e+07	1.14278e+08
7.2567e+07	1.1428e+08
7.25677e+07	1.14282e+08
7.25684e+07	1.14284e+08
7.25691e+07	1.14286e+08
7.25698e+07	1.14288e+08
7.25705e+07	1.1429e+08
7.25711e+07	1.14292e+08
7.25718e+07	1.14294e+08
7.25725e+07	1.14296e+08
7.25732e+07	1.14298e+08
7.25739e+07	1.143e+08
7.25746e+07	1.14302e+08
7.25752e+07	1.14304e+08
7.25759e+07	1.14306e+08
7.25766e+07	1.14308e+08
7.25773e+07	1.1431e+08
7.25779e+07	1.14312e+08
7.25786e+07	1.14314e+08
7.25793e+07	1.14316e+08
7.258e+07	1.14318e+08
7.25806e+07	1.14321e+08
7.25813e+07	1.14323e+08
7.2582e+07	1.14325e+08
7.25826e+07	1.14327e+08
7.25833e+07	1.14329e+08
7.2584e+07	1.14331e+08
7.25846e+07	1.14333e+08
7.25853e+07	1.14335e+08
7.2586e+07	1.14336e+08
7.25866e+07	1.14338e+08
7.25873e+07	1.1434e+08
7.25879e+07	1.14342e+08
7.25886e+07	1.14344e+08
7.25893e+07	1.14346e+08
7.25899e+07	1.14348e+08
7.25906e+07	1.1435e+08
7.25912e+07	1.14352e+08
7.25919e+07	1.14354e+08
7.25925e+07	1.14356e+08
7.25932e+07	1.14358e+08
7.25938e+07	1.1436e+08
7.25945e+07	1.14362e+08
7.25951e+07	1.14364e+08
7.25958e+07	1.14366e+08
7.25964e+07	1.14368e+08
7.25971e+07	1.1437e+08
7.25977e+07	1.14372e+08
7.25984e+07	1.14374e+08
7.2599e+07	1.14376e+08
7.25997e+07	1.14378e+08
7.26003e+07	1.1438e+08
7.26009e+07	1.14381e+08
7.26016e+07	1.14383e+08
7.26022e+07	1.14385e+08
7.26029e+07	1.14387e+08
7.26035e+07	1.14389e+08
7.26041e+07	1.14391e+08
