0.379991
0.37908
0.378169
0.377258
0.376348
0.375437
0.374526
0.373615
0.372704
0.371794
0.371019
0.370956
0.370894
0.370831
0.370768
0.370705
0.370641
0.370578
0.370515
0.370451
0.370387
0.370323
0.370259
0.370195
0.37013
0.370066
0.370001
0.369936
0.369871
0.369806
0.369741
0.369675
0.36961
0.369544
0.369478
0.369413
0.369347
0.36928
0.369214
0.369148
0.369081
0.369015
0.368948
0.368881
0.368814
0.368747
0.36868
0.368613
0.368545
0.368478
0.36841
0.368342
0.368274
0.368206
0.368138
0.36807
0.368002
0.367934
0.367865
0.367797
0.367728
0.367659
0.36759
0.367521
0.367452
0.367383
0.367314
0.367245
0.367175
0.367106
0.367036
0.366967
0.366897
0.366827
0.366757
0.366687
0.366617
0.366547
0.366477
0.366407
0.366336
0.366266
0.366195
0.366125
0.366054
0.365983
0.365913
0.365842
0.365771
0.3657
0.365629
0.365558
0.365487
0.365415
0.365344
0.365273
0.365201
0.36513
0.365058
0.364987
0.364915
0.364843
0.364772
0.3647
0.364628
0.364556
0.364484
0.364412
0.36434
0.364268
0.364196
0.364124
0.364051
0.363979
0.363907
0.363834
0.363762
0.36369
0.363617
0.363545
0.363472
0.363399
0.363327
0.363254
0.363181
0.363109
0.363036
0.362963
0.36289
0.362817
0.362745
0.362672
0.362599
0.362526
0.362453
0.36238
0.362307
0.362233
0.36216
0.362087
0.362014
0.361941
0.361868
0.361794
0.361721
0.361648
0.361575
0.361501
0.361428
0.361355
0.361281
0.361208
0.361135
0.361061
0.360988
0.360915
0.360841
0.360768
0.360694
0.360621
0.360547
0.360474
0.3604
0.360327
0.360254
0.36018
0.360107
0.360033
0.35996
0.359886
0.359813
0.359739
0.359666
0.359592
0.359519
0.359445
0.359372
0.359298
0.359225
0.359151
0.359078
0.359004
0.358931
0.358857
0.358784
0.35871
0.358637
0.358563
0.35849
0.358416
0.358343
0.35827
0.358196
0.358123
0.358049
0.357976
0.357903
0.357829
0.357756
0.357683
0.357609
0.357536
0.357463
0.35739
0.357316
0.357243
0.35717
0.357097
0.357024
0.35695
0.356877
0.356804
0.356731
0.356658
0.356585
0.356512
0.356439
0.356366
0.356293
0.35622
0.356147
0.356074
0.356002
0.355929
0.355856
0.355783
0.35571
0.355638
0.355565
0.355492
0.35542
0.355347
0.355274
0.355202
0.355129
0.355057
0.354984
0.354912
0.35484
0.354767
0.354695
0.354623
0.35455
0.354478
0.354406
0.354334
0.354262
0.35419
0.354118
0.354046
0.353974
0.353902
0.35383
0.353758
0.353686
0.353614
0.353542
0.353471
0.353399
0.353327
0.353256
0.353184
0.353113
0.353041
0.35297
0.352898
0.352827
0.352756
0.352685
0.352613
0.352542
0.352471
0.3524
0.352329
0.352258
0.352187
0.352116
0.352045
0.351974
0.351903
0.351833
0.351762
0.351691
0.351621
0.35155
0.35148
0.351409
0.351339
0.351269
0.351198
0.351128
0.351058
0.350988
0.350918
0.350847
0.350777
0.350707
0.350638
0.350568
0.350498
0.350428
0.350358
0.350289
0.350219
0.35015
0.35008
0.350011
0.349941
0.349872
0.349803
0.349733
0.349664
0.349595
0.349526
0.349457
0.349388
0.349319
0.34925
0.349182
0.349113
0.349044
0.348976
0.348907
0.348838
0.34877
0.348702
0.348633
0.348565
0.348497
0.348429
0.34836
0.348292
0.348224
0.348156
0.348089
0.348021
0.347953
0.347885
0.347818
0.34775
0.347683
0.347615
0.347548
0.34748
0.347413
0.347346
0.347279
0.347212
0.347145
0.347078
0.347011
0.346944
0.346877
0.34681
0.346744
0.346677
0.34661
0.346544
0.346478
0.346411
0.346345
0.346279
0.346213
0.346146
0.34608
0.346014
0.345948
0.345883
0.345817
0.345751
0.345685
0.34562
0.345554
0.345489
0.345423
0.345358
0.345293
0.345228
0.345162
0.345097
0.345032
0.344967
0.344903
0.344838
0.344773
0.344708
0.344644
0.344579
0.344515
0.34445
0.344386
0.344322
0.344257
0.344193
0.344129
0.344065
0.344001
0.343937
0.343873
0.34381
0.343746
0.343682
0.343619
0.343555
0.343492
0.343429
0.343365
0.343302
0.343239
0.343176
0.343113
0.34305
0.342987
0.342924
0.342862
0.342799
0.342736
0.342674
0.342611
0.342549
0.342487
0.342424
0.342362
0.3423
0.342238
0.342176
0.342114
0.342052
0.34199
0.341929
0.341867
0.341806
0.341744
0.341683
0.341621
0.34156
0.341499
0.341438
0.341377
0.341316
0.341255
0.341194
0.341133
0.341072
0.341012
0.340951
0.34089
0.34083
0.34077
0.340709
0.340649
0.340589
0.340529
0.340469
0.340409
0.340349
0.340289
0.340229
0.34017
0.34011
0.340051
0.339991
0.339932
0.339872
0.339813
0.339754
0.339695
0.339636
0.339577
0.339518
0.339459
0.3394
0.339342
0.339283
0.339225
0.339166
0.339108
0.339049
0.338991
0.338933
0.338875
0.338817
0.338759
0.338701
0.338643
0.338585
0.338528
0.33847
0.338412
0.338355
0.338298
0.33824
0.338183
0.338126
0.338069
0.338012
0.337955
0.337898
0.337841
0.337784
0.337727
0.337671
0.337614
0.337558
0.337501
0.337445
0.337389
0.337333
0.337276
0.33722
0.337164
0.337109
0.337053
0.336997
0.336941
0.336886
0.33683
0.336775
0.336719
0.336664
0.336609
0.336553
0.336498
0.336443
0.336388
0.336333
0.336278
0.336224
0.336169
0.336114
0.33606
0.336005
0.335951
0.335896
0.335842
0.335788
0.335734
0.33568
0.335626
0.335572
0.335518
0.335464
0.33541
0.335357
0.335303
0.33525
0.335196
0.335143
0.33509
0.335036
0.334983
0.33493
0.334877
0.334824
0.334771
0.334718
0.334666
0.334613
0.33456
0.334508
0.334455
0.334403
0.334351
0.334299
0.334246
0.334194
0.334142
0.33409
0.334038
0.333986
0.333935
0.333883
0.333831
0.33378
0.333728
0.333677
0.333626
0.333574
0.333523
0.333472
0.333421
0.33337
0.333319
0.333268
0.333217
0.333167
0.333116
0.333065
0.333015
0.332965
0.332914
0.332864
0.332814
0.332763
0.332713
0.332663
0.332613
0.332563
0.332514
0.332464
0.332414
0.332365
0.332315
0.332266
0.332216
0.332167
0.332117
0.332068
0.332019
0.33197
0.331921
0.331872
0.331823
0.331774
0.331726
0.331677
0.331628
0.33158
0.331531
0.331483
0.331435
0.331386
0.331338
0.33129
0.331242
0.331194
0.331146
0.331098
0.33105
0.331003
0.330955
0.330907
0.33086
0.330812
0.330765
0.330718
0.33067
0.330623
0.330576
0.330529
0.330482
0.330435
0.330388
0.330341
0.330295
0.330248
0.330201
0.330155
0.330108
0.330062
0.330016
0.329969
0.329923
0.329877
0.329831
0.329785
0.329739
0.329693
0.329647
0.329602
0.329556
0.32951
0.329465
0.329419
0.329374
0.329328
0.329283
0.329238
0.329193
0.329148
0.329103
0.329058
0.329013
0.328968
0.328923
0.328878
0.328834
0.328789
0.328745
0.3287
0.328656
0.328611
0.328567
0.328523
0.328479
0.328435
0.328391
0.328347
0.328303
0.328259
0.328215
0.328172
0.328128
0.328084
0.328041
0.327997
0.327954
0.327911
0.327867
0.327824
0.327781
0.327738
0.327695
0.327652
0.327609
0.327566
0.327524
0.327481
0.327438
0.327396
0.327353
0.327311
0.327268
0.327226
0.327184
0.327142
0.327099
0.327057
0.327015
0.326973
0.326931
0.32689
0.326848
0.326806
0.326764
0.326723
0.326681
0.32664
0.326598
0.326557
0.326516
0.326475
0.326433
0.326392
0.326351
0.32631
0.326269
0.326228
0.326188
0.326147
0.326106
0.326066
0.326025
0.325985
0.325944
0.325904
0.325863
0.325823
0.325783
0.325743
0.325703
0.325663
0.325623
0.325583
0.325543
0.325503
0.325463
0.325424
0.325384
0.325344
0.325305
0.325265
0.325226
0.325187
0.325147
0.325108
0.325069
0.32503
0.324991
0.324952
0.324913
0.324874
0.324835
0.324796
0.324758
0.324719
0.324681
0.324642
0.324604
0.324565
0.324527
0.324488
0.32445
0.324412
0.324374
0.324336
0.324298
0.32426
0.324222
0.324184
0.324146
0.324109
0.324071
0.324033
0.323996
0.323958
0.323921
0.323883
0.323846
0.323809
0.323771
0.323734
0.323697
0.32366
0.323623
0.323586
0.323549
0.323512
0.323476
0.323439
0.323402
0.323366
0.323329
0.323292
0.323256
0.32322
0.323183
0.323147
0.323111
0.323074
0.323038
0.323002
0.322966
0.32293
0.322894
0.322858
0.322823
0.322787
0.322751
0.322716
0.32268
0.322644
0.322609
0.322573
0.322538
0.322503
0.322467
0.322432
0.322397
0.322362
0.322327
0.322292
0.322257
0.322222
0.322187
0.322152
0.322118
0.322083
0.322048
0.322014
0.321979
0.321945
0.32191
0.321876
0.321841
0.321807
0.321773
0.321739
0.321704
0.32167
0.321636
0.321602
0.321568
0.321535
0.321501
0.321467
0.321433
0.3214
0.321366
0.321332
0.321299
0.321265
0.321232
0.321199
0.321165
0.321132
0.321099
0.321066
0.321032
0.320999
0.320966
0.320933
0.3209
0.320868
0.320835
0.320802
0.320769
0.320737
0.320704
0.320671
0.320639
0.320606
0.320574
0.320542
0.320509
0.320477
0.320445
0.320413
0.32038
0.320348
0.320316
0.320284
0.320252
0.32022
0.320189
0.320157
0.320125
0.320093
0.320062
0.32003
0.319999
0.319967
0.319936
0.319904
0.319873
0.319841
0.31981
0.319779
0.319748
0.319717
0.319686
0.319654
0.319623
0.319593
0.319562
0.319531
0.3195
0.319469
0.319439
0.319408
0.319377
0.319347
0.319316
0.319286
0.319255
0.319225
0.319195
0.319164
0.319134
0.319104
0.319074
0.319043
0.319013
0.318983
0.318953
0.318924
0.318894
0.318864
0.318834
0.318804
0.318775
0.318745
0.318715
0.318686
0.318656
0.318627
0.318597
0.318568
0.318539
0.318509
0.31848
0.318451
0.318422
0.318392
0.318363
0.318334
0.318305
0.318276
0.318248
0.318219
0.31819
0.318161
0.318132
0.318104
0.318075
0.318046
0.318018
0.317989
0.317961
0.317932
0.317904
0.317876
0.317847
0.317819
0.317791
0.317763
0.317735
0.317707
0.317679
0.317651
0.317623
0.317595
0.317567
0.317539
0.317511
0.317484
0.317456
0.317428
0.317401
0.317373
0.317345
0.317318
0.317291
0.317263
0.317236
0.317208
0.317181
0.317154
0.317127
0.3171
0.317072
0.317045
0.317018
0.316991
0.316964
0.316937
0.316911
0.316884
0.316857
0.31683
0.316804
0.316777
0.31675
0.316724
0.316697
0.316671
0.316644
0.316618
0.316591
0.316565
0.316539
0.316512
0.316486
0.31646
0.316434
0.316408
0.316382
0.316356
0.31633
0.316304
0.316278
0.316252
0.316226
0.3162
0.316175
0.316149
0.316123
0.316098
0.316072
0.316046
0.316021
0.315995
0.31597
0.315945
0.315919
0.315894
0.315869
0.315843
0.315818
0.315793
0.315768
0.315743
0.315718
0.315693
0.315668
0.315643
0.315618
0.315593
0.315568
0.315543
0.315519
0.315494
0.315469
0.315445
0.31542
0.315396
0.315371
0.315347
0.315322
0.315298
0.315273
0.315249
0.315225
0.3152
0.315176
0.315152
0.315128
0.315104
0.31508
0.315056
0.315032
0.315008
0.314984
0.31496
0.314936
0.314912
0.314888
0.314865
0.314841
0.314817
0.314793
0.31477
0.314746
0.314723
0.314699
0.314676
0.314652
0.314629
0.314606
0.314582
0.314559
0.314536
0.314512
0.314489
0.314466
0.314443
0.31442
0.314397
0.314374
0.314351
0.314328
0.314305
0.314282
0.314259
0.314237
0.314214
0.314191
0.314168
0.314146
0.314123
0.314101
0.314078
0.314055
0.314033
0.314011
0.313988
0.313966
0.313943
0.313921
0.313899
0.313877
0.313854
0.313832
0.31381
0.313788
0.313766
0.313744
0.313722
0.3137
0.313678
0.313656
0.313634
0.313612
0.31359
0.313569
0.313547
0.313525
0.313503
0.313482
0.31346
0.313438
0.313417
0.313395
0.313374
0.313352
0.313331
0.31331
0.313288
0.313267
0.313246
0.313224
0.313203
0.313182
0.313161
0.31314
0.313119
0.313098
0.313077
0.313056
0.313035
0.313014
0.312993
0.312972
0.312951
0.31293
0.312909
0.312889
0.312868
0.312847
0.312827
0.312806
0.312785
0.312765
0.312744
0.312724
0.312703
0.312683
0.312662
0.312642
0.312622
0.312601
0.312581
0.312561
0.312541
0.31252
0.3125
0.31248
0.31246
0.31244
0.31242
0.3124
0.31238
0.31236
0.31234
0.31232
0.3123
0.312281
0.312261
0.312241
0.312221
0.312202
0.312182
0.312162
0.312143
0.312123
0.312103
0.312084
0.312064
0.312045
0.312025
0.312006
0.311987
0.311967
0.311948
0.311929
0.311909
0.31189
0.311871
0.311852
0.311833
0.311814
0.311794
0.311775
0.311756
0.311737
0.311718
0.311699
0.311681
0.311662
0.311643
0.311624
0.311605
0.311586
0.311568
0.311549
0.31153
0.311512
0.311493
0.311474
0.311456
0.311437
0.311419
0.3114
0.311382
0.311363
0.311345
0.311326
0.311308
0.31129
0.311271
0.311253
0.311235
0.311217
0.311199
0.31118
0.311162
0.311144
0.311126
0.311108
0.31109
0.311072
0.311054
0.311036
0.311018
0.311
0.310982
0.310965
0.310947
0.310929
0.310911
0.310893
0.310876
0.310858
0.31084
0.310823
0.310805
0.310788
0.31077
0.310753
0.310735
0.310718
0.3107
0.310683
0.310665
0.310648
0.310631
0.310613
0.310596
0.310579
0.310562
0.310544
0.310527
0.31051
0.310493
0.310476
0.310459
0.310442
0.310425
0.310408
0.310391
0.310374
0.310357
0.31034
0.310323
0.310306
0.31029
0.310273
0.310256
0.310239
0.310223
0.310206
0.310189
0.310173
0.310156
0.310139
0.310123
0.310106
0.31009
0.310073
0.310057
0.31004
0.310024
0.310007
0.309991
0.309975
0.309958
0.309942
0.309926
0.30991
0.309893
0.309877
0.309861
0.309845
0.309829
0.309813
0.309797
0.309781
0.309765
0.309749
0.309733
0.309717
0.309701
0.309685
0.309669
0.309653
0.309637
0.309621
0.309606
0.30959
0.309574
0.309558
0.309543
0.309527
0.309511
0.309496
0.30948
0.309465
0.309449
0.309434
0.309418
0.309403
0.309387
0.309372
0.309356
0.309341
0.309325
0.30931
0.309295
0.30928
0.309264
0.309249
0.309234
0.309219
0.309203
0.309188
0.309173
0.309158
0.309143
0.309128
0.309113
0.309098
0.309083
0.309068
0.309053
0.309038
0.309023
0.309008
0.308993
0.308978
0.308964
0.308949
0.308934
0.308919
0.308904
0.30889
0.308875
0.30886
0.308846
0.308831
0.308817
0.308802
0.308787
0.308773
0.308758
0.308744
0.308729
0.308715
0.3087
0.308686
0.308672
0.308657
0.308643
0.308629
0.308614
0.3086
0.308586
0.308572
0.308557
0.308543
0.308529
0.308515
0.308501
0.308487
0.308473
0.308458
0.308444
0.30843
0.308416
0.308402
0.308388
0.308375
0.308361
0.308347
0.308333
0.308319
0.308305
0.308291
0.308278
0.308264
0.30825
0.308236
0.308223
0.308209
0.308195
0.308182
0.308168
0.308154
0.308141
0.308127
0.308114
0.3081
0.308087
0.308073
0.30806
0.308046
0.308033
0.308019
0.308006
0.307993
0.307979
0.307966
0.307953
0.307939
0.307926
0.307913
0.3079
0.307886
0.307873
0.30786
0.307847
0.307834
0.307821
0.307808
0.307794
0.307781
0.307768
0.307755
0.307742
0.307729
0.307716
0.307703
0.307691
0.307678
0.307665
0.307652
0.307639
0.307626
0.307613
0.307601
0.307588
0.307575
0.307562
0.30755
0.307537
0.307524
0.307512
0.307499
0.307486
0.307474
0.307461
0.307449
0.307436
0.307424
0.307411
0.307399
0.307386
0.307374
0.307361
0.307349
0.307337
0.307324
0.307312
0.3073
0.307287
0.307275
0.307263
0.30725
0.307238
0.307226
0.307214
0.307202
0.307189
0.307177
0.307165
0.307153
0.307141
0.307129
0.307117
0.307105
0.307093
0.307081
0.307069
0.307057
0.307045
0.307033
0.307021
0.307009
0.306997
0.306985
0.306973
0.306962
0.30695
0.306938
0.306926
0.306914
0.306903
0.306891
0.306879
0.306867
0.306856
0.306844
0.306833
0.306821
0.306809
0.306798
0.306786
0.306775
0.306763
0.306752
0.30674
0.306729
0.306717
0.306706
0.306694
0.306683
0.306671
0.30666
0.306649
0.306637
0.306626
0.306615
0.306603
0.306592
0.306581
0.30657
0.306558
0.306547
0.306536
0.306525
0.306514
0.306502
0.306491
0.30648
0.306469
0.306458
0.306447
0.306436
0.306425
0.306414
0.306403
0.306392
0.306381
0.30637
0.306359
0.306348
0.306337
0.306326
0.306315
0.306304
0.306294
0.306283
0.306272
0.306261
0.30625
0.30624
0.306229
0.306218
0.306208
0.306197
0.306186
0.306175
0.306165
0.306154
0.306144
0.306133
0.306122
0.306112
0.306101
0.306091
0.30608
0.30607
0.306059
0.306049
0.306038
0.306028
0.306017
0.306007
0.305997
0.305986
0.305976
0.305965
0.305955
0.305945
0.305934
0.305924
0.305914
0.305904
0.305893
0.305883
0.305873
0.305863
0.305853
0.305842
0.305832
0.305822
0.305812
0.305802
0.305792
0.305782
0.305772
0.305762
0.305752
0.305742
0.305732
0.305722
0.305712
0.305702
0.305692
0.305682
0.305672
0.305662
0.305652
0.305642
0.305632
0.305622
0.305613
0.305603
0.305593
0.305583
0.305573
0.305564
0.305554
0.305544
0.305534
0.305525
0.305515
0.305505
0.305496
0.305486
0.305476
0.305467
0.305457
0.305448
0.305438
0.305428
0.305419
0.305409
0.3054
0.30539
0.305381
0.305371
0.305362
0.305352
0.305343
0.305334
0.305324
0.305315
0.305305
0.305296
0.305287
0.305277
0.305268
0.305259
0.305249
0.30524
0.305231
0.305222
0.305212
0.305203
0.305194
0.305185
0.305176
0.305166
0.305157
0.305148
0.305139
0.30513
0.305121
0.305112
0.305103
0.305094
0.305084
0.305075
0.305066
0.305057
0.305048
0.305039
0.30503
0.305021
0.305013
0.305004
0.304995
0.304986
0.304977
0.304968
0.304959
0.30495
0.304941
0.304933
0.304924
0.304915
0.304906
0.304897
0.304889
0.30488
0.304871
0.304862
0.304854
0.304845
0.304836
0.304828
0.304819
0.30481
0.304802
0.304793
0.304784
0.304776
0.304767
0.304759
0.30475
0.304742
0.304733
0.304725
0.304716
0.304707
0.304699
0.304691
0.304682
0.304674
0.304665
0.304657
0.304648
0.30464
0.304632
0.304623
0.304615
0.304606
0.304598
0.30459
0.304581
0.304573
0.304565
0.304557
0.304548
0.30454
0.304532
0.304524
0.304515
0.304507
0.304499
0.304491
0.304483
0.304475
0.304466
0.304458
0.30445
0.304442
0.304434
0.304426
0.304418
0.30441
0.304402
0.304394
0.304386
0.304378
0.30437
0.304362
0.304354
0.304346
0.304338
0.30433
0.304322
0.304314
0.304306
0.304298
0.30429
0.304282
0.304274
0.304267
0.304259
0.304251
0.304243
0.304235
0.304227
0.30422
0.304212
0.304204
0.304196
0.304189
0.304181
0.304173
0.304166
0.304158
0.30415
0.304143
0.304135
0.304127
0.30412
0.304112
0.304104
0.304097
0.304089
0.304082
0.304074
0.304066
0.304059
0.304051
0.304044
0.304036
0.304029
0.304021
0.304014
0.304006
0.303999
0.303991
0.303984
0.303977
0.303969
0.303962
0.303954
0.303947
0.30394
0.303932
0.303925
0.303918
0.30391
0.303903
0.303896
0.303888
0.303881
0.303874
0.303866
0.303859
0.303852
0.303845
0.303837
0.30383
0.303823
0.303816
0.303809
0.303802
0.303794
0.303787
0.30378
0.303773
0.303766
0.303759
0.303752
0.303745
0.303737
0.30373
0.303723
0.303716
0.303709
0.303702
0.303695
0.303688
0.303681
0.303674
0.303667
0.30366
0.303653
0.303646
0.303639
0.303633
0.303626
0.303619
0.303612
0.303605
0.303598
0.303591
0.303584
0.303577
0.303571
0.303564
0.303557
0.30355
0.303543
0.303537
0.30353
0.303523
0.303516
0.30351
0.303503
0.303496
0.303489
0.303483
0.303476
0.303469
0.303463
0.303456
0.303449
0.303443
0.303436
0.303429
0.303423
0.303416
0.30341
0.303403
0.303396
0.30339
0.303383
0.303377
0.30337
0.303364
0.303357
0.303351
0.303344
0.303338
0.303331
0.303325
0.303318
0.303312
0.303305
0.303299
0.303292
0.303286
0.30328
0.303273
0.303267
0.30326
0.303254
0.303248
0.303241
0.303235
0.303229
0.303222
0.303216
0.30321
0.303203
0.303197
0.303191
0.303185
0.303178
0.303172
0.303166
0.30316
0.303153
0.303147
0.303141
