0.379991
0.37908
0.378169
0.377258
0.376348
0.375437
0.374526
0.373615
0.373392
0.373778
0.374161
0.374542
0.374921
0.375298
0.375672
0.376045
0.376416
0.376784
0.377151
0.377515
0.377878
0.378238
0.378597
0.378953
0.379308
0.379661
0.380011
0.38036
0.380707
0.381051
0.381394
0.381735
0.382074
0.382411
0.382747
0.38308
0.383412
0.383742
0.384069
0.384396
0.38472
0.385042
0.385363
0.385682
0.385999
0.386314
0.386628
0.38694
0.38725
0.387558
0.387865
0.388169
0.388473
0.388774
0.389074
0.389372
0.389668
0.389963
0.390256
0.390548
0.390838
0.391126
0.391413
0.391698
0.391981
0.392263
0.392543
0.392822
0.393099
0.393374
0.393648
0.393921
0.394192
0.394461
0.394729
0.394995
0.39526
0.395523
0.395785
0.396046
0.396305
0.396562
0.396818
0.397073
0.397326
0.397577
0.397828
0.398077
0.398324
0.39857
0.398815
0.399058
0.3993
0.39954
0.39978
0.400017
0.400254
0.400489
0.400723
0.400955
0.401187
0.401416
0.401645
0.401872
0.402098
0.402323
0.402546
0.402768
0.402989
0.403209
0.403427
0.403644
0.40386
0.404075
0.404288
0.4045
0.404711
0.404921
0.40513
0.405337
0.405544
0.405749
0.405953
0.406155
0.406357
0.406557
0.406757
0.406955
0.407152
0.407348
0.407542
0.407736
0.407929
0.40812
0.40831
0.4085
0.408688
0.408875
0.409061
0.409246
0.40943
0.409613
0.409795
0.409975
0.410155
0.410334
0.410511
0.410688
0.410864
0.411038
0.411212
0.411385
0.411556
0.411727
0.411897
0.412065
0.412233
0.4124
0.412566
0.412731
0.412895
0.413058
0.41322
0.413381
0.413541
0.4137
0.413858
0.414016
0.414172
0.414328
0.414483
0.414637
0.41479
0.414942
0.415093
0.415243
0.415393
0.415541
0.415689
0.415836
0.415982
0.416127
0.416271
0.416415
0.416557
0.416699
0.41684
0.416981
0.41712
0.417259
0.417396
0.417533
0.41767
0.417805
0.41794
0.418074
0.418207
0.418339
0.418471
0.418601
0.418731
0.418861
0.418989
0.419117
0.419244
0.41937
0.419496
0.419621
0.419745
0.419868
0.419991
0.420113
0.420234
0.420355
0.420475
0.420594
0.420712
0.42083
0.420947
0.421064
0.421179
0.421294
0.421409
0.421522
0.421636
0.421748
0.42186
0.421971
0.422081
0.422191
0.4223
0.422409
0.422517
0.422624
0.422731
0.422837
0.422942
0.423047
0.423151
0.423255
0.423358
0.42346
0.423562
0.423663
0.423764
0.423864
0.423963
0.424062
0.42416
0.424258
0.424355
0.424452
0.424548
0.424643
0.424738
0.424832
0.424926
0.425019
0.425112
0.425204
0.425296
0.425387
0.425477
0.425567
0.425657
0.425746
0.425834
0.425922
0.42601
0.426097
0.426183
0.426269
0.426354
0.426439
0.426523
0.426607
0.426691
0.426774
0.426856
0.426938
0.427019
0.4271
0.427181
0.427261
0.427341
0.42742
0.427498
0.427576
0.427654
0.427731
0.427808
0.427885
0.42796
0.428036
0.428111
0.428186
0.42826
0.428333
0.428407
0.428479
0.428552
0.428624
0.428695
0.428767
0.428837
0.428908
0.428978
0.429047
0.429116
0.429185
0.429253
0.429321
0.429388
0.429455
0.429522
0.429588
0.429654
0.42972
0.429785
0.42985
0.429914
0.429978
0.430042
0.430105
0.430168
0.43023
0.430292
0.430354
0.430415
0.430476
0.430537
0.430597
0.430657
0.430717
0.430776
0.430835
0.430894
0.430952
0.43101
0.431067
0.431124
0.431181
0.431238
0.431294
0.43135
0.431405
0.431461
0.431515
0.43157
0.431624
0.431678
0.431732
0.431785
0.431838
0.43189
0.431943
0.431995
0.432047
0.432098
0.432149
0.4322
0.43225
0.432301
0.43235
0.4324
0.432449
0.432498
0.432547
0.432596
0.432644
0.432692
0.432739
0.432787
0.432834
0.43288
0.432927
0.432973
0.433019
0.433065
0.43311
0.433155
0.4332
0.433245
0.433289
0.433333
0.433377
0.43342
0.433464
0.433507
0.433549
0.433592
0.433634
0.433676
0.433718
0.43376
0.433801
0.433842
0.433883
0.433923
0.433963
0.434004
0.434043
0.434083
0.434122
0.434161
0.4342
0.434239
0.434277
0.434316
0.434354
0.434391
0.434429
0.434466
0.434503
0.43454
0.434577
0.434613
0.43465
0.434686
0.434721
0.434757
0.434792
0.434827
0.434862
0.434897
0.434932
0.434966
0.435
0.435034
0.435068
0.435101
0.435135
0.435168
0.435201
0.435233
0.435266
0.435298
0.435331
0.435363
0.435394
0.435426
0.435457
0.435488
0.43552
0.43555
0.435581
0.435612
0.435642
0.435672
0.435702
0.435732
0.435761
0.435791
0.43582
0.435849
0.435878
0.435907
0.435935
0.435963
0.435992
0.43602
0.436048
0.436075
0.436103
0.43613
0.436157
0.436185
0.436211
0.436238
0.436265
0.436291
0.436317
0.436344
0.436369
0.436395
0.436421
0.436446
0.436472
0.436497
0.436522
0.436547
0.436572
0.436596
0.436621
0.436645
0.436669
0.436693
0.436717
0.436741
0.436764
0.436788
0.436811
0.436834
0.436857
0.43688
0.436903
0.436926
0.436948
0.43697
0.436993
0.437015
0.437037
0.437059
0.43708
0.437102
0.437123
0.437145
0.437166
0.437187
0.437208
0.437229
0.437249
0.43727
0.43729
0.437311
0.437331
0.437351
0.437371
0.437391
0.43741
0.43743
0.437449
0.437469
0.437488
0.437507
0.437526
0.437545
0.437564
0.437583
0.437601
0.43762
0.437638
0.437656
0.437674
0.437692
0.43771
0.437728
0.437746
0.437764
0.437781
0.437798
0.437816
0.437833
0.43785
0.437867
0.437884
0.437901
0.437917
0.437934
0.43795
0.437967
0.437983
0.437999
0.438015
0.438031
0.438047
0.438063
0.438079
0.438094
0.43811
0.438125
0.438141
0.438156
0.438171
0.438186
0.438201
0.438216
0.438231
0.438246
0.43826
0.438275
0.438289
0.438304
0.438318
0.438332
0.438346
0.43836
0.438374
0.438388
0.438402
0.438416
0.438429
0.438443
0.438456
0.43847
0.438483
0.438496
0.438509
0.438522
0.438535
0.438548
0.438561
0.438574
0.438586
0.438599
0.438612
0.438624
0.438636
0.438649
0.438661
0.438673
0.438685
0.438697
0.438709
0.438721
0.438733
0.438744
0.438756
0.438768
0.438779
0.438791
0.438802
0.438813
0.438825
0.438836
0.438847
0.438858
0.438869
0.43888
0.438891
0.438901
0.438912
0.438923
0.438933
0.438944
0.438954
0.438965
0.438975
0.438985
0.438996
0.439006
0.439016
0.439026
0.439036
0.439046
0.439056
0.439065
0.439075
0.439085
0.439094
0.439104
0.439114
0.439123
0.439132
0.439142
0.439151
0.43916
0.439169
0.439179
0.439188
0.439197
0.439206
0.439214
0.439223
0.439232
0.439241
0.43925
0.439258
0.439267
0.439275
0.439284
0.439292
0.439301
0.439309
0.439317
0.439325
0.439334
0.439342
0.43935
0.439358
0.439366
0.439374
0.439382
0.43939
0.439397
0.439405
0.439413
0.439421
0.439428
0.439436
0.439443
0.439451
0.439458
0.439466
0.439473
0.43948
0.439487
0.439495
0.439502
0.439509
0.439516
0.439523
0.43953
0.439537
0.439544
0.439551
0.439558
0.439565
0.439571
0.439578
0.439585
0.439591
0.439598
0.439605
0.439611
0.439618
0.439624
0.43963
0.439637
0.439643
0.439649
0.439656
0.439662
0.439668
0.439674
0.43968
0.439686
0.439692
0.439698
0.439704
0.43971
0.439716
0.439722
0.439728
0.439734
0.439739
0.439745
0.439751
0.439756
0.439762
0.439768
0.439773
0.439779
0.439784
0.43979
0.439795
0.4398
0.439806
0.439811
0.439816
0.439822
0.439827
0.439832
0.439837
0.439842
0.439847
0.439852
0.439857
0.439862
0.439867
0.439872
0.439877
0.439882
0.439887
0.439892
0.439897
0.439901
0.439906
0.439911
0.439916
0.43992
0.439925
0.439929
0.439934
0.439939
0.439943
0.439948
0.439952
0.439957
0.439961
0.439965
0.43997
0.439974
0.439978
0.439983
0.439987
0.439991
0.439995
0.44
0.440004
0.440008
0.440012
0.440016
0.44002
0.440024
0.440028
0.440032
0.440036
0.44004
0.440044
0.440048
0.440052
0.440056
0.440059
0.440063
0.440067
0.440071
0.440074
0.440078
0.440082
0.440085
0.440089
0.440093
0.440096
0.4401
0.440104
0.440107
0.440111
0.440114
0.440118
0.440121
0.440124
0.440128
0.440131
0.440135
0.440138
0.440141
0.440145
0.440148
0.440151
0.440154
0.440158
0.440161
0.440164
0.440167
0.44017
0.440174
0.440177
0.44018
0.440183
0.440186
0.440189
0.440192
0.440195
0.440198
0.440201
0.440204
0.440207
0.44021
0.440213
0.440216
0.440218
0.440221
0.440224
0.440227
0.44023
0.440232
0.440235
0.440238
0.440241
0.440243
0.440246
0.440249
0.440251
0.440254
0.440257
0.440259
0.440262
0.440265
0.440267
0.44027
0.440272
0.440275
0.440277
0.44028
0.440282
0.440285
0.440287
0.44029
0.440292
0.440294
0.440297
0.440299
0.440302
0.440304
0.440306
0.440309
0.440311
0.440313
0.440316
0.440318
0.44032
0.440322
0.440325
0.440327
0.440329
0.440331
0.440333
0.440335
0.440338
0.44034
0.440342
0.440344
0.440346
0.440348
0.44035
0.440352
0.440354
0.440356
0.440358
0.44036
0.440362
0.440364
0.440366
0.440368
0.44037
0.440372
0.440374
0.440376
0.440378
0.44038
0.440382
0.440384
0.440386
0.440387
0.440389
0.440391
0.440393
0.440395
0.440396
0.440398
0.4404
0.440402
0.440404
0.440405
0.440407
0.440409
0.44041
0.440412
0.440414
0.440416
0.440417
0.440419
0.44042
0.440422
0.440424
0.440425
0.440427
0.440429
0.44043
0.440432
0.440433
0.440435
0.440436
0.440438
0.44044
0.440441
0.440443
0.440444
0.440446
0.440447
0.440449
0.44045
0.440452
0.440453
0.440454
0.440456
0.440457
0.440459
0.44046
0.440462
0.440463
0.440464
0.440466
0.440467
0.440468
0.44047
0.440471
0.440472
0.440474
0.440475
0.440476
0.440478
0.440479
0.44048
0.440482
0.440483
0.440484
0.440485
0.440487
0.440488
0.440489
0.44049
0.440492
0.440493
0.440494
0.440495
0.440496
0.440498
0.440499
0.4405
0.440501
0.440502
0.440503
0.440505
0.440506
0.440507
0.440508
0.440509
0.44051
0.440511
0.440512
0.440513
0.440515
0.440516
0.440517
0.440518
0.440519
0.44052
0.440521
0.440522
0.440523
0.440524
0.440525
0.440526
0.440527
0.440528
0.440529
0.44053
0.440531
0.440532
0.440533
0.440534
0.440535
0.440536
0.440537
0.440538
0.440539
0.44054
0.440541
0.440542
0.440542
0.440543
0.440544
0.440545
0.440546
0.440547
0.440548
0.440549
0.44055
0.44055
0.440551
0.440552
0.440553
0.440554
0.440555
0.440556
0.440556
0.440557
0.440558
0.440559
0.44056
0.44056
0.440561
0.440562
0.440563
0.440564
0.440564
0.440565
0.440566
0.440567
0.440568
0.440568
0.440569
0.44057
0.440571
0.440571
0.440572
0.440573
0.440574
0.440574
0.440575
0.440576
0.440576
0.440577
0.440578
0.440579
0.440579
0.44058
0.440581
0.440581
0.440582
0.440583
0.440583
0.440584
0.440585
0.440585
0.440586
0.440587
0.440587
0.440588
0.440589
0.440589
0.44059
0.44059
0.440591
0.440592
0.440592
0.440593
0.440594
0.440594
0.440595
0.440595
0.440596
0.440596
0.440597
0.440598
0.440598
0.440599
0.440599
0.4406
0.440601
0.440601
0.440602
0.440602
0.440603
0.440603
0.440604
0.440604
0.440605
0.440605
0.440606
0.440607
0.440607
0.440608
0.440608
0.440609
0.440609
0.44061
0.44061
0.440611
0.440611
0.440612
0.440612
0.440613
0.440613
0.440614
0.440614
0.440615
0.440615
0.440616
0.440616
0.440617
0.440617
0.440617
0.440618
0.440618
0.440619
0.440619
0.44062
0.44062
0.440621
0.440621
0.440622
0.440622
0.440622
0.440623
0.440623
0.440624
0.440624
0.440625
0.440625
0.440625
0.440626
0.440626
0.440627
0.440627
0.440627
0.440628
0.440628
0.440629
0.440629
0.440629
0.44063
0.44063
0.440631
0.440631
0.440631
0.440632
0.440632
0.440632
0.440633
0.440633
0.440634
0.440634
0.440634
0.440635
0.440635
0.440635
0.440636
0.440636
0.440636
0.440637
0.440637
0.440638
0.440638
0.440638
0.440639
0.440639
0.440639
0.44064
0.44064
0.44064
0.440641
0.440641
0.440641
0.440641
0.440642
0.440642
0.440642
0.440643
0.440643
0.440643
0.440644
0.440644
0.440644
0.440645
0.440645
0.440645
0.440645
0.440646
0.440646
0.440646
0.440647
0.440647
0.440647
0.440648
0.440648
0.440648
0.440648
0.440649
0.440649
0.440649
0.440649
0.44065
0.44065
0.44065
0.440651
0.440651
0.440651
0.440651
0.440652
0.440652
0.440652
0.440652
0.440653
0.440653
0.440653
0.440653
0.440654
0.440654
0.440654
0.440654
0.440655
0.440655
0.440655
0.440655
0.440656
0.440656
0.440656
0.440656
0.440656
0.440657
0.440657
0.440657
0.440657
0.440658
0.440658
0.440658
0.440658
0.440658
0.440659
0.440659
0.440659
0.440659
0.44066
0.44066
0.44066
0.44066
0.44066
0.440661
0.440661
0.440661
0.440661
0.440661
0.440662
0.440662
0.440662
0.440662
0.440662
0.440663
0.440663
0.440663
0.440663
0.440663
0.440664
0.440664
0.440664
0.440664
0.440664
0.440664
0.440665
0.440665
0.440665
0.440665
0.440665
0.440666
0.440666
0.440666
0.440666
0.440666
0.440666
0.440667
0.440667
0.440667
0.440667
0.440667
0.440667
0.440668
0.440668
0.440668
0.440668
0.440668
0.440668
0.440669
0.440669
0.440669
0.440669
0.440669
0.440669
0.440669
0.44067
0.44067
0.44067
0.44067
0.44067
0.44067
0.440671
0.440671
0.440671
0.440671
0.440671
0.440671
0.440671
0.440672
0.440672
0.440672
0.440672
0.440672
0.440672
0.440672
0.440672
0.440673
0.440673
0.440673
0.440673
0.440673
0.440673
0.440673
0.440674
0.440674
0.440674
0.440674
0.440674
0.440674
0.440674
0.440674
0.440675
0.440675
0.440675
0.440675
0.440675
0.440675
0.440675
0.440675
0.440675
0.440676
0.440676
0.440676
0.440676
0.440676
0.440676
0.440676
0.440676
0.440676
0.440677
0.440677
0.440677
0.440677
0.440677
0.440677
0.440677
0.440677
0.440677
0.440678
0.440678
0.440678
0.440678
0.440678
0.440678
0.440678
0.440678
0.440678
0.440678
0.440679
0.440679
0.440679
0.440679
0.440679
0.440679
0.440679
0.440679
0.440679
0.440679
0.440679
0.44068
0.44068
0.44068
0.44068
0.44068
0.44068
0.44068
0.44068
0.44068
0.44068
0.44068
0.440681
0.440681
0.440681
0.440681
0.440681
0.440681
0.440681
0.440681
0.440681
0.440681
0.440681
0.440681
0.440682
0.440682
0.440682
0.440682
0.440682
0.440682
0.440682
0.440682
0.440682
0.440682
0.440682
0.440682
0.440682
0.440683
0.440683
0.440683
0.440683
0.440683
0.440683
0.440683
0.440683
0.440683
0.440683
0.440683
0.440683
0.440683
0.440683
0.440684
0.440684
0.440684
0.440684
0.440684
0.440684
0.440684
0.440684
0.440684
0.440684
0.440684
0.440684
0.440684
0.440684
0.440684
0.440684
0.440685
0.440685
0.440685
0.440685
0.440685
0.440685
0.440685
0.440685
0.440685
0.440685
0.440685
0.440685
0.440685
0.440685
0.440685
0.440685
0.440685
0.440686
0.440686
0.440686
0.440686
0.440686
0.440686
0.440686
0.440686
0.440686
0.440686
0.440686
0.440686
0.440686
0.440686
0.440686
0.440686
0.440686
0.440686
0.440686
0.440687
0.440687
0.440687
0.440687
0.440687
0.440687
0.440687
0.440687
0.440687
0.440687
0.440687
0.440687
0.440687
0.440687
0.440687
0.440687
0.440687
0.440687
0.440687
0.440687
0.440687
0.440688
0.440688
0.440688
0.440688
0.440688
0.440688
0.440688
0.440688
0.440688
0.440688
0.440688
0.440688
0.440688
0.440688
0.440688
0.440688
0.440688
0.440688
0.440688
0.440688
0.440688
0.440688
0.440688
0.440688
0.440688
0.440689
0.440689
0.440689
0.440689
0.440689
0.440689
0.440689
0.440689
0.440689
0.440689
0.440689
0.440689
0.440689
0.440689
0.440689
0.440689
0.440689
0.440689
0.440689
0.440689
0.440689
0.440689
0.440689
0.440689
0.440689
0.440689
0.440689
0.440689
0.440689
0.44069
0.44069
0.44069
0.44069
0.44069
0.44069
0.44069
0.44069
0.44069
0.44069
0.44069
0.44069
0.44069
0.44069
0.44069
0.44069
0.44069
0.44069
0.44069
0.44069
0.44069
0.44069
0.44069
0.44069
0.44069
0.44069
0.44069
0.44069
0.44069
0.44069
0.44069
0.44069
0.44069
0.44069
0.44069
0.440691
0.440691
0.440691
0.440691
0.440691
0.440691
0.440691
0.440691
0.440691
0.440691
0.440691
0.440691
0.440691
0.440691
0.440691
0.440691
0.440691
0.440691
0.440691
0.440691
0.440691
0.440691
0.440691
0.440691
0.440691
0.440691
0.440691
0.440691
0.440691
0.440691
0.440691
0.440691
0.440691
0.440691
0.440691
0.440691
0.440691
0.440691
0.440691
0.440691
0.440691
0.440691
0.440691
0.440691
0.440692
0.440692
0.440692
0.440692
0.440692
0.440692
0.440692
0.440692
0.440692
0.440692
0.440692
0.440692
0.440692
0.440692
0.440692
0.440692
0.440692
0.440692
0.440692
0.440692
0.440692
0.440692
0.440692
0.440692
0.440692
0.440692
0.440692
0.440692
0.440692
0.440692
0.440692
0.440692
0.440692
0.440692
0.440692
0.440692
0.440692
0.440692
0.440692
0.440692
0.440692
0.440692
0.440692
0.440692
0.440692
0.440692
0.440692
0.440692
0.440692
0.440692
0.440692
0.440692
0.440692
0.440692
0.440692
0.440692
0.440692
0.440692
0.440692
0.440692
0.440692
0.440693
0.440693
0.440693
0.440693
0.440693
0.440693
0.440693
0.440693
0.440693
0.440693
0.440693
0.440693
0.440693
0.440693
0.440693
0.440693
0.440693
0.440693
0.440693
0.440693
0.440693
0.440693
0.440693
0.440693
0.440693
0.440693
0.440693
0.440693
0.440693
0.440693
0.440693
0.440693
0.440693
0.440693
0.440693
0.440693
0.440693
0.440693
0.440693
0.440693
0.440693
0.440693
0.440693
0.440693
0.440693
0.440693
0.440693
0.440693
0.440693
0.440693
0.440693
0.440693
0.440693
0.440693
0.440693
0.440693
0.440693
0.440693
0.440693
0.440693
0.440693
0.440693
0.440693
0.440693
0.440693
0.440693
0.440693
0.440693
0.440693
0.440693
0.440693
0.440693
0.440693
0.440693
0.440693
0.440693
0.440693
0.440693
0.440693
0.440693
0.440693
0.440693
0.440693
0.440693
0.440693
0.440693
0.440693
0.440693
0.440693
0.440693
0.440693
0.440693
0.440693
0.440693
0.440693
0.440693
0.440693
0.440694
0.440694
0.440694
0.440694
0.440694
0.440694
0.440694
0.440694
0.440694
0.440694
0.440694
0.440694
0.440694
0.440694
0.440694
0.440694
0.440694
0.440694
0.440694
0.440694
0.440694
0.440694
0.440694
0.440694
0.440694
0.440694
0.440694
0.440694
0.440694
0.440694
0.440694
0.440694
0.440694
0.440694
0.440694
0.440694
0.440694
0.440694
0.440694
0.440694
0.440694
0.440694
0.440694
0.440694
0.440694
0.440694
0.440694
0.440694
0.440694
0.440694
0.440694
0.440694
0.440694
0.440694
0.440694
0.440694
0.440694
0.440694
0.440694
0.440694
0.440694
0.440694
0.440694
0.440694
0.440694
0.440694
0.440694
0.440694
0.440694
0.440694
0.440694
0.440694
0.440694
0.440694
0.440694
0.440694
0.440694
0.440694
0.440694
0.440694
0.440694
0.440694
0.440694
0.440694
0.440694
0.440694
0.440694
0.440694
0.440694
0.440694
0.440694
0.440694
0.440694
0.440694
0.440694
0.440694
0.440694
0.440694
0.440694
0.440694
0.440694
0.440694
0.440694
0.440694
0.440694
0.440694
0.440694
0.440694
0.440694
0.440694
0.440694
0.440694
0.440694
0.440694
0.440694
0.440694
0.440694
0.440694
0.440694
0.440694
0.440694
0.440694
0.440694
0.440694
0.440694
0.440694
0.440694
0.440694
0.440694
0.440694
0.440694
0.440694
0.440694
0.440694
0.440694
0.440694
0.440694
0.440694
0.440694
0.440694
0.440694
0.440694
0.440694
0.440694
0.440694
0.440694
0.440694
0.440694
0.440694
0.440694
0.440694
0.440694
0.440694
0.440694
0.440694
0.440694
0.440694
0.440694
0.440694
0.440694
0.440694
0.440694
0.440694
0.440694
0.440694
0.440694
0.440694
0.440694
0.440694
0.440694
0.440694
