0.379991
0.37908
0.378169
0.377258
0.376348
0.375437
0.374526
0.373615
0.372704
0.371794
0.371088
0.370481
0.369877
0.369276
0.368677
0.368081
0.367488
0.366897
0.366309
0.365724
0.365142
0.364562
0.363984
0.36341
0.362837
0.362268
0.361701
0.361136
0.360574
0.360015
0.359458
0.358903
0.358351
0.357801
0.357254
0.35671
0.356167
0.355627
0.35509
0.354555
0.354022
0.353491
0.352963
0.352437
0.351914
0.351393
0.350874
0.350357
0.349843
0.349331
0.348821
0.348313
0.347808
0.347305
0.346804
0.346305
0.345808
0.345314
0.344821
0.344331
0.343843
0.343357
0.342873
0.342391
0.341912
0.341434
0.340958
0.340485
0.340013
0.339544
0.339076
0.338611
0.338148
0.337686
0.337227
0.336769
0.336314
0.33586
0.335408
0.334958
0.334511
0.334065
0.333621
0.333179
0.332738
0.3323
0.331863
0.331429
0.330996
0.330565
0.330136
0.329709
0.329283
0.328859
0.328437
0.328017
0.327599
0.327182
0.326767
0.326354
0.325943
0.325533
0.325125
0.324719
0.324314
0.323911
0.32351
0.323111
0.322713
0.322317
0.321922
0.321529
0.321138
0.320749
0.320361
0.319974
0.31959
0.319206
0.318825
0.318445
0.318066
0.31769
0.317314
0.316941
0.316568
0.316198
0.315829
0.315461
0.315095
0.314731
0.314368
0.314006
0.313646
0.313287
0.31293
0.312575
0.31222
0.311868
0.311516
0.311166
0.310818
0.310471
0.310125
0.309781
0.309439
0.309097
0.308757
0.308419
0.308081
0.307746
0.307411
0.307078
0.306746
0.306416
0.306087
0.305759
0.305433
0.305108
0.304784
0.304461
0.30414
0.30382
0.303502
0.303185
0.302869
0.302554
0.30224
0.301928
0.301617
0.301308
0.300999
0.300692
0.300386
0.300081
0.299778
0.299475
0.299174
0.298874
0.298576
0.298278
0.297982
0.297687
0.297393
0.2971
0.296809
0.296518
0.296229
0.295941
0.295654
0.295368
0.295083
0.2948
0.294517
0.294236
0.293956
0.293677
0.293399
0.293122
0.292846
0.292571
0.292297
0.292025
0.291753
0.291483
0.291214
0.290945
0.290678
0.290412
0.290147
0.289883
0.28962
0.289358
0.289097
0.288837
0.288578
0.28832
0.288063
0.287807
0.287552
0.287298
0.287045
0.286794
0.286543
0.286293
0.286044
0.285796
0.285549
0.285302
0.285057
0.284813
0.28457
0.284328
0.284086
0.283846
0.283606
0.283368
0.28313
0.282893
0.282658
0.282423
0.282189
0.281956
0.281723
0.281492
0.281262
0.281032
0.280804
0.280576
0.280349
0.280123
0.279898
0.279674
0.27945
0.279228
0.279006
0.278785
0.278565
0.278346
0.278128
0.27791
0.277693
0.277478
0.277263
0.277048
0.276835
0.276622
0.276411
0.2762
0.27599
0.27578
0.275572
0.275364
0.275157
0.274951
0.274745
0.274541
0.274337
0.274134
0.273931
0.27373
0.273529
0.273329
0.27313
0.272931
0.272733
0.272536
0.27234
0.272144
0.27195
0.271755
0.271562
0.271369
0.271177
0.270986
0.270796
0.270606
0.270417
0.270229
0.270041
0.269854
0.269668
0.269482
0.269297
0.269113
0.268929
0.268747
0.268565
0.268383
0.268202
0.268022
0.267843
0.267664
0.267486
0.267308
0.267131
0.266955
0.26678
0.266605
0.266431
0.266257
0.266084
0.265912
0.26574
0.265569
0.265399
0.265229
0.26506
0.264891
0.264723
0.264556
0.264389
0.264223
0.264058
0.263893
0.263729
0.263565
0.263402
0.26324
0.263078
0.262916
0.262756
0.262596
0.262436
0.262277
0.262119
0.261961
0.261804
0.261647
0.261491
0.261335
0.26118
0.261026
0.260872
0.260719
0.260566
0.260414
0.260262
0.260111
0.259961
0.259811
0.259661
0.259512
0.259364
0.259216
0.259069
0.258922
0.258776
0.25863
0.258485
0.25834
0.258196
0.258052
0.257909
0.257766
0.257624
0.257482
0.257341
0.257201
0.25706
0.256921
0.256782
0.256643
0.256505
0.256367
0.25623
0.256093
0.255957
0.255821
0.255686
0.255551
0.255417
0.255283
0.25515
0.255017
0.254884
0.254753
0.254621
0.25449
0.254359
0.254229
0.2541
0.25397
0.253842
0.253713
0.253586
0.253458
0.253331
0.253205
0.253079
0.252953
0.252828
0.252703
0.252579
0.252455
0.252331
0.252208
0.252085
0.251963
0.251841
0.25172
0.251599
0.251479
0.251359
0.251239
0.25112
0.251001
0.250882
0.250764
0.250647
0.250529
0.250413
0.250296
0.25018
0.250064
0.249949
0.249834
0.24972
0.249606
0.249492
0.249379
0.249266
0.249153
0.249041
0.248929
0.248818
0.248707
0.248596
0.248486
0.248376
0.248267
0.248158
0.248049
0.247941
0.247833
0.247725
0.247618
0.247511
0.247404
0.247298
0.247192
0.247086
0.246981
0.246876
0.246772
0.246668
0.246564
0.246461
0.246358
0.246255
0.246153
0.246051
0.245949
0.245847
0.245746
0.245646
0.245545
0.245445
0.245346
0.245246
0.245147
0.245049
0.24495
0.244852
0.244755
0.244657
0.24456
0.244463
0.244367
0.244271
0.244175
0.244079
0.243984
0.243889
0.243795
0.243701
0.243607
0.243513
0.24342
0.243327
0.243234
0.243142
0.243049
0.242958
0.242866
0.242775
0.242684
0.242593
0.242503
0.242413
0.242323
0.242234
0.242145
0.242056
0.241967
0.241879
0.241791
0.241703
0.241616
0.241528
0.241441
0.241355
0.241269
0.241182
0.241097
0.241011
0.240926
0.240841
0.240756
0.240672
0.240588
0.240504
0.24042
0.240337
0.240254
0.240171
0.240088
0.240006
0.239924
0.239842
0.239761
0.239679
0.239598
0.239518
0.239437
0.239357
0.239277
0.239197
0.239118
0.239038
0.238959
0.238881
0.238802
0.238724
0.238646
0.238568
0.238491
0.238413
0.238336
0.238259
0.238183
0.238107
0.23803
0.237955
0.237879
0.237804
0.237728
0.237654
0.237579
0.237504
0.23743
0.237356
0.237282
0.237209
0.237136
0.237062
0.23699
0.236917
0.236845
0.236772
0.2367
0.236629
0.236557
0.236486
0.236415
0.236344
0.236273
0.236203
0.236132
0.236062
0.235993
0.235923
0.235854
0.235784
0.235715
0.235647
0.235578
0.23551
0.235442
0.235374
0.235306
0.235238
0.235171
0.235104
0.235037
0.23497
0.234904
0.234837
0.234771
0.234705
0.23464
0.234574
0.234509
0.234444
0.234379
0.234314
0.234249
0.234185
0.234121
0.234057
0.233993
0.233929
0.233866
0.233803
0.23374
0.233677
0.233614
0.233552
0.233489
0.233427
0.233365
0.233304
0.233242
0.233181
0.233119
0.233058
0.232997
0.232937
0.232876
0.232816
0.232756
0.232696
0.232636
0.232576
0.232517
0.232457
0.232398
0.232339
0.232281
0.232222
0.232163
0.232105
0.232047
0.231989
0.231931
0.231874
0.231816
0.231759
0.231702
0.231645
0.231588
0.231532
0.231475
0.231419
0.231363
0.231307
0.231251
0.231195
0.23114
0.231084
0.231029
0.230974
0.230919
0.230864
0.23081
0.230755
0.230701
0.230647
0.230593
0.230539
0.230486
0.230432
0.230379
0.230326
0.230272
0.23022
0.230167
0.230114
0.230062
0.230009
0.229957
0.229905
0.229853
0.229801
0.22975
0.229698
0.229647
0.229596
0.229545
0.229494
0.229443
0.229393
0.229342
0.229292
0.229242
0.229192
0.229142
0.229092
0.229042
0.228993
0.228943
0.228894
0.228845
0.228796
0.228747
0.228698
0.22865
0.228601
0.228553
0.228505
0.228457
0.228409
0.228361
0.228313
0.228266
0.228219
0.228171
0.228124
0.228077
0.22803
0.227983
0.227937
0.22789
0.227844
0.227798
0.227751
0.227705
0.227659
0.227614
0.227568
0.227522
0.227477
0.227432
0.227387
0.227342
0.227297
0.227252
0.227207
0.227162
0.227118
0.227074
0.227029
0.226985
0.226941
0.226897
0.226854
0.22681
0.226766
0.226723
0.22668
0.226637
0.226593
0.22655
0.226508
0.226465
0.226422
0.22638
0.226337
0.226295
0.226253
0.226211
0.226169
0.226127
0.226085
0.226043
0.226002
0.22596
0.225919
0.225878
0.225837
0.225796
0.225755
0.225714
0.225673
0.225633
0.225592
0.225552
0.225511
0.225471
0.225431
0.225391
0.225351
0.225311
0.225272
0.225232
0.225193
0.225153
0.225114
0.225075
0.225036
0.224997
0.224958
0.224919
0.22488
0.224842
0.224803
0.224765
0.224727
0.224688
0.22465
0.224612
0.224574
0.224537
0.224499
0.224461
0.224424
0.224386
0.224349
0.224312
0.224274
0.224237
0.2242
0.224163
0.224127
0.22409
0.224053
0.224017
0.22398
0.223944
0.223908
0.223871
0.223835
0.223799
0.223763
0.223728
0.223692
0.223656
0.223621
0.223585
0.22355
0.223514
0.223479
0.223444
0.223409
0.223374
0.223339
0.223304
0.22327
0.223235
0.2232
0.223166
0.223131
0.223097
0.223063
0.223029
0.222995
0.222961
0.222927
0.222893
0.222859
0.222826
0.222792
0.222759
0.222725
0.222692
0.222659
0.222625
0.222592
0.222559
0.222526
0.222494
0.222461
0.222428
0.222395
0.222363
0.22233
0.222298
0.222266
0.222233
0.222201
0.222169
0.222137
0.222105
0.222073
0.222041
0.22201
0.221978
0.221947
0.221915
0.221884
0.221852
0.221821
0.22179
0.221759
0.221728
0.221697
0.221666
0.221635
0.221604
0.221573
0.221543
0.221512
0.221482
0.221451
0.221421
0.22139
0.22136
0.22133
0.2213
0.22127
0.22124
0.22121
0.22118
0.221151
0.221121
0.221091
0.221062
0.221032
0.221003
0.220974
0.220944
0.220915
0.220886
0.220857
0.220828
0.220799
0.22077
0.220741
0.220712
0.220684
0.220655
0.220627
0.220598
0.22057
0.220541
0.220513
0.220485
0.220457
0.220428
0.2204
0.220372
0.220344
0.220317
0.220289
0.220261
0.220233
0.220206
0.220178
0.220151
0.220123
0.220096
0.220069
0.220041
0.220014
0.219987
0.21996
0.219933
0.219906
0.219879
0.219852
0.219825
0.219799
0.219772
0.219745
0.219719
0.219692
0.219666
0.219639
0.219613
0.219587
0.219561
0.219535
0.219508
0.219482
0.219456
0.219431
0.219405
0.219379
0.219353
0.219327
0.219302
0.219276
0.219251
0.219225
0.2192
0.219174
0.219149
0.219124
0.219099
0.219073
0.219048
0.219023
0.218998
0.218973
0.218948
0.218924
0.218899
0.218874
0.218849
0.218825
0.2188
0.218776
0.218751
0.218727
0.218702
0.218678
0.218654
0.21863
0.218605
0.218581
0.218557
0.218533
0.218509
0.218485
0.218461
0.218438
0.218414
0.21839
0.218366
0.218343
0.218319
0.218296
0.218272
0.218249
0.218225
0.218202
0.218179
0.218156
0.218132
0.218109
0.218086
0.218063
0.21804
0.218017
0.217994
0.217972
0.217949
0.217926
0.217903
0.217881
0.217858
0.217835
0.217813
0.21779
0.217768
0.217746
0.217723
0.217701
0.217679
0.217657
0.217634
0.217612
0.21759
0.217568
0.217546
0.217524
0.217502
0.217481
0.217459
0.217437
0.217415
0.217394
0.217372
0.21735
0.217329
0.217307
0.217286
0.217264
0.217243
0.217222
0.217201
0.217179
0.217158
0.217137
0.217116
0.217095
0.217074
0.217053
0.217032
0.217011
0.21699
0.216969
0.216948
0.216928
0.216907
0.216886
0.216866
0.216845
0.216825
0.216804
0.216784
0.216763
0.216743
0.216723
0.216702
0.216682
0.216662
0.216642
0.216621
0.216601
0.216581
0.216561
0.216541
0.216521
0.216502
0.216482
0.216462
0.216442
0.216422
0.216403
0.216383
0.216363
0.216344
0.216324
0.216305
0.216285
0.216266
0.216246
0.216227
0.216208
0.216188
0.216169
0.21615
0.216131
0.216112
0.216092
0.216073
0.216054
0.216035
0.216016
0.215997
0.215979
0.21596
0.215941
0.215922
0.215903
0.215885
0.215866
0.215847
0.215829
0.21581
0.215792
0.215773
0.215755
0.215736
0.215718
0.2157
0.215681
0.215663
0.215645
0.215627
0.215608
0.21559
0.215572
0.215554
0.215536
0.215518
0.2155
0.215482
0.215464
0.215446
0.215428
0.215411
0.215393
0.215375
0.215357
0.21534
0.215322
0.215304
0.215287
0.215269
0.215252
0.215234
0.215217
0.215199
0.215182
0.215165
0.215147
0.21513
0.215113
0.215096
0.215078
0.215061
0.215044
0.215027
0.21501
0.214993
0.214976
0.214959
0.214942
0.214925
0.214908
0.214892
0.214875
0.214858
0.214841
0.214824
0.214808
0.214791
0.214774
0.214758
0.214741
0.214725
0.214708
0.214692
0.214675
0.214659
0.214643
0.214626
0.21461
0.214594
0.214577
0.214561
0.214545
0.214529
0.214513
0.214496
0.21448
0.214464
0.214448
0.214432
0.214416
0.2144
0.214384
0.214369
0.214353
0.214337
0.214321
0.214305
0.214289
0.214274
0.214258
0.214242
0.214227
0.214211
0.214196
0.21418
0.214165
0.214149
0.214134
0.214118
0.214103
0.214087
0.214072
0.214057
0.214041
0.214026
0.214011
0.213996
0.21398
0.213965
0.21395
0.213935
0.21392
0.213905
0.21389
0.213875
0.21386
0.213845
0.21383
0.213815
0.2138
0.213785
0.213771
0.213756
0.213741
0.213726
0.213712
0.213697
0.213682
0.213668
0.213653
0.213638
0.213624
0.213609
0.213595
0.21358
0.213566
0.213551
0.213537
0.213523
0.213508
0.213494
0.21348
0.213465
0.213451
0.213437
0.213423
0.213408
0.213394
0.21338
0.213366
0.213352
0.213338
0.213324
0.21331
0.213296
0.213282
0.213268
0.213254
0.21324
0.213226
0.213212
0.213199
0.213185
0.213171
0.213157
0.213144
0.21313
0.213116
0.213103
0.213089
0.213075
0.213062
0.213048
0.213035
0.213021
0.213008
0.212994
0.212981
0.212967
0.212954
0.212941
0.212927
0.212914
0.212901
0.212887
0.212874
0.212861
0.212848
0.212834
0.212821
0.212808
0.212795
0.212782
0.212769
0.212756
0.212743
0.21273
0.212717
0.212704
0.212691
0.212678
0.212665
0.212652
0.212639
0.212626
0.212614
0.212601
0.212588
0.212575
0.212563
0.21255
0.212537
0.212525
0.212512
0.212499
0.212487
0.212474
0.212462
0.212449
0.212436
0.212424
0.212412
0.212399
0.212387
0.212374
0.212362
0.212349
0.212337
0.212325
0.212312
0.2123
0.212288
0.212276
0.212263
0.212251
0.212239
0.212227
0.212215
0.212203
0.212191
0.212178
0.212166
0.212154
0.212142
0.21213
0.212118
0.212106
0.212094
0.212083
0.212071
0.212059
0.212047
0.212035
0.212023
0.212011
0.212
0.211988
0.211976
0.211964
0.211953
0.211941
0.211929
0.211918
0.211906
0.211894
0.211883
0.211871
0.21186
0.211848
0.211837
0.211825
0.211814
0.211802
0.211791
0.211779
0.211768
0.211757
0.211745
0.211734
0.211723
0.211711
0.2117
0.211689
0.211677
0.211666
0.211655
0.211644
0.211633
0.211621
0.21161
0.211599
0.211588
0.211577
0.211566
0.211555
0.211544
0.211533
0.211522
0.211511
0.2115
0.211489
0.211478
0.211467
0.211456
0.211445
0.211435
0.211424
0.211413
0.211402
0.211391
0.21138
0.21137
0.211359
0.211348
0.211338
0.211327
0.211316
0.211306
0.211295
0.211284
0.211274
0.211263
0.211253
0.211242
0.211232
0.211221
0.211211
0.2112
0.21119
0.211179
0.211169
0.211158
0.211148
0.211138
0.211127
0.211117
0.211107
0.211096
0.211086
0.211076
0.211065
0.211055
0.211045
0.211035
0.211025
0.211014
0.211004
0.210994
0.210984
0.210974
0.210964
0.210954
0.210944
0.210934
0.210924
0.210914
0.210904
0.210894
0.210884
0.210874
0.210864
0.210854
0.210844
0.210834
0.210824
0.210814
0.210804
0.210795
0.210785
0.210775
0.210765
0.210755
0.210746
0.210736
0.210726
0.210717
0.210707
0.210697
0.210688
0.210678
0.210668
0.210659
0.210649
0.21064
0.21063
0.21062
0.210611
0.210601
0.210592
0.210582
0.210573
0.210564
0.210554
0.210545
0.210535
0.210526
0.210516
0.210507
0.210498
0.210488
0.210479
0.21047
0.21046
0.210451
0.210442
0.210433
0.210423
0.210414
0.210405
0.210396
0.210387
0.210377
0.210368
0.210359
0.21035
0.210341
0.210332
0.210323
0.210314
0.210305
0.210296
0.210287
0.210278
0.210269
0.21026
0.210251
0.210242
0.210233
0.210224
0.210215
0.210206
0.210197
0.210188
0.21018
0.210171
0.210162
0.210153
0.210144
0.210135
0.210127
0.210118
0.210109
0.2101
0.210092
0.210083
0.210074
0.210066
0.210057
0.210048
0.21004
0.210031
0.210023
0.210014
0.210005
0.209997
0.209988
0.20998
0.209971
0.209963
0.209954
0.209946
0.209937
0.209929
0.20992
0.209912
0.209903
0.209895
0.209887
0.209878
0.20987
0.209862
0.209853
0.209845
0.209837
0.209828
0.20982
0.209812
0.209803
0.209795
0.209787
0.209779
0.20977
0.209762
0.209754
0.209746
0.209738
0.20973
0.209721
0.209713
0.209705
0.209697
0.209689
0.209681
0.209673
0.209665
0.209657
0.209649
0.209641
0.209633
0.209625
0.209617
0.209609
0.209601
0.209593
0.209585
0.209577
0.209569
0.209561
0.209553
0.209546
0.209538
0.20953
0.209522
0.209514
0.209506
0.209499
0.209491
0.209483
0.209475
0.209468
0.20946
0.209452
0.209444
0.209437
0.209429
0.209421
0.209414
0.209406
0.209398
0.209391
0.209383
0.209376
0.209368
0.20936
0.209353
0.209345
0.209338
0.20933
0.209323
0.209315
0.209308
0.2093
0.209293
0.209285
0.209278
0.20927
0.209263
0.209255
0.209248
0.209241
0.209233
0.209226
0.209218
0.209211
0.209204
0.209196
0.209189
0.209182
0.209174
0.209167
0.20916
0.209153
0.209145
0.209138
0.209131
0.209124
0.209116
0.209109
0.209102
0.209095
0.209088
0.209081
0.209073
0.209066
0.209059
0.209052
0.209045
0.209038
0.209031
0.209024
0.209017
0.20901
0.209003
0.208996
0.208989
0.208982
0.208975
0.208968
0.208961
0.208954
0.208947
0.20894
0.208933
0.208926
0.208919
0.208912
0.208905
0.208898
0.208891
0.208885
0.208878
0.208871
0.208864
0.208857
0.20885
0.208844
0.208837
0.20883
0.208823
0.208817
0.20881
0.208803
0.208796
0.20879
0.208783
0.208776
0.20877
0.208763
0.208756
0.20875
0.208743
0.208736
0.20873
0.208723
0.208716
0.20871
0.208703
0.208697
0.20869
0.208684
0.208677
0.20867
0.208664
0.208657
0.208651
0.208644
0.208638
0.208631
0.208625
0.208619
0.208612
0.208606
0.208599
0.208593
0.208586
0.20858
0.208574
0.208567
0.208561
0.208554
0.208548
0.208542
0.208535
0.208529
0.208523
0.208516
0.20851
0.208504
0.208498
0.208491
0.208485
0.208479
0.208473
0.208466
0.20846
0.208454
0.208448
0.208442
0.208435
0.208429
0.208423
0.208417
0.208411
0.208405
0.208398
0.208392
0.208386
0.20838
0.208374
0.208368
0.208362
0.208356
0.20835
0.208344
0.208338
0.208332
0.208326
0.20832
0.208314
0.208308
0.208302
0.208296
0.20829
0.208284
0.208278
0.208272
0.208266
0.20826
0.208254
0.208248
0.208242
0.208236
0.208231
0.208225
0.208219
0.208213
0.208207
0.208201
0.208195
0.20819
0.208184
0.208178
0.208172
0.208166
0.208161
0.208155
0.208149
0.208143
0.208138
0.208132
0.208126
0.208121
0.208115
0.208109
0.208103
0.208098
0.208092
0.208086
0.208081
0.208075
0.208069
0.208064
0.208058
0.208053
0.208047
0.208041
0.208036
0.20803
0.208025
0.208019
0.208014
0.208008
0.208002
0.207997
0.207991
0.207986
0.20798
0.207975
0.207969
0.207964
0.207958
0.207953
0.207948
0.207942
0.207937
0.207931
0.207926
0.20792
0.207915
0.20791
0.207904
0.207899
0.207893
0.207888
0.207883
0.207877
0.207872
0.207867
0.207861
0.207856
0.207851
0.207845
0.20784
0.207835
0.207829
0.207824
0.207819
0.207814
0.207808
0.207803
0.207798
0.207793
0.207787
0.207782
0.207777
0.207772
0.207767
0.207762
0.207756
0.207751
0.207746
0.207741
0.207736
0.207731
0.207725
0.20772
0.207715
0.20771
0.207705
0.2077
0.207695
0.20769
0.207685
0.20768
0.207675
0.20767
0.207664
0.207659
0.207654
0.207649
0.207644
0.207639
0.207634
0.207629
0.207624
0.207619
0.207614
0.20761
0.207605
0.2076
0.207595
0.20759
0.207585
0.20758
0.207575
0.20757
0.207565
0.20756
0.207555
0.207551
0.207546
0.207541
0.207536
0.207531
0.207526
0.207522
0.207517
0.207512
0.207507
0.207502
0.207497
0.207493
0.207488
0.207483
0.207478
0.207474
0.207469
0.207464
0.207459
0.207455
0.20745
0.207445
0.207441
0.207436
0.207431
0.207426
0.207422
0.207417
0.207412
