1e+08	2.22045e-16	2.22045e-16
1e+08	2.22045e-16	2.22045e-16
1e+08	2.22045e-16	2.22045e-16
1e+08	2.22045e-16	2.22045e-16
1e+08	2.22045e-16	2.22045e-16
1e+08	2.22045e-16	2.22045e-16
1e+08	2.22045e-16	2.22045e-16
9.95832e+07	2.22045e-16	2.22045e-16
9.86226e+07	2.22045e-16	2.22045e-16
9.7674e+07	2.22045e-16	2.22045e-16
9.67374e+07	2.22045e-16	2.22045e-16
9.58126e+07	2.22045e-16	2.22045e-16
9.48993e+07	2.22045e-16	2.22045e-16
9.39975e+07	2.22045e-16	2.22045e-16
9.3107e+07	2.22045e-16	2.22045e-16
9.22276e+07	2.22045e-16	2.22045e-16
9.13592e+07	2.22045e-16	2.22045e-16
9.05017e+07	2.22045e-16	2.22045e-16
8.96548e+07	2.22045e-16	2.22045e-16
8.88186e+07	2.22045e-16	2.22045e-16
8.79927e+07	2.22045e-16	2.22045e-16
8.71771e+07	2.22045e-16	2.22045e-16
8.63717e+07	2.22045e-16	2.22045e-16
8.55763e+07	2.22045e-16	2.22045e-16
8.47907e+07	2.22045e-16	2.22045e-16
8.40149e+07	2.22045e-16	2.22045e-16
8.32487e+07	2.22045e-16	2.22045e-16
8.2492e+07	2.22045e-16	2.22045e-16
8.17447e+07	2.22045e-16	2.22045e-16
8.10066e+07	2.22045e-16	2.22045e-16
8.02776e+07	2.22045e-16	2.22045e-16
7.95575e+07	2.22045e-16	2.22045e-16
7.88464e+07	2.22045e-16	2.22045e-16
7.8144e+07	2.22045e-16	2.22045e-16
7.74503e+07	2.22045e-16	2.22045e-16
7.6765e+07	2.22045e-16	2.22045e-16
7.60882e+07	2.22045e-16	2.22045e-16
7.54197e+07	2.22045e-16	2.22045e-16
7.47593e+07	2.22045e-16	2.22045e-16
7.41071e+07	2.22045e-16	2.22045e-16
7.34628e+07	2.22045e-16	2.22045e-16
7.28264e+07	2.22045e-16	2.22045e-16
7.21977e+07	2.22045e-16	2.22045e-16
7.15767e+07	2.22045e-16	2.22045e-16
7.09633e+07	2.22045e-16	2.22045e-16
7.03573e+07	2.22045e-16	2.22045e-16
6.97587e+07	2.22045e-16	2.22045e-16
6.91673e+07	2.22045e-16	2.22045e-16
6.85832e+07	2.22045e-16	2.22045e-16
6.8006e+07	2.22045e-16	2.22045e-16
6.74359e+07	2.22045e-16	2.22045e-16
6.68726e+07	2.22045e-16	2.22045e-16
6.63162e+07	2.22045e-16	2.22045e-16
6.57664e+07	2.22045e-16	2.22045e-16
6.52233e+07	2.22045e-16	2.22045e-16
6.46867e+07	2.22045e-16	2.22045e-16
6.41566e+07	2.22045e-16	2.22045e-16
6.36328e+07	2.22045e-16	2.22045e-16
6.31152e+07	2.22045e-16	2.22045e-16
6.26039e+07	2.22045e-16	2.22045e-16
6.20987e+07	2.22045e-16	2.22045e-16
6.15995e+07	2.22045e-16	2.22045e-16
6.11063e+07	2.22045e-16	2.22045e-16
6.06189e+07	2.22045e-16	2.22045e-16
6.01374e+07	2.22045e-16	2.22045e-16
5.96616e+07	2.22045e-16	2.22045e-16
5.91914e+07	2.22045e-16	2.22045e-16
5.87268e+07	2.22045e-16	2.22045e-16
5.82676e+07	2.22045e-16	2.22045e-16
5.7814e+07	2.22045e-16	2.22045e-16
5.73656e+07	2.22045e-16	2.22045e-16
5.69226e+07	2.22045e-16	2.22045e-16
5.64848e+07	2.22045e-16	2.22045e-16
5.60521e+07	2.22045e-16	2.22045e-16
5.56245e+07	2.22045e-16	2.22045e-16
5.5202e+07	2.22045e-16	2.22045e-16
5.47844e+07	2.22045e-16	2.22045e-16
5.43716e+07	2.22045e-16	2.22045e-16
5.39637e+07	2.22045e-16	2.22045e-16
5.35606e+07	2.22045e-16	2.22045e-16
5.31621e+07	2.22045e-16	2.22045e-16
5.27683e+07	2.22045e-16	2.22045e-16
5.23791e+07	2.22045e-16	2.22045e-16
5.19944e+07	2.22045e-16	2.22045e-16
5.16142e+07	2.22045e-16	2.22045e-16
5.12383e+07	2.22045e-16	2.22045e-16
5.08668e+07	2.22045e-16	2.22045e-16
5.04996e+07	2.22045e-16	2.22045e-16
5.01366e+07	2.22045e-16	2.22045e-16
4.97779e+07	2.22045e-16	2.22045e-16
4.94232e+07	2.22045e-16	2.22045e-16
4.90726e+07	2.22045e-16	2.22045e-16
4.8726e+07	2.22045e-16	2.22045e-16
4.83834e+07	2.22045e-16	2.22045e-16
4.80447e+07	2.22045e-16	2.22045e-16
4.77099e+07	2.22045e-16	2.22045e-16
4.73789e+07	2.22045e-16	2.22045e-16
4.70517e+07	2.22045e-16	2.22045e-16
4.67282e+07	2.22045e-16	2.22045e-16
4.64084e+07	2.22045e-16	2.22045e-16
4.60921e+07	2.22045e-16	2.22045e-16
4.57795e+07	2.22045e-16	2.22045e-16
4.54704e+07	2.22045e-16	2.22045e-16
4.51648e+07	2.22045e-16	2.22045e-16
4.48627e+07	2.22045e-16	2.22045e-16
4.45639e+07	2.22045e-16	2.22045e-16
4.42685e+07	2.22045e-16	2.22045e-16
4.39764e+07	2.22045e-16	2.22045e-16
4.36876e+07	2.22045e-16	2.22045e-16
4.3402e+07	2.22045e-16	2.22045e-16
4.31196e+07	2.22045e-16	2.22045e-16
4.28404e+07	2.22045e-16	2.22045e-16
4.25643e+07	2.22045e-16	2.22045e-16
4.22912e+07	2.22045e-16	2.22045e-16
4.20212e+07	2.22045e-16	2.22045e-16
4.17542e+07	2.22045e-16	2.22045e-16
4.14901e+07	2.22045e-16	2.22045e-16
4.1229e+07	2.22045e-16	2.22045e-16
4.09707e+07	2.22045e-16	2.22045e-16
4.07153e+07	2.22045e-16	2.22045e-16
4.04627e+07	2.22045e-16	2.22045e-16
4.02128e+07	2.22045e-16	2.22045e-16
3.99657e+07	2.22045e-16	2.22045e-16
3.97213e+07	2.22045e-16	2.22045e-16
3.94796e+07	2.22045e-16	2.22045e-16
3.92406e+07	2.22045e-16	2.22045e-16
3.90041e+07	2.22045e-16	2.22045e-16
3.87702e+07	2.22045e-16	2.22045e-16
3.85389e+07	2.22045e-16	2.22045e-16
3.831e+07	2.22045e-16	2.22045e-16
3.80837e+07	2.22045e-16	2.22045e-16
3.78598e+07	2.22045e-16	2.22045e-16
3.76383e+07	2.22045e-16	2.22045e-16
3.74192e+07	2.22045e-16	2.22045e-16
3.72024e+07	2.22045e-16	2.22045e-16
3.6988e+07	2.22045e-16	2.22045e-16
3.67759e+07	2.22045e-16	2.22045e-16
3.65661e+07	2.22045e-16	2.22045e-16
3.63585e+07	2.22045e-16	2.22045e-16
3.61532e+07	2.22045e-16	2.22045e-16
3.595e+07	2.22045e-16	2.22045e-16
3.5749e+07	2.22045e-16	2.22045e-16
3.55501e+07	2.22045e-16	2.22045e-16
3.53534e+07	2.22045e-16	2.22045e-16
3.51587e+07	2.22045e-16	2.22045e-16
3.49661e+07	2.22045e-16	2.22045e-16
3.47755e+07	2.22045e-16	2.22045e-16
3.45869e+07	2.22045e-16	2.22045e-16
3.44004e+07	2.22045e-16	2.22045e-16
3.42157e+07	2.22045e-16	2.22045e-16
3.40331e+07	2.22045e-16	2.22045e-16
3.38523e+07	2.22045e-16	2.22045e-16
3.36734e+07	2.22045e-16	2.22045e-16
3.34964e+07	2.22045e-16	2.22045e-16
3.33213e+07	2.22045e-16	2.22045e-16
3.3148e+07	2.22045e-16	2.22045e-16
3.29765e+07	2.22045e-16	2.22045e-16
3.28067e+07	2.22045e-16	2.22045e-16
3.26387e+07	2.22045e-16	2.22045e-16
3.24725e+07	2.22045e-16	2.22045e-16
3.2308e+07	2.22045e-16	2.22045e-16
3.21452e+07	2.22045e-16	2.22045e-16
3.1984e+07	2.22045e-16	2.22045e-16
3.18245e+07	2.22045e-16	2.22045e-16
3.16667e+07	2.22045e-16	2.22045e-16
3.15105e+07	2.22045e-16	2.22045e-16
3.13558e+07	2.22045e-16	2.22045e-16
3.12028e+07	2.22045e-16	2.22045e-16
3.10513e+07	2.22045e-16	2.22045e-16
3.09014e+07	2.22045e-16	2.22045e-16
3.07529e+07	2.22045e-16	2.22045e-16
3.0606e+07	2.22045e-16	2.22045e-16
3.04606e+07	2.22045e-16	2.22045e-16
3.03167e+07	2.22045e-16	2.22045e-16
3.01742e+07	2.22045e-16	2.22045e-16
3.00331e+07	2.22045e-16	2.22045e-16
2.98935e+07	2.22045e-16	2.22045e-16
2.97553e+07	2.22045e-16	2.22045e-16
2.96185e+07	2.22045e-16	2.22045e-16
2.9483e+07	2.22045e-16	2.22045e-16
2.93489e+07	2.22045e-16	2.22045e-16
2.92161e+07	2.22045e-16	2.22045e-16
2.90847e+07	2.22045e-16	2.22045e-16
2.89546e+07	2.22045e-16	2.22045e-16
2.88258e+07	2.22045e-16	2.22045e-16
2.86982e+07	2.22045e-16	2.22045e-16
2.85719e+07	2.22045e-16	2.22045e-16
2.84469e+07	2.22045e-16	2.22045e-16
2.83231e+07	2.22045e-16	2.22045e-16
2.82005e+07	2.22045e-16	2.22045e-16
2.80792e+07	2.22045e-16	2.22045e-16
2.7959e+07	2.22045e-16	2.22045e-16
2.784e+07	2.22045e-16	2.22045e-16
2.77222e+07	2.22045e-16	2.22045e-16
2.76056e+07	2.22045e-16	2.22045e-16
2.749e+07	2.22045e-16	2.22045e-16
2.73756e+07	2.22045e-16	2.22045e-16
2.72624e+07	2.22045e-16	2.22045e-16
2.71502e+07	2.22045e-16	2.22045e-16
2.70391e+07	2.22045e-16	2.22045e-16
2.69291e+07	2.22045e-16	2.22045e-16
2.68202e+07	2.22045e-16	2.22045e-16
2.67123e+07	2.22045e-16	2.22045e-16
2.66055e+07	2.22045e-16	2.22045e-16
2.64997e+07	2.22045e-16	2.22045e-16
2.63949e+07	2.22045e-16	2.22045e-16
2.62911e+07	2.22045e-16	2.22045e-16
2.61883e+07	2.22045e-16	2.22045e-16
2.60865e+07	2.22045e-16	2.22045e-16
2.59857e+07	2.22045e-16	2.22045e-16
2.58859e+07	2.22045e-16	2.22045e-16
2.5787e+07	2.22045e-16	2.22045e-16
2.5689e+07	2.22045e-16	2.22045e-16
2.5592e+07	2.22045e-16	2.22045e-16
2.54959e+07	2.22045e-16	2.22045e-16
2.54007e+07	2.22045e-16	2.22045e-16
2.53064e+07	2.22045e-16	2.22045e-16
2.52131e+07	2.22045e-16	2.22045e-16
2.51206e+07	2.22045e-16	2.22045e-16
2.50289e+07	2.22045e-16	2.22045e-16
2.49381e+07	2.22045e-16	2.22045e-16
2.48482e+07	2.22045e-16	2.22045e-16
2.47592e+07	2.22045e-16	2.22045e-16
2.46709e+07	2.22045e-16	2.22045e-16
2.45835e+07	2.22045e-16	2.22045e-16
2.44969e+07	2.22045e-16	2.22045e-16
2.44112e+07	2.22045e-16	2.22045e-16
2.43262e+07	2.22045e-16	2.22045e-16
2.4242e+07	2.22045e-16	2.22045e-16
2.41586e+07	2.22045e-16	2.22045e-16
2.4076e+07	2.22045e-16	2.22045e-16
2.39941e+07	2.22045e-16	2.22045e-16
2.3913e+07	2.22045e-16	2.22045e-16
2.38327e+07	2.22045e-16	2.22045e-16
2.37531e+07	2.22045e-16	2.22045e-16
2.36742e+07	2.22045e-16	2.22045e-16
2.3596e+07	2.22045e-16	2.22045e-16
2.35186e+07	2.22045e-16	2.22045e-16
2.34419e+07	2.22045e-16	2.22045e-16
2.33659e+07	2.22045e-16	2.22045e-16
2.32906e+07	2.22045e-16	2.22045e-16
2.32159e+07	2.22045e-16	2.22045e-16
2.3142e+07	2.22045e-16	2.22045e-16
2.30687e+07	2.22045e-16	2.22045e-16
2.29961e+07	2.22045e-16	2.22045e-16
2.29242e+07	2.22045e-16	2.22045e-16
2.28529e+07	2.22045e-16	2.22045e-16
2.27823e+07	2.22045e-16	2.22045e-16
2.27123e+07	2.22045e-16	2.22045e-16
2.26429e+07	2.22045e-16	2.22045e-16
2.25742e+07	2.22045e-16	2.22045e-16
2.2506e+07	2.22045e-16	2.22045e-16
2.24385e+07	2.22045e-16	2.22045e-16
2.23716e+07	2.22045e-16	2.22045e-16
2.23053e+07	2.22045e-16	2.22045e-16
2.22396e+07	2.22045e-16	2.22045e-16
2.21745e+07	2.22045e-16	2.22045e-16
2.211e+07	2.22045e-16	2.22045e-16
2.20461e+07	2.22045e-16	2.22045e-16
2.19827e+07	2.22045e-16	2.22045e-16
2.19199e+07	2.22045e-16	2.22045e-16
2.18576e+07	2.22045e-16	2.22045e-16
2.17959e+07	2.22045e-16	2.22045e-16
2.17348e+07	2.22045e-16	2.22045e-16
2.16742e+07	2.22045e-16	2.22045e-16
2.16141e+07	2.22045e-16	2.22045e-16
2.15546e+07	2.22045e-16	2.22045e-16
2.14956e+07	2.22045e-16	2.22045e-16
2.14371e+07	2.22045e-16	2.22045e-16
2.13791e+07	2.22045e-16	2.22045e-16
2.13216e+07	2.22045e-16	2.22045e-16
2.12647e+07	2.22045e-16	2.22045e-16
2.12082e+07	2.22045e-16	2.22045e-16
2.11523e+07	2.22045e-16	2.22045e-16
2.10968e+07	2.22045e-16	2.22045e-16
2.10418e+07	2.22045e-16	2.22045e-16
2.09873e+07	2.22045e-16	2.22045e-16
2.09333e+07	2.22045e-16	2.22045e-16
2.08797e+07	2.22045e-16	2.22045e-16
2.08266e+07	2.22045e-16	2.22045e-16
2.0774e+07	2.22045e-16	2.22045e-16
2.07218e+07	2.22045e-16	2.22045e-16
2.06701e+07	2.22045e-16	2.22045e-16
2.06188e+07	2.22045e-16	2.22045e-16
2.0568e+07	2.22045e-16	2.22045e-16
2.05176e+07	2.22045e-16	2.22045e-16
2.04677e+07	2.22045e-16	2.22045e-16
2.04182e+07	2.22045e-16	2.22045e-16
2.03691e+07	2.22045e-16	2.22045e-16
2.03204e+07	2.22045e-16	2.22045e-16
2.02722e+07	2.22045e-16	2.22045e-16
2.02243e+07	2.22045e-16	2.22045e-16
2.01769e+07	2.22045e-16	2.22045e-16
2.01299e+07	2.22045e-16	2.22045e-16
2.00833e+07	2.22045e-16	2.22045e-16
2.0037e+07	2.22045e-16	2.22045e-16
1.99912e+07	2.22045e-16	2.22045e-16
1.99458e+07	2.22045e-16	2.22045e-16
1.99007e+07	2.22045e-16	2.22045e-16
1.98561e+07	2.22045e-16	2.22045e-16
1.98118e+07	2.22045e-16	2.22045e-16
1.97679e+07	2.22045e-16	2.22045e-16
1.97244e+07	2.22045e-16	2.22045e-16
1.96812e+07	2.22045e-16	2.22045e-16
1.96384e+07	2.22045e-16	2.22045e-16
1.9596e+07	2.22045e-16	2.22045e-16
1.95539e+07	2.22045e-16	2.22045e-16
1.95122e+07	2.22045e-16	2.22045e-16
1.94708e+07	2.22045e-16	2.22045e-16
1.94298e+07	2.22045e-16	2.22045e-16
1.93891e+07	2.22045e-16	2.22045e-16
1.93488e+07	2.22045e-16	2.22045e-16
1.93088e+07	2.22045e-16	2.22045e-16
1.92691e+07	2.22045e-16	2.22045e-16
1.92298e+07	2.22045e-16	2.22045e-16
1.91908e+07	2.22045e-16	2.22045e-16
1.91521e+07	2.22045e-16	2.22045e-16
1.91138e+07	2.22045e-16	2.22045e-16
1.90758e+07	2.22045e-16	2.22045e-16
1.9038e+07	2.22045e-16	2.22045e-16
1.90006e+07	2.22045e-16	2.22045e-16
1.89636e+07	2.22045e-16	2.22045e-16
1.89268e+07	2.22045e-16	2.22045e-16
1.88903e+07	2.22045e-16	2.22045e-16
1.88541e+07	2.22045e-16	2.22045e-16
1.88183e+07	2.22045e-16	2.22045e-16
1.87827e+07	2.22045e-16	2.22045e-16
1.87474e+07	2.22045e-16	2.22045e-16
1.87124e+07	2.22045e-16	2.22045e-16
1.86777e+07	2.22045e-16	2.22045e-16
1.86433e+07	2.22045e-16	2.22045e-16
1.86092e+07	2.22045e-16	2.22045e-16
1.85753e+07	2.22045e-16	2.22045e-16
1.85418e+07	2.22045e-16	2.22045e-16
1.85085e+07	2.22045e-16	2.22045e-16
1.84755e+07	2.22045e-16	2.22045e-16
1.84427e+07	2.22045e-16	2.22045e-16
1.84102e+07	2.22045e-16	2.22045e-16
1.8378e+07	2.22045e-16	2.22045e-16
1.83461e+07	2.22045e-16	2.22045e-16
1.83144e+07	2.22045e-16	2.22045e-16
1.82829e+07	2.22045e-16	2.22045e-16
1.82518e+07	2.22045e-16	2.22045e-16
1.82208e+07	2.22045e-16	2.22045e-16
1.81902e+07	2.22045e-16	2.22045e-16
1.81597e+07	2.22045e-16	2.22045e-16
1.81296e+07	2.22045e-16	2.22045e-16
1.80996e+07	2.22045e-16	2.22045e-16
1.807e+07	2.22045e-16	2.22045e-16
1.80405e+07	2.22045e-16	2.22045e-16
1.80113e+07	2.22045e-16	2.22045e-16
1.79823e+07	2.22045e-16	2.22045e-16
1.79536e+07	2.22045e-16	2.22045e-16
1.79251e+07	2.22045e-16	2.22045e-16
1.78968e+07	2.22045e-16	2.22045e-16
1.78688e+07	2.22045e-16	2.22045e-16
1.7841e+07	2.22045e-16	2.22045e-16
1.78134e+07	2.22045e-16	2.22045e-16
1.7786e+07	2.22045e-16	2.22045e-16
1.77588e+07	2.22045e-16	2.22045e-16
1.77319e+07	2.22045e-16	2.22045e-16
1.77052e+07	2.22045e-16	2.22045e-16
1.76787e+07	2.22045e-16	2.22045e-16
1.76524e+07	2.22045e-16	2.22045e-16
1.76263e+07	2.22045e-16	2.22045e-16
1.76004e+07	2.22045e-16	2.22045e-16
1.75748e+07	2.22045e-16	2.22045e-16
1.75493e+07	2.22045e-16	2.22045e-16
1.7524e+07	2.22045e-16	2.22045e-16
1.7499e+07	2.22045e-16	2.22045e-16
1.74741e+07	2.22045e-16	2.22045e-16
1.74495e+07	2.22045e-16	2.22045e-16
1.7425e+07	2.22045e-16	2.22045e-16
1.74007e+07	2.22045e-16	2.22045e-16
1.73766e+07	2.22045e-16	2.22045e-16
1.73528e+07	2.22045e-16	2.22045e-16
1.73291e+07	2.22045e-16	2.22045e-16
1.73056e+07	2.22045e-16	2.22045e-16
1.72822e+07	2.22045e-16	2.22045e-16
1.72591e+07	2.22045e-16	2.22045e-16
1.72361e+07	2.22045e-16	2.22045e-16
1.72134e+07	2.22045e-16	2.22045e-16
1.71908e+07	2.22045e-16	2.22045e-16
1.71684e+07	2.22045e-16	2.22045e-16
1.71461e+07	2.22045e-16	2.22045e-16
1.7124e+07	2.22045e-16	2.22045e-16
1.71022e+07	2.22045e-16	2.22045e-16
1.70804e+07	2.22045e-16	2.22045e-16
1.70589e+07	2.22045e-16	2.22045e-16
1.70375e+07	2.22045e-16	2.22045e-16
1.70163e+07	2.22045e-16	2.22045e-16
1.69953e+07	2.22045e-16	2.22045e-16
1.69744e+07	2.22045e-16	2.22045e-16
1.69537e+07	2.22045e-16	2.22045e-16
1.69331e+07	2.22045e-16	2.22045e-16
1.69127e+07	2.22045e-16	2.22045e-16
1.68925e+07	2.22045e-16	2.22045e-16
1.68724e+07	2.22045e-16	2.22045e-16
1.68525e+07	2.22045e-16	2.22045e-16
1.68327e+07	2.22045e-16	2.22045e-16
1.68131e+07	2.22045e-16	2.22045e-16
1.67937e+07	2.22045e-16	2.22045e-16
1.67744e+07	2.22045e-16	2.22045e-16
1.67552e+07	2.22045e-16	2.22045e-16
1.67362e+07	2.22045e-16	2.22045e-16
1.67173e+07	2.22045e-16	2.22045e-16
1.66986e+07	2.22045e-16	2.22045e-16
1.66801e+07	2.22045e-16	2.22045e-16
1.66616e+07	2.22045e-16	2.22045e-16
1.66434e+07	2.22045e-16	2.22045e-16
1.66252e+07	2.22045e-16	2.22045e-16
1.66072e+07	2.22045e-16	2.22045e-16
1.65894e+07	2.22045e-16	2.22045e-16
1.65716e+07	2.22045e-16	2.22045e-16
1.65541e+07	2.22045e-16	2.22045e-16
1.65366e+07	2.22045e-16	2.22045e-16
1.65193e+07	2.22045e-16	2.22045e-16
1.65021e+07	2.22045e-16	2.22045e-16
1.64851e+07	2.22045e-16	2.22045e-16
1.64682e+07	2.22045e-16	2.22045e-16
1.64514e+07	2.22045e-16	2.22045e-16
1.64347e+07	2.22045e-16	2.22045e-16
1.64182e+07	2.22045e-16	2.22045e-16
1.64018e+07	2.22045e-16	2.22045e-16
1.63855e+07	2.22045e-16	2.22045e-16
1.63694e+07	2.22045e-16	2.22045e-16
1.63533e+07	2.22045e-16	2.22045e-16
1.63374e+07	2.22045e-16	2.22045e-16
1.63217e+07	2.22045e-16	2.22045e-16
1.6306e+07	2.22045e-16	2.22045e-16
1.62905e+07	2.22045e-16	2.22045e-16
1.6275e+07	2.22045e-16	2.22045e-16
1.62597e+07	2.22045e-16	2.22045e-16
1.62445e+07	2.22045e-16	2.22045e-16
1.62295e+07	2.22045e-16	2.22045e-16
1.62145e+07	2.22045e-16	2.22045e-16
1.61997e+07	2.22045e-16	2.22045e-16
1.61849e+07	2.22045e-16	2.22045e-16
1.61703e+07	2.22045e-16	2.22045e-16
1.61558e+07	2.22045e-16	2.22045e-16
1.61414e+07	2.22045e-16	2.22045e-16
1.61271e+07	2.22045e-16	2.22045e-16
1.6113e+07	2.22045e-16	2.22045e-16
1.60989e+07	2.22045e-16	2.22045e-16
1.60849e+07	2.22045e-16	2.22045e-16
1.60711e+07	2.22045e-16	2.22045e-16
1.60573e+07	2.22045e-16	2.22045e-16
1.60437e+07	2.22045e-16	2.22045e-16
1.60301e+07	2.22045e-16	2.22045e-16
1.60167e+07	2.22045e-16	2.22045e-16
1.60034e+07	2.22045e-16	2.22045e-16
1.59901e+07	2.22045e-16	2.22045e-16
1.5977e+07	2.22045e-16	2.22045e-16
1.5964e+07	2.22045e-16	2.22045e-16
1.5951e+07	2.22045e-16	2.22045e-16
1.59382e+07	2.22045e-16	2.22045e-16
1.59254e+07	2.22045e-16	2.22045e-16
1.59128e+07	2.22045e-16	2.22045e-16
1.59002e+07	2.22045e-16	2.22045e-16
1.58878e+07	2.22045e-16	2.22045e-16
1.58754e+07	2.22045e-16	2.22045e-16
1.58631e+07	2.22045e-16	2.22045e-16
1.5851e+07	2.22045e-16	2.22045e-16
1.58389e+07	2.22045e-16	2.22045e-16
1.58269e+07	2.22045e-16	2.22045e-16
1.5815e+07	2.22045e-16	2.22045e-16
1.58032e+07	2.22045e-16	2.22045e-16
1.57914e+07	2.22045e-16	2.22045e-16
1.57798e+07	2.22045e-16	2.22045e-16
1.57682e+07	2.22045e-16	2.22045e-16
1.57568e+07	2.22045e-16	2.22045e-16
1.57454e+07	2.22045e-16	2.22045e-16
1.57341e+07	2.22045e-16	2.22045e-16
1.57229e+07	2.22045e-16	2.22045e-16
1.57118e+07	2.22045e-16	2.22045e-16
1.57007e+07	2.22045e-16	2.22045e-16
1.56898e+07	2.22045e-16	2.22045e-16
1.56789e+07	2.22045e-16	2.22045e-16
1.56681e+07	2.22045e-16	2.22045e-16
1.56574e+07	2.22045e-16	2.22045e-16
1.56468e+07	2.22045e-16	2.22045e-16
1.56362e+07	2.22045e-16	2.22045e-16
1.56257e+07	2.22045e-16	2.22045e-16
1.56153e+07	2.22045e-16	2.22045e-16
1.5605e+07	2.22045e-16	2.22045e-16
1.55948e+07	2.22045e-16	2.22045e-16
1.55846e+07	2.22045e-16	2.22045e-16
1.55745e+07	2.22045e-16	2.22045e-16
1.55645e+07	2.22045e-16	2.22045e-16
1.55546e+07	2.22045e-16	2.22045e-16
1.55447e+07	2.22045e-16	2.22045e-16
1.55349e+07	2.22045e-16	2.22045e-16
1.55252e+07	2.22045e-16	2.22045e-16
1.55155e+07	2.22045e-16	2.22045e-16
1.55059e+07	2.22045e-16	2.22045e-16
1.54964e+07	2.22045e-16	2.22045e-16
1.5487e+07	2.22045e-16	2.22045e-16
1.54776e+07	2.22045e-16	2.22045e-16
1.54683e+07	2.22045e-16	2.22045e-16
1.54591e+07	2.22045e-16	2.22045e-16
1.545e+07	2.22045e-16	2.22045e-16
1.54409e+07	2.22045e-16	2.22045e-16
1.54318e+07	2.22045e-16	2.22045e-16
1.54229e+07	2.22045e-16	2.22045e-16
1.5414e+07	2.22045e-16	2.22045e-16
1.54052e+07	2.22045e-16	2.22045e-16
1.53964e+07	2.22045e-16	2.22045e-16
1.53877e+07	2.22045e-16	2.22045e-16
1.53791e+07	2.22045e-16	2.22045e-16
1.53705e+07	2.22045e-16	2.22045e-16
1.5362e+07	2.22045e-16	2.22045e-16
1.53536e+07	2.22045e-16	2.22045e-16
1.53452e+07	2.22045e-16	2.22045e-16
1.53369e+07	2.22045e-16	2.22045e-16
1.53286e+07	2.22045e-16	2.22045e-16
1.53204e+07	2.22045e-16	2.22045e-16
1.53123e+07	2.22045e-16	2.22045e-16
1.53042e+07	2.22045e-16	2.22045e-16
1.52962e+07	2.22045e-16	2.22045e-16
1.52883e+07	2.22045e-16	2.22045e-16
1.52804e+07	2.22045e-16	2.22045e-16
1.52725e+07	2.22045e-16	2.22045e-16
1.52648e+07	2.22045e-16	2.22045e-16
1.5257e+07	2.22045e-16	2.22045e-16
1.52494e+07	2.22045e-16	2.22045e-16
1.52418e+07	2.22045e-16	2.22045e-16
1.52342e+07	2.22045e-16	2.22045e-16
1.52267e+07	2.22045e-16	2.22045e-16
1.52193e+07	2.22045e-16	2.22045e-16
1.52119e+07	2.22045e-16	2.22045e-16
1.52046e+07	2.22045e-16	2.22045e-16
1.51973e+07	2.22045e-16	2.22045e-16
1.51901e+07	2.22045e-16	2.22045e-16
1.51829e+07	2.22045e-16	2.22045e-16
1.51758e+07	2.22045e-16	2.22045e-16
1.51687e+07	2.22045e-16	2.22045e-16
1.51617e+07	2.22045e-16	2.22045e-16
1.51547e+07	2.22045e-16	2.22045e-16
1.51478e+07	2.22045e-16	2.22045e-16
1.51409e+07	2.22045e-16	2.22045e-16
1.51341e+07	2.22045e-16	2.22045e-16
1.51274e+07	2.22045e-16	2.22045e-16
1.51206e+07	2.22045e-16	2.22045e-16
1.5114e+07	2.22045e-16	2.22045e-16
1.51074e+07	2.22045e-16	2.22045e-16
1.51008e+07	2.22045e-16	2.22045e-16
1.50943e+07	2.22045e-16	2.22045e-16
1.50878e+07	2.22045e-16	2.22045e-16
1.50814e+07	2.22045e-16	2.22045e-16
1.5075e+07	2.22045e-16	2.22045e-16
1.50687e+07	2.22045e-16	2.22045e-16
1.50624e+07	2.22045e-16	2.22045e-16
1.50561e+07	2.22045e-16	2.22045e-16
1.505e+07	2.22045e-16	2.22045e-16
1.50438e+07	2.22045e-16	2.22045e-16
1.50377e+07	2.22045e-16	2.22045e-16
1.50316e+07	2.22045e-16	2.22045e-16
1.50256e+07	2.22045e-16	2.22045e-16
1.50197e+07	2.22045e-16	2.22045e-16
1.50137e+07	2.22045e-16	2.22045e-16
1.50079e+07	2.22045e-16	2.22045e-16
1.5002e+07	2.22045e-16	2.22045e-16
1.49962e+07	2.22045e-16	2.22045e-16
1.49905e+07	2.22045e-16	2.22045e-16
1.49847e+07	2.22045e-16	2.22045e-16
1.49791e+07	2.22045e-16	2.22045e-16
1.49734e+07	2.22045e-16	2.22045e-16
1.49678e+07	2.22045e-16	2.22045e-16
1.49623e+07	2.22045e-16	2.22045e-16
1.49568e+07	2.22045e-16	2.22045e-16
1.49513e+07	2.22045e-16	2.22045e-16
1.49459e+07	2.22045e-16	2.22045e-16
1.49405e+07	2.22045e-16	2.22045e-16
1.49351e+07	2.22045e-16	2.22045e-16
1.49298e+07	2.22045e-16	2.22045e-16
1.49246e+07	2.22045e-16	2.22045e-16
1.49193e+07	2.22045e-16	2.22045e-16
1.49141e+07	2.22045e-16	2.22045e-16
1.4909e+07	2.22045e-16	2.22045e-16
1.49038e+07	2.22045e-16	2.22045e-16
1.48988e+07	2.22045e-16	2.22045e-16
1.48937e+07	2.22045e-16	2.22045e-16
1.48887e+07	2.22045e-16	2.22045e-16
1.48837e+07	2.22045e-16	2.22045e-16
1.48788e+07	2.22045e-16	2.22045e-16
1.48739e+07	2.22045e-16	2.22045e-16
1.4869e+07	2.22045e-16	2.22045e-16
1.48642e+07	2.22045e-16	2.22045e-16
1.48594e+07	2.22045e-16	2.22045e-16
1.48546e+07	2.22045e-16	2.22045e-16
1.48499e+07	2.22045e-16	2.22045e-16
1.48452e+07	2.22045e-16	2.22045e-16
1.48405e+07	2.22045e-16	2.22045e-16
1.48359e+07	2.22045e-16	2.22045e-16
1.48313e+07	2.22045e-16	2.22045e-16
1.48268e+07	2.22045e-16	2.22045e-16
1.48222e+07	2.22045e-16	2.22045e-16
1.48177e+07	2.22045e-16	2.22045e-16
1.48133e+07	2.22045e-16	2.22045e-16
1.48089e+07	2.22045e-16	2.22045e-16
1.48045e+07	2.22045e-16	2.22045e-16
1.48001e+07	2.22045e-16	2.22045e-16
1.47958e+07	2.22045e-16	2.22045e-16
1.47915e+07	2.22045e-16	2.22045e-16
1.47872e+07	2.22045e-16	2.22045e-16
1.47829e+07	2.22045e-16	2.22045e-16
1.47787e+07	2.22045e-16	2.22045e-16
1.47745e+07	2.22045e-16	2.22045e-16
1.47704e+07	2.22045e-16	2.22045e-16
1.47663e+07	2.22045e-16	2.22045e-16
1.47622e+07	2.22045e-16	2.22045e-16
1.47581e+07	2.22045e-16	2.22045e-16
1.47541e+07	2.22045e-16	2.22045e-16
1.47501e+07	2.22045e-16	2.22045e-16
1.47461e+07	2.22045e-16	2.22045e-16
1.47422e+07	2.22045e-16	2.22045e-16
1.47383e+07	2.22045e-16	2.22045e-16
1.47344e+07	2.22045e-16	2.22045e-16
1.47305e+07	2.22045e-16	2.22045e-16
1.47267e+07	2.22045e-16	2.22045e-16
1.47229e+07	2.22045e-16	2.22045e-16
1.47191e+07	2.22045e-16	2.22045e-16
1.47153e+07	2.22045e-16	2.22045e-16
1.47116e+07	2.22045e-16	2.22045e-16
1.47079e+07	2.22045e-16	2.22045e-16
1.47043e+07	2.22045e-16	2.22045e-16
1.47006e+07	2.22045e-16	2.22045e-16
1.4697e+07	2.22045e-16	2.22045e-16
1.46934e+07	2.22045e-16	2.22045e-16
1.46898e+07	2.22045e-16	2.22045e-16
1.46863e+07	2.22045e-16	2.22045e-16
1.46828e+07	2.22045e-16	2.22045e-16
1.46793e+07	2.22045e-16	2.22045e-16
1.46758e+07	2.22045e-16	2.22045e-16
1.46724e+07	2.22045e-16	2.22045e-16
1.4669e+07	2.22045e-16	2.22045e-16
1.46656e+07	2.22045e-16	2.22045e-16
1.46622e+07	2.22045e-16	2.22045e-16
1.46589e+07	2.22045e-16	2.22045e-16
1.46556e+07	2.22045e-16	2.22045e-16
1.46523e+07	2.22045e-16	2.22045e-16
1.4649e+07	2.22045e-16	2.22045e-16
1.46458e+07	2.22045e-16	2.22045e-16
1.46425e+07	2.22045e-16	2.22045e-16
1.46393e+07	2.22045e-16	2.22045e-16
1.46362e+07	2.22045e-16	2.22045e-16
1.4633e+07	2.22045e-16	2.22045e-16
1.46299e+07	2.22045e-16	2.22045e-16
1.46268e+07	2.22045e-16	2.22045e-16
1.46237e+07	2.22045e-16	2.22045e-16
1.46206e+07	2.22045e-16	2.22045e-16
1.46176e+07	2.22045e-16	2.22045e-16
1.46145e+07	2.22045e-16	2.22045e-16
1.46115e+07	2.22045e-16	2.22045e-16
1.46086e+07	2.22045e-16	2.22045e-16
1.46056e+07	2.22045e-16	2.22045e-16
1.46027e+07	2.22045e-16	2.22045e-16
1.45998e+07	2.22045e-16	2.22045e-16
1.45969e+07	2.22045e-16	2.22045e-16
1.4594e+07	2.22045e-16	2.22045e-16
1.45911e+07	2.22045e-16	2.22045e-16
1.45883e+07	2.22045e-16	2.22045e-16
1.45855e+07	2.22045e-16	2.22045e-16
1.45827e+07	2.22045e-16	2.22045e-16
1.45799e+07	2.22045e-16	2.22045e-16
1.45772e+07	2.22045e-16	2.22045e-16
1.45745e+07	2.22045e-16	2.22045e-16
1.45717e+07	2.22045e-16	2.22045e-16
1.4569e+07	2.22045e-16	2.22045e-16
1.45664e+07	2.22045e-16	2.22045e-16
1.45637e+07	2.22045e-16	2.22045e-16
1.45611e+07	2.22045e-16	2.22045e-16
1.45585e+07	2.22045e-16	2.22045e-16
1.45559e+07	2.22045e-16	2.22045e-16
1.45533e+07	2.22045e-16	2.22045e-16
1.45507e+07	2.22045e-16	2.22045e-16
1.45482e+07	2.22045e-16	2.22045e-16
1.45457e+07	2.22045e-16	2.22045e-16
1.45432e+07	2.22045e-16	2.22045e-16
1.45407e+07	2.22045e-16	2.22045e-16
1.45382e+07	2.22045e-16	2.22045e-16
1.45357e+07	2.22045e-16	2.22045e-16
1.45333e+07	2.22045e-16	2.22045e-16
1.45309e+07	2.22045e-16	2.22045e-16
1.45285e+07	2.22045e-16	2.22045e-16
1.45261e+07	2.22045e-16	2.22045e-16
1.45237e+07	2.22045e-16	2.22045e-16
1.45214e+07	2.22045e-16	2.22045e-16
1.45191e+07	2.22045e-16	2.22045e-16
1.45167e+07	2.22045e-16	2.22045e-16
1.45144e+07	2.22045e-16	2.22045e-16
1.45122e+07	2.22045e-16	2.22045e-16
1.45099e+07	2.22045e-16	2.22045e-16
1.45076e+07	2.22045e-16	2.22045e-16
1.45054e+07	2.22045e-16	2.22045e-16
1.45032e+07	2.22045e-16	2.22045e-16
1.4501e+07	2.22045e-16	2.22045e-16
1.44988e+07	2.22045e-16	2.22045e-16
1.44966e+07	2.22045e-16	2.22045e-16
1.44945e+07	2.22045e-16	2.22045e-16
1.44923e+07	2.22045e-16	2.22045e-16
1.44902e+07	2.22045e-16	2.22045e-16
1.44881e+07	2.22045e-16	2.22045e-16
1.4486e+07	2.22045e-16	2.22045e-16
1.44839e+07	2.22045e-16	2.22045e-16
1.44818e+07	2.22045e-16	2.22045e-16
1.44798e+07	2.22045e-16	2.22045e-16
1.44777e+07	2.22045e-16	2.22045e-16
1.44757e+07	2.22045e-16	2.22045e-16
1.44737e+07	2.22045e-16	2.22045e-16
1.44717e+07	2.22045e-16	2.22045e-16
1.44697e+07	2.22045e-16	2.22045e-16
1.44678e+07	2.22045e-16	2.22045e-16
1.44658e+07	2.22045e-16	2.22045e-16
1.44639e+07	2.22045e-16	2.22045e-16
1.4462e+07	2.22045e-16	2.22045e-16
1.44601e+07	2.22045e-16	2.22045e-16
1.44582e+07	2.22045e-16	2.22045e-16
1.44563e+07	2.22045e-16	2.22045e-16
1.44544e+07	2.22045e-16	2.22045e-16
1.44526e+07	2.22045e-16	2.22045e-16
1.44507e+07	2.22045e-16	2.22045e-16
1.44489e+07	2.22045e-16	2.22045e-16
1.44471e+07	2.22045e-16	2.22045e-16
1.44453e+07	2.22045e-16	2.22045e-16
1.44435e+07	2.22045e-16	2.22045e-16
1.44417e+07	2.22045e-16	2.22045e-16
1.44399e+07	2.22045e-16	2.22045e-16
1.44382e+07	2.22045e-16	2.22045e-16
1.44364e+07	2.22045e-16	2.22045e-16
1.44347e+07	2.22045e-16	2.22045e-16
1.4433e+07	2.22045e-16	2.22045e-16
1.44313e+07	2.22045e-16	2.22045e-16
1.44296e+07	2.22045e-16	2.22045e-16
1.44279e+07	2.22045e-16	2.22045e-16
1.44262e+07	2.22045e-16	2.22045e-16
1.44246e+07	2.22045e-16	2.22045e-16
1.44229e+07	2.22045e-16	2.22045e-16
1.44213e+07	2.22045e-16	2.22045e-16
1.44197e+07	2.22045e-16	2.22045e-16
1.44181e+07	2.22045e-16	2.22045e-16
1.44165e+07	2.22045e-16	2.22045e-16
1.44149e+07	2.22045e-16	2.22045e-16
1.44133e+07	2.22045e-16	2.22045e-16
1.44118e+07	2.22045e-16	2.22045e-16
1.44102e+07	2.22045e-16	2.22045e-16
1.44087e+07	2.22045e-16	2.22045e-16
1.44071e+07	2.22045e-16	2.22045e-16
1.44056e+07	2.22045e-16	2.22045e-16
1.44041e+07	2.22045e-16	2.22045e-16
1.44026e+07	2.22045e-16	2.22045e-16
1.44011e+07	2.22045e-16	2.22045e-16
1.43996e+07	2.22045e-16	2.22045e-16
1.43982e+07	2.22045e-16	2.22045e-16
1.43967e+07	2.22045e-16	2.22045e-16
1.43953e+07	2.22045e-16	2.22045e-16
1.43938e+07	2.22045e-16	2.22045e-16
1.43924e+07	2.22045e-16	2.22045e-16
1.4391e+07	2.22045e-16	2.22045e-16
1.43896e+07	2.22045e-16	2.22045e-16
1.43882e+07	2.22045e-16	2.22045e-16
1.43868e+07	2.22045e-16	2.22045e-16
1.43854e+07	2.22045e-16	2.22045e-16
1.43841e+07	2.22045e-16	2.22045e-16
1.43827e+07	2.22045e-16	2.22045e-16
1.43814e+07	2.22045e-16	2.22045e-16
1.438e+07	2.22045e-16	2.22045e-16
1.43787e+07	2.22045e-16	2.22045e-16
1.43774e+07	2.22045e-16	2.22045e-16
1.43761e+07	2.22045e-16	2.22045e-16
1.43748e+07	2.22045e-16	2.22045e-16
1.43735e+07	2.22045e-16	2.22045e-16
1.43722e+07	2.22045e-16	2.22045e-16
1.43709e+07	2.22045e-16	2.22045e-16
1.43697e+07	2.22045e-16	2.22045e-16
1.43684e+07	2.22045e-16	2.22045e-16
1.43672e+07	2.22045e-16	2.22045e-16
1.43659e+07	2.22045e-16	2.22045e-16
1.43647e+07	2.22045e-16	2.22045e-16
1.43635e+07	2.22045e-16	2.22045e-16
1.43623e+07	2.22045e-16	2.22045e-16
1.43611e+07	2.22045e-16	2.22045e-16
1.43599e+07	2.22045e-16	2.22045e-16
1.43587e+07	2.22045e-16	2.22045e-16
1.43575e+07	2.22045e-16	2.22045e-16
1.43563e+07	2.22045e-16	2.22045e-16
1.43552e+07	2.22045e-16	2.22045e-16
1.4354e+07	2.22045e-16	2.22045e-16
1.43529e+07	2.22045e-16	2.22045e-16
1.43518e+07	2.22045e-16	2.22045e-16
1.43506e+07	2.22045e-16	2.22045e-16
1.43495e+07	2.22045e-16	2.22045e-16
1.43484e+07	2.22045e-16	2.22045e-16
1.43473e+07	2.22045e-16	2.22045e-16
1.43462e+07	2.22045e-16	2.22045e-16
1.43451e+07	2.22045e-16	2.22045e-16
1.4344e+07	2.22045e-16	2.22045e-16
1.4343e+07	2.22045e-16	2.22045e-16
1.43419e+07	2.22045e-16	2.22045e-16
1.43408e+07	2.22045e-16	2.22045e-16
1.43398e+07	2.22045e-16	2.22045e-16
1.43387e+07	2.22045e-16	2.22045e-16
1.43377e+07	2.22045e-16	2.22045e-16
1.43367e+07	2.22045e-16	2.22045e-16
1.43357e+07	2.22045e-16	2.22045e-16
1.43346e+07	2.22045e-16	2.22045e-16
1.43336e+07	2.22045e-16	2.22045e-16
1.43326e+07	2.22045e-16	2.22045e-16
1.43316e+07	2.22045e-16	2.22045e-16
1.43307e+07	2.22045e-16	2.22045e-16
1.43297e+07	2.22045e-16	2.22045e-16
1.43287e+07	2.22045e-16	2.22045e-16
1.43277e+07	2.22045e-16	2.22045e-16
1.43268e+07	2.22045e-16	2.22045e-16
1.43258e+07	2.22045e-16	2.22045e-16
1.43249e+07	2.22045e-16	2.22045e-16
1.4324e+07	2.22045e-16	2.22045e-16
1.4323e+07	2.22045e-16	2.22045e-16
1.43221e+07	2.22045e-16	2.22045e-16
1.43212e+07	2.22045e-16	2.22045e-16
1.43203e+07	2.22045e-16	2.22045e-16
1.43194e+07	2.22045e-16	2.22045e-16
1.43185e+07	2.22045e-16	2.22045e-16
1.43176e+07	2.22045e-16	2.22045e-16
1.43167e+07	2.22045e-16	2.22045e-16
1.43158e+07	2.22045e-16	2.22045e-16
1.43149e+07	2.22045e-16	2.22045e-16
1.43141e+07	2.22045e-16	2.22045e-16
1.43132e+07	2.22045e-16	2.22045e-16
1.43124e+07	2.22045e-16	2.22045e-16
1.43115e+07	2.22045e-16	2.22045e-16
1.43107e+07	2.22045e-16	2.22045e-16
1.43098e+07	2.22045e-16	2.22045e-16
1.4309e+07	2.22045e-16	2.22045e-16
1.43082e+07	2.22045e-16	2.22045e-16
1.43074e+07	2.22045e-16	2.22045e-16
1.43065e+07	2.22045e-16	2.22045e-16
1.43057e+07	2.22045e-16	2.22045e-16
1.43049e+07	2.22045e-16	2.22045e-16
1.43041e+07	2.22045e-16	2.22045e-16
1.43034e+07	2.22045e-16	2.22045e-16
1.43026e+07	2.22045e-16	2.22045e-16
1.43018e+07	2.22045e-16	2.22045e-16
1.4301e+07	2.22045e-16	2.22045e-16
1.43002e+07	2.22045e-16	2.22045e-16
1.42995e+07	2.22045e-16	2.22045e-16
1.42987e+07	2.22045e-16	2.22045e-16
1.4298e+07	2.22045e-16	2.22045e-16
1.42972e+07	2.22045e-16	2.22045e-16
1.42965e+07	2.22045e-16	2.22045e-16
1.42957e+07	2.22045e-16	2.22045e-16
1.4295e+07	2.22045e-16	2.22045e-16
1.42943e+07	2.22045e-16	2.22045e-16
1.42936e+07	2.22045e-16	2.22045e-16
1.42929e+07	2.22045e-16	2.22045e-16
1.42921e+07	2.22045e-16	2.22045e-16
1.42914e+07	2.22045e-16	2.22045e-16
1.42907e+07	2.22045e-16	2.22045e-16
1.429e+07	2.22045e-16	2.22045e-16
1.42894e+07	2.22045e-16	2.22045e-16
1.42887e+07	2.22045e-16	2.22045e-16
1.4288e+07	2.22045e-16	2.22045e-16
1.42873e+07	2.22045e-16	2.22045e-16
1.42866e+07	2.22045e-16	2.22045e-16
1.4286e+07	2.22045e-16	2.22045e-16
1.42853e+07	2.22045e-16	2.22045e-16
1.42846e+07	2.22045e-16	2.22045e-16
1.4284e+07	2.22045e-16	2.22045e-16
1.42833e+07	2.22045e-16	2.22045e-16
1.42827e+07	2.22045e-16	2.22045e-16
1.42821e+07	2.22045e-16	2.22045e-16
1.42814e+07	2.22045e-16	2.22045e-16
1.42808e+07	2.22045e-16	2.22045e-16
1.42802e+07	2.22045e-16	2.22045e-16
1.42796e+07	2.22045e-16	2.22045e-16
1.42789e+07	2.22045e-16	2.22045e-16
1.42783e+07	2.22045e-16	2.22045e-16
1.42777e+07	2.22045e-16	2.22045e-16
1.42771e+07	2.22045e-16	2.22045e-16
1.42765e+07	2.22045e-16	2.22045e-16
1.42759e+07	2.22045e-16	2.22045e-16
1.42753e+07	2.22045e-16	2.22045e-16
1.42747e+07	2.22045e-16	2.22045e-16
1.42742e+07	2.22045e-16	2.22045e-16
1.42736e+07	2.22045e-16	2.22045e-16
1.4273e+07	2.22045e-16	2.22045e-16
1.42724e+07	2.22045e-16	2.22045e-16
1.42719e+07	2.22045e-16	2.22045e-16
1.42713e+07	2.22045e-16	2.22045e-16
1.42707e+07	2.22045e-16	2.22045e-16
1.42702e+07	2.22045e-16	2.22045e-16
1.42696e+07	2.22045e-16	2.22045e-16
1.42691e+07	2.22045e-16	2.22045e-16
1.42686e+07	2.22045e-16	2.22045e-16
1.4268e+07	2.22045e-16	2.22045e-16
1.42675e+07	2.22045e-16	2.22045e-16
1.42669e+07	2.22045e-16	2.22045e-16
1.42664e+07	2.22045e-16	2.22045e-16
1.42659e+07	2.22045e-16	2.22045e-16
1.42654e+07	2.22045e-16	2.22045e-16
1.42649e+07	2.22045e-16	2.22045e-16
1.42643e+07	2.22045e-16	2.22045e-16
1.42638e+07	2.22045e-16	2.22045e-16
1.42633e+07	2.22045e-16	2.22045e-16
1.42628e+07	2.22045e-16	2.22045e-16
1.42623e+07	2.22045e-16	2.22045e-16
1.42618e+07	2.22045e-16	2.22045e-16
1.42613e+07	2.22045e-16	2.22045e-16
1.42609e+07	2.22045e-16	2.22045e-16
1.42604e+07	2.22045e-16	2.22045e-16
1.42599e+07	2.22045e-16	2.22045e-16
1.42594e+07	2.22045e-16	2.22045e-16
1.42589e+07	2.22045e-16	2.22045e-16
1.42585e+07	2.22045e-16	2.22045e-16
1.4258e+07	2.22045e-16	2.22045e-16
1.42575e+07	2.22045e-16	2.22045e-16
1.42571e+07	2.22045e-16	2.22045e-16
1.42566e+07	2.22045e-16	2.22045e-16
1.42562e+07	2.22045e-16	2.22045e-16
1.42557e+07	2.22045e-16	2.22045e-16
1.42553e+07	2.22045e-16	2.22045e-16
1.42548e+07	2.22045e-16	2.22045e-16
1.42544e+07	2.22045e-16	2.22045e-16
1.42539e+07	2.22045e-16	2.22045e-16
1.42535e+07	2.22045e-16	2.22045e-16
1.42531e+07	2.22045e-16	2.22045e-16
1.42526e+07	2.22045e-16	2.22045e-16
1.42522e+07	2.22045e-16	2.22045e-16
1.42518e+07	2.22045e-16	2.22045e-16
1.42514e+07	2.22045e-16	2.22045e-16
1.42509e+07	2.22045e-16	2.22045e-16
1.42505e+07	2.22045e-16	2.22045e-16
1.42501e+07	2.22045e-16	2.22045e-16
1.42497e+07	2.22045e-16	2.22045e-16
1.42493e+07	2.22045e-16	2.22045e-16
1.42489e+07	2.22045e-16	2.22045e-16
1.42485e+07	2.22045e-16	2.22045e-16
1.42481e+07	2.22045e-16	2.22045e-16
1.42477e+07	2.22045e-16	2.22045e-16
1.42473e+07	2.22045e-16	2.22045e-16
1.42469e+07	2.22045e-16	2.22045e-16
1.42465e+07	2.22045e-16	2.22045e-16
1.42462e+07	2.22045e-16	2.22045e-16
1.42458e+07	2.22045e-16	2.22045e-16
1.42454e+07	2.22045e-16	2.22045e-16
1.4245e+07	2.22045e-16	2.22045e-16
1.42446e+07	2.22045e-16	2.22045e-16
1.42443e+07	2.22045e-16	2.22045e-16
1.42439e+07	2.22045e-16	2.22045e-16
1.42435e+07	2.22045e-16	2.22045e-16
1.42432e+07	2.22045e-16	2.22045e-16
1.42428e+07	2.22045e-16	2.22045e-16
1.42425e+07	2.22045e-16	2.22045e-16
1.42421e+07	2.22045e-16	2.22045e-16
1.42418e+07	2.22045e-16	2.22045e-16
1.42414e+07	2.22045e-16	2.22045e-16
1.42411e+07	2.22045e-16	2.22045e-16
1.42407e+07	2.22045e-16	2.22045e-16
1.42404e+07	2.22045e-16	2.22045e-16
1.424e+07	2.22045e-16	2.22045e-16
1.42397e+07	2.22045e-16	2.22045e-16
1.42394e+07	2.22045e-16	2.22045e-16
1.4239e+07	2.22045e-16	2.22045e-16
1.42387e+07	2.22045e-16	2.22045e-16
1.42384e+07	2.22045e-16	2.22045e-16
1.4238e+07	2.22045e-16	2.22045e-16
1.42377e+07	2.22045e-16	2.22045e-16
1.42374e+07	2.22045e-16	2.22045e-16
1.42371e+07	2.22045e-16	2.22045e-16
1.42368e+07	2.22045e-16	2.22045e-16
1.42364e+07	2.22045e-16	2.22045e-16
1.42361e+07	2.22045e-16	2.22045e-16
1.42358e+07	2.22045e-16	2.22045e-16
1.42355e+07	2.22045e-16	2.22045e-16
1.42352e+07	2.22045e-16	2.22045e-16
1.42349e+07	2.22045e-16	2.22045e-16
1.42346e+07	2.22045e-16	2.22045e-16
1.42343e+07	2.22045e-16	2.22045e-16
1.4234e+07	2.22045e-16	2.22045e-16
1.42337e+07	2.22045e-16	2.22045e-16
1.42334e+07	2.22045e-16	2.22045e-16
1.42331e+07	2.22045e-16	2.22045e-16
1.42328e+07	2.22045e-16	2.22045e-16
1.42325e+07	2.22045e-16	2.22045e-16
1.42323e+07	2.22045e-16	2.22045e-16
1.4232e+07	2.22045e-16	2.22045e-16
1.42317e+07	2.22045e-16	2.22045e-16
1.42314e+07	2.22045e-16	2.22045e-16
1.42311e+07	2.22045e-16	2.22045e-16
1.42309e+07	2.22045e-16	2.22045e-16
1.42306e+07	2.22045e-16	2.22045e-16
1.42303e+07	2.22045e-16	2.22045e-16
1.423e+07	2.22045e-16	2.22045e-16
1.42298e+07	2.22045e-16	2.22045e-16
1.42295e+07	2.22045e-16	2.22045e-16
1.42292e+07	2.22045e-16	2.22045e-16
1.4229e+07	2.22045e-16	2.22045e-16
1.42287e+07	2.22045e-16	2.22045e-16
1.42285e+07	2.22045e-16	2.22045e-16
1.42282e+07	2.22045e-16	2.22045e-16
1.4228e+07	2.22045e-16	2.22045e-16
1.42277e+07	2.22045e-16	2.22045e-16
1.42275e+07	2.22045e-16	2.22045e-16
1.42272e+07	2.22045e-16	2.22045e-16
1.4227e+07	2.22045e-16	2.22045e-16
1.42267e+07	2.22045e-16	2.22045e-16
1.42265e+07	2.22045e-16	2.22045e-16
1.42262e+07	2.22045e-16	2.22045e-16
1.4226e+07	2.22045e-16	2.22045e-16
1.42257e+07	2.22045e-16	2.22045e-16
1.42255e+07	2.22045e-16	2.22045e-16
1.42253e+07	2.22045e-16	2.22045e-16
1.4225e+07	2.22045e-16	2.22045e-16
1.42248e+07	2.22045e-16	2.22045e-16
1.42246e+07	2.22045e-16	2.22045e-16
1.42243e+07	2.22045e-16	2.22045e-16
1.42241e+07	2.22045e-16	2.22045e-16
1.42239e+07	2.22045e-16	2.22045e-16
1.42237e+07	2.22045e-16	2.22045e-16
1.42234e+07	2.22045e-16	2.22045e-16
1.42232e+07	2.22045e-16	2.22045e-16
1.4223e+07	2.22045e-16	2.22045e-16
1.42228e+07	2.22045e-16	2.22045e-16
1.42226e+07	2.22045e-16	2.22045e-16
1.42224e+07	2.22045e-16	2.22045e-16
1.42221e+07	2.22045e-16	2.22045e-16
1.42219e+07	2.22045e-16	2.22045e-16
1.42217e+07	2.22045e-16	2.22045e-16
1.42215e+07	2.22045e-16	2.22045e-16
1.42213e+07	2.22045e-16	2.22045e-16
1.42211e+07	2.22045e-16	2.22045e-16
1.42209e+07	2.22045e-16	2.22045e-16
1.42207e+07	2.22045e-16	2.22045e-16
1.42205e+07	2.22045e-16	2.22045e-16
1.42203e+07	2.22045e-16	2.22045e-16
1.42201e+07	2.22045e-16	2.22045e-16
1.42199e+07	2.22045e-16	2.22045e-16
1.42197e+07	2.22045e-16	2.22045e-16
1.42195e+07	2.22045e-16	2.22045e-16
1.42193e+07	2.22045e-16	2.22045e-16
1.42191e+07	2.22045e-16	2.22045e-16
1.42189e+07	2.22045e-16	2.22045e-16
1.42187e+07	2.22045e-16	2.22045e-16
1.42185e+07	2.22045e-16	2.22045e-16
1.42184e+07	2.22045e-16	2.22045e-16
1.42182e+07	2.22045e-16	2.22045e-16
1.4218e+07	2.22045e-16	2.22045e-16
1.42178e+07	2.22045e-16	2.22045e-16
1.42176e+07	2.22045e-16	2.22045e-16
1.42174e+07	2.22045e-16	2.22045e-16
1.42173e+07	2.22045e-16	2.22045e-16
1.42171e+07	2.22045e-16	2.22045e-16
1.42169e+07	2.22045e-16	2.22045e-16
1.42167e+07	2.22045e-16	2.22045e-16
1.42166e+07	2.22045e-16	2.22045e-16
1.42164e+07	2.22045e-16	2.22045e-16
1.42162e+07	2.22045e-16	2.22045e-16
1.4216e+07	2.22045e-16	2.22045e-16
1.42159e+07	2.22045e-16	2.22045e-16
1.42157e+07	2.22045e-16	2.22045e-16
1.42155e+07	2.22045e-16	2.22045e-16
1.42154e+07	2.22045e-16	2.22045e-16
1.42152e+07	2.22045e-16	2.22045e-16
1.42151e+07	2.22045e-16	2.22045e-16
1.42149e+07	2.22045e-16	2.22045e-16
1.42147e+07	2.22045e-16	2.22045e-16
1.42146e+07	2.22045e-16	2.22045e-16
1.42144e+07	2.22045e-16	2.22045e-16
1.42143e+07	2.22045e-16	2.22045e-16
1.42141e+07	2.22045e-16	2.22045e-16
1.42139e+07	2.22045e-16	2.22045e-16
1.42138e+07	2.22045e-16	2.22045e-16
1.42136e+07	2.22045e-16	2.22045e-16
1.42135e+07	2.22045e-16	2.22045e-16
1.42133e+07	2.22045e-16	2.22045e-16
1.42132e+07	2.22045e-16	2.22045e-16
1.4213e+07	2.22045e-16	2.22045e-16
1.42129e+07	2.22045e-16	2.22045e-16
1.42127e+07	2.22045e-16	2.22045e-16
1.42126e+07	2.22045e-16	2.22045e-16
1.42124e+07	2.22045e-16	2.22045e-16
1.42123e+07	2.22045e-16	2.22045e-16
1.42122e+07	2.22045e-16	2.22045e-16
1.4212e+07	2.22045e-16	2.22045e-16
1.42119e+07	2.22045e-16	2.22045e-16
1.42117e+07	2.22045e-16	2.22045e-16
1.42116e+07	2.22045e-16	2.22045e-16
1.42115e+07	2.22045e-16	2.22045e-16
1.42113e+07	2.22045e-16	2.22045e-16
1.42112e+07	2.22045e-16	2.22045e-16
1.42111e+07	2.22045e-16	2.22045e-16
1.42109e+07	2.22045e-16	2.22045e-16
1.42108e+07	2.22045e-16	2.22045e-16
1.42107e+07	2.22045e-16	2.22045e-16
1.42105e+07	2.22045e-16	2.22045e-16
1.42104e+07	2.22045e-16	2.22045e-16
1.42103e+07	2.22045e-16	2.22045e-16
1.42101e+07	2.22045e-16	2.22045e-16
1.421e+07	2.22045e-16	2.22045e-16
1.42099e+07	2.22045e-16	2.22045e-16
1.42098e+07	2.22045e-16	2.22045e-16
1.42096e+07	2.22045e-16	2.22045e-16
1.42095e+07	2.22045e-16	2.22045e-16
1.42094e+07	2.22045e-16	2.22045e-16
1.42093e+07	2.22045e-16	2.22045e-16
1.42091e+07	2.22045e-16	2.22045e-16
1.4209e+07	2.22045e-16	2.22045e-16
1.42089e+07	2.22045e-16	2.22045e-16
1.42088e+07	2.22045e-16	2.22045e-16
1.42087e+07	2.22045e-16	2.22045e-16
1.42085e+07	2.22045e-16	2.22045e-16
1.42084e+07	2.22045e-16	2.22045e-16
1.42083e+07	2.22045e-16	2.22045e-16
1.42082e+07	2.22045e-16	2.22045e-16
1.42081e+07	2.22045e-16	2.22045e-16
1.4208e+07	2.22045e-16	2.22045e-16
1.42079e+07	2.22045e-16	2.22045e-16
1.42078e+07	2.22045e-16	2.22045e-16
1.42076e+07	2.22045e-16	2.22045e-16
1.42075e+07	2.22045e-16	2.22045e-16
1.42074e+07	2.22045e-16	2.22045e-16
1.42073e+07	2.22045e-16	2.22045e-16
1.42072e+07	2.22045e-16	2.22045e-16
1.42071e+07	2.22045e-16	2.22045e-16
1.4207e+07	2.22045e-16	2.22045e-16
1.42069e+07	2.22045e-16	2.22045e-16
1.42068e+07	2.22045e-16	2.22045e-16
1.42067e+07	2.22045e-16	2.22045e-16
1.42066e+07	2.22045e-16	2.22045e-16
1.42065e+07	2.22045e-16	2.22045e-16
1.42064e+07	2.22045e-16	2.22045e-16
1.42063e+07	2.22045e-16	2.22045e-16
1.42062e+07	2.22045e-16	2.22045e-16
1.42061e+07	2.22045e-16	2.22045e-16
1.4206e+07	2.22045e-16	2.22045e-16
1.42059e+07	2.22045e-16	2.22045e-16
1.42058e+07	2.22045e-16	2.22045e-16
1.42057e+07	2.22045e-16	2.22045e-16
1.42056e+07	2.22045e-16	2.22045e-16
1.42055e+07	2.22045e-16	2.22045e-16
1.42054e+07	2.22045e-16	2.22045e-16
1.42053e+07	2.22045e-16	2.22045e-16
1.42052e+07	2.22045e-16	2.22045e-16
1.42051e+07	2.22045e-16	2.22045e-16
1.4205e+07	2.22045e-16	2.22045e-16
1.42049e+07	2.22045e-16	2.22045e-16
1.42048e+07	2.22045e-16	2.22045e-16
1.42047e+07	2.22045e-16	2.22045e-16
1.42047e+07	2.22045e-16	2.22045e-16
1.42046e+07	2.22045e-16	2.22045e-16
1.42045e+07	2.22045e-16	2.22045e-16
1.42044e+07	2.22045e-16	2.22045e-16
1.42043e+07	2.22045e-16	2.22045e-16
1.42042e+07	2.22045e-16	2.22045e-16
1.42041e+07	2.22045e-16	2.22045e-16
1.42041e+07	2.22045e-16	2.22045e-16
1.4204e+07	2.22045e-16	2.22045e-16
1.42039e+07	2.22045e-16	2.22045e-16
1.42038e+07	2.22045e-16	2.22045e-16
1.42037e+07	2.22045e-16	2.22045e-16
1.42036e+07	2.22045e-16	2.22045e-16
1.42036e+07	2.22045e-16	2.22045e-16
1.42035e+07	2.22045e-16	2.22045e-16
1.42034e+07	2.22045e-16	2.22045e-16
1.42033e+07	2.22045e-16	2.22045e-16
1.42032e+07	2.22045e-16	2.22045e-16
1.42032e+07	2.22045e-16	2.22045e-16
1.42031e+07	2.22045e-16	2.22045e-16
1.4203e+07	2.22045e-16	2.22045e-16
1.42029e+07	2.22045e-16	2.22045e-16
1.42028e+07	2.22045e-16	2.22045e-16
1.42028e+07	2.22045e-16	2.22045e-16
1.42027e+07	2.22045e-16	2.22045e-16
1.42026e+07	2.22045e-16	2.22045e-16
1.42025e+07	2.22045e-16	2.22045e-16
1.42025e+07	2.22045e-16	2.22045e-16
1.42024e+07	2.22045e-16	2.22045e-16
1.42023e+07	2.22045e-16	2.22045e-16
1.42022e+07	2.22045e-16	2.22045e-16
1.42022e+07	2.22045e-16	2.22045e-16
1.42021e+07	2.22045e-16	2.22045e-16
1.4202e+07	2.22045e-16	2.22045e-16
1.4202e+07	2.22045e-16	2.22045e-16
1.42019e+07	2.22045e-16	2.22045e-16
1.42018e+07	2.22045e-16	2.22045e-16
1.42018e+07	2.22045e-16	2.22045e-16
1.42017e+07	2.22045e-16	2.22045e-16
1.42016e+07	2.22045e-16	2.22045e-16
1.42016e+07	2.22045e-16	2.22045e-16
1.42015e+07	2.22045e-16	2.22045e-16
1.42014e+07	2.22045e-16	2.22045e-16
1.42014e+07	2.22045e-16	2.22045e-16
1.42013e+07	2.22045e-16	2.22045e-16
1.42012e+07	2.22045e-16	2.22045e-16
1.42012e+07	2.22045e-16	2.22045e-16
1.42011e+07	2.22045e-16	2.22045e-16
1.4201e+07	2.22045e-16	2.22045e-16
1.4201e+07	2.22045e-16	2.22045e-16
1.42009e+07	2.22045e-16	2.22045e-16
1.42008e+07	2.22045e-16	2.22045e-16
1.42008e+07	2.22045e-16	2.22045e-16
1.42007e+07	2.22045e-16	2.22045e-16
1.42007e+07	2.22045e-16	2.22045e-16
1.42006e+07	2.22045e-16	2.22045e-16
1.42005e+07	2.22045e-16	2.22045e-16
1.42005e+07	2.22045e-16	2.22045e-16
1.42004e+07	2.22045e-16	2.22045e-16
1.42004e+07	2.22045e-16	2.22045e-16
1.42003e+07	2.22045e-16	2.22045e-16
1.42002e+07	2.22045e-16	2.22045e-16
1.42002e+07	2.22045e-16	2.22045e-16
1.42001e+07	2.22045e-16	2.22045e-16
1.42001e+07	2.22045e-16	2.22045e-16
1.42e+07	2.22045e-16	2.22045e-16
1.42e+07	2.22045e-16	2.22045e-16
1.41999e+07	2.22045e-16	2.22045e-16
1.41998e+07	2.22045e-16	2.22045e-16
1.41998e+07	2.22045e-16	2.22045e-16
1.41997e+07	2.22045e-16	2.22045e-16
1.41997e+07	2.22045e-16	2.22045e-16
1.41996e+07	2.22045e-16	2.22045e-16
1.41996e+07	2.22045e-16	2.22045e-16
1.41995e+07	2.22045e-16	2.22045e-16
1.41995e+07	2.22045e-16	2.22045e-16
1.41994e+07	2.22045e-16	2.22045e-16
1.41994e+07	2.22045e-16	2.22045e-16
1.41993e+07	2.22045e-16	2.22045e-16
1.41993e+07	2.22045e-16	2.22045e-16
1.41992e+07	2.22045e-16	2.22045e-16
1.41992e+07	2.22045e-16	2.22045e-16
1.41991e+07	2.22045e-16	2.22045e-16
1.41991e+07	2.22045e-16	2.22045e-16
1.4199e+07	2.22045e-16	2.22045e-16
1.4199e+07	2.22045e-16	2.22045e-16
1.41989e+07	2.22045e-16	2.22045e-16
1.41989e+07	2.22045e-16	2.22045e-16
1.41988e+07	2.22045e-16	2.22045e-16
1.41988e+07	2.22045e-16	2.22045e-16
1.41987e+07	2.22045e-16	2.22045e-16
1.41987e+07	2.22045e-16	2.22045e-16
1.41986e+07	2.22045e-16	2.22045e-16
1.41986e+07	2.22045e-16	2.22045e-16
1.41985e+07	2.22045e-16	2.22045e-16
1.41985e+07	2.22045e-16	2.22045e-16
1.41984e+07	2.22045e-16	2.22045e-16
1.41984e+07	2.22045e-16	2.22045e-16
1.41983e+07	2.22045e-16	2.22045e-16
1.41983e+07	2.22045e-16	2.22045e-16
1.41983e+07	2.22045e-16	2.22045e-16
1.41982e+07	2.22045e-16	2.22045e-16
1.41982e+07	2.22045e-16	2.22045e-16
1.41981e+07	2.22045e-16	2.22045e-16
1.41981e+07	2.22045e-16	2.22045e-16
1.4198e+07	2.22045e-16	2.22045e-16
1.4198e+07	2.22045e-16	2.22045e-16
1.4198e+07	2.22045e-16	2.22045e-16
1.41979e+07	2.22045e-16	2.22045e-16
1.41979e+07	2.22045e-16	2.22045e-16
1.41978e+07	2.22045e-16	2.22045e-16
1.41978e+07	2.22045e-16	2.22045e-16
1.41978e+07	2.22045e-16	2.22045e-16
1.41977e+07	2.22045e-16	2.22045e-16
1.41977e+07	2.22045e-16	2.22045e-16
1.41976e+07	2.22045e-16	2.22045e-16
1.41976e+07	2.22045e-16	2.22045e-16
1.41976e+07	2.22045e-16	2.22045e-16
1.41975e+07	2.22045e-16	2.22045e-16
1.41975e+07	2.22045e-16	2.22045e-16
1.41974e+07	2.22045e-16	2.22045e-16
1.41974e+07	2.22045e-16	2.22045e-16
1.41974e+07	2.22045e-16	2.22045e-16
1.41973e+07	2.22045e-16	2.22045e-16
1.41973e+07	2.22045e-16	2.22045e-16
1.41973e+07	2.22045e-16	2.22045e-16
1.41972e+07	2.22045e-16	2.22045e-16
1.41972e+07	2.22045e-16	2.22045e-16
1.41971e+07	2.22045e-16	2.22045e-16
1.41971e+07	2.22045e-16	2.22045e-16
1.41971e+07	2.22045e-16	2.22045e-16
1.4197e+07	2.22045e-16	2.22045e-16
1.4197e+07	2.22045e-16	2.22045e-16
1.4197e+07	2.22045e-16	2.22045e-16
1.41969e+07	2.22045e-16	2.22045e-16
1.41969e+07	2.22045e-16	2.22045e-16
1.41969e+07	2.22045e-16	2.22045e-16
1.41968e+07	2.22045e-16	2.22045e-16
1.41968e+07	2.22045e-16	2.22045e-16
1.41968e+07	2.22045e-16	2.22045e-16
1.41967e+07	2.22045e-16	2.22045e-16
1.41967e+07	2.22045e-16	2.22045e-16
1.41967e+07	2.22045e-16	2.22045e-16
1.41966e+07	2.22045e-16	2.22045e-16
1.41966e+07	2.22045e-16	2.22045e-16
1.41966e+07	2.22045e-16	2.22045e-16
1.41965e+07	2.22045e-16	2.22045e-16
1.41965e+07	2.22045e-16	2.22045e-16
1.41965e+07	2.22045e-16	2.22045e-16
1.41964e+07	2.22045e-16	2.22045e-16
1.41964e+07	2.22045e-16	2.22045e-16
1.41964e+07	2.22045e-16	2.22045e-16
1.41963e+07	2.22045e-16	2.22045e-16
1.41963e+07	2.22045e-16	2.22045e-16
1.41963e+07	2.22045e-16	2.22045e-16
1.41963e+07	2.22045e-16	2.22045e-16
1.41962e+07	2.22045e-16	2.22045e-16
1.41962e+07	2.22045e-16	2.22045e-16
1.41962e+07	2.22045e-16	2.22045e-16
1.41961e+07	2.22045e-16	2.22045e-16
1.41961e+07	2.22045e-16	2.22045e-16
1.41961e+07	2.22045e-16	2.22045e-16
1.4196e+07	2.22045e-16	2.22045e-16
1.4196e+07	2.22045e-16	2.22045e-16
1.4196e+07	2.22045e-16	2.22045e-16
1.4196e+07	2.22045e-16	2.22045e-16
1.41959e+07	2.22045e-16	2.22045e-16
1.41959e+07	2.22045e-16	2.22045e-16
1.41959e+07	2.22045e-16	2.22045e-16
1.41959e+07	2.22045e-16	2.22045e-16
1.41958e+07	2.22045e-16	2.22045e-16
1.41958e+07	2.22045e-16	2.22045e-16
1.41958e+07	2.22045e-16	2.22045e-16
1.41957e+07	2.22045e-16	2.22045e-16
1.41957e+07	2.22045e-16	2.22045e-16
1.41957e+07	2.22045e-16	2.22045e-16
1.41957e+07	2.22045e-16	2.22045e-16
1.41956e+07	2.22045e-16	2.22045e-16
1.41956e+07	2.22045e-16	2.22045e-16
1.41956e+07	2.22045e-16	2.22045e-16
1.41956e+07	2.22045e-16	2.22045e-16
1.41955e+07	2.22045e-16	2.22045e-16
1.41955e+07	2.22045e-16	2.22045e-16
1.41955e+07	2.22045e-16	2.22045e-16
1.41955e+07	2.22045e-16	2.22045e-16
1.41954e+07	2.22045e-16	2.22045e-16
1.41954e+07	2.22045e-16	2.22045e-16
1.41954e+07	2.22045e-16	2.22045e-16
1.41954e+07	2.22045e-16	2.22045e-16
1.41954e+07	2.22045e-16	2.22045e-16
1.41953e+07	2.22045e-16	2.22045e-16
1.41953e+07	2.22045e-16	2.22045e-16
1.41953e+07	2.22045e-16	2.22045e-16
1.41953e+07	2.22045e-16	2.22045e-16
1.41952e+07	2.22045e-16	2.22045e-16
1.41952e+07	2.22045e-16	2.22045e-16
1.41952e+07	2.22045e-16	2.22045e-16
1.41952e+07	2.22045e-16	2.22045e-16
1.41951e+07	2.22045e-16	2.22045e-16
1.41951e+07	2.22045e-16	2.22045e-16
1.41951e+07	2.22045e-16	2.22045e-16
1.41951e+07	2.22045e-16	2.22045e-16
1.41951e+07	2.22045e-16	2.22045e-16
1.4195e+07	2.22045e-16	2.22045e-16
1.4195e+07	2.22045e-16	2.22045e-16
1.4195e+07	2.22045e-16	2.22045e-16
1.4195e+07	2.22045e-16	2.22045e-16
1.4195e+07	2.22045e-16	2.22045e-16
1.41949e+07	2.22045e-16	2.22045e-16
1.41949e+07	2.22045e-16	2.22045e-16
1.41949e+07	2.22045e-16	2.22045e-16
1.41949e+07	2.22045e-16	2.22045e-16
1.41949e+07	2.22045e-16	2.22045e-16
1.41948e+07	2.22045e-16	2.22045e-16
1.41948e+07	2.22045e-16	2.22045e-16
1.41948e+07	2.22045e-16	2.22045e-16
1.41948e+07	2.22045e-16	2.22045e-16
1.41948e+07	2.22045e-16	2.22045e-16
1.41947e+07	2.22045e-16	2.22045e-16
1.41947e+07	2.22045e-16	2.22045e-16
1.41947e+07	2.22045e-16	2.22045e-16
1.41947e+07	2.22045e-16	2.22045e-16
1.41947e+07	2.22045e-16	2.22045e-16
1.41946e+07	2.22045e-16	2.22045e-16
1.41946e+07	2.22045e-16	2.22045e-16
1.41946e+07	2.22045e-16	2.22045e-16
1.41946e+07	2.22045e-16	2.22045e-16
1.41946e+07	2.22045e-16	2.22045e-16
1.41945e+07	2.22045e-16	2.22045e-16
1.41945e+07	2.22045e-16	2.22045e-16
1.41945e+07	2.22045e-16	2.22045e-16
1.41945e+07	2.22045e-16	2.22045e-16
1.41945e+07	2.22045e-16	2.22045e-16
1.41945e+07	2.22045e-16	2.22045e-16
1.41944e+07	2.22045e-16	2.22045e-16
1.41944e+07	2.22045e-16	2.22045e-16
1.41944e+07	2.22045e-16	2.22045e-16
1.41944e+07	2.22045e-16	2.22045e-16
1.41944e+07	2.22045e-16	2.22045e-16
1.41944e+07	2.22045e-16	2.22045e-16
1.41943e+07	2.22045e-16	2.22045e-16
1.41943e+07	2.22045e-16	2.22045e-16
1.41943e+07	2.22045e-16	2.22045e-16
1.41943e+07	2.22045e-16	2.22045e-16
1.41943e+07	2.22045e-16	2.22045e-16
1.41943e+07	2.22045e-16	2.22045e-16
1.41942e+07	2.22045e-16	2.22045e-16
1.41942e+07	2.22045e-16	2.22045e-16
1.41942e+07	2.22045e-16	2.22045e-16
1.41942e+07	2.22045e-16	2.22045e-16
1.41942e+07	2.22045e-16	2.22045e-16
1.41942e+07	2.22045e-16	2.22045e-16
1.41942e+07	2.22045e-16	2.22045e-16
1.41941e+07	2.22045e-16	2.22045e-16
1.41941e+07	2.22045e-16	2.22045e-16
1.41941e+07	2.22045e-16	2.22045e-16
1.41941e+07	2.22045e-16	2.22045e-16
1.41941e+07	2.22045e-16	2.22045e-16
1.41941e+07	2.22045e-16	2.22045e-16
1.41941e+07	2.22045e-16	2.22045e-16
1.4194e+07	2.22045e-16	2.22045e-16
1.4194e+07	2.22045e-16	2.22045e-16
1.4194e+07	2.22045e-16	2.22045e-16
1.4194e+07	2.22045e-16	2.22045e-16
1.4194e+07	2.22045e-16	2.22045e-16
1.4194e+07	2.22045e-16	2.22045e-16
1.4194e+07	2.22045e-16	2.22045e-16
1.41939e+07	2.22045e-16	2.22045e-16
1.41939e+07	2.22045e-16	2.22045e-16
1.41939e+07	2.22045e-16	2.22045e-16
1.41939e+07	2.22045e-16	2.22045e-16
1.41939e+07	2.22045e-16	2.22045e-16
1.41939e+07	2.22045e-16	2.22045e-16
1.41939e+07	2.22045e-16	2.22045e-16
1.41938e+07	2.22045e-16	2.22045e-16
1.41938e+07	2.22045e-16	2.22045e-16
1.41938e+07	2.22045e-16	2.22045e-16
1.41938e+07	2.22045e-16	2.22045e-16
1.41938e+07	2.22045e-16	2.22045e-16
1.41938e+07	2.22045e-16	2.22045e-16
1.41938e+07	2.22045e-16	2.22045e-16
1.41938e+07	2.22045e-16	2.22045e-16
1.41937e+07	2.22045e-16	2.22045e-16
1.41937e+07	2.22045e-16	2.22045e-16
1.41937e+07	2.22045e-16	2.22045e-16
1.41937e+07	2.22045e-16	2.22045e-16
1.41937e+07	2.22045e-16	2.22045e-16
1.41937e+07	2.22045e-16	2.22045e-16
1.41937e+07	2.22045e-16	2.22045e-16
1.41937e+07	2.22045e-16	2.22045e-16
1.41937e+07	2.22045e-16	2.22045e-16
1.41936e+07	2.22045e-16	2.22045e-16
1.41936e+07	2.22045e-16	2.22045e-16
1.41936e+07	2.22045e-16	2.22045e-16
1.41936e+07	2.22045e-16	2.22045e-16
1.41936e+07	2.22045e-16	2.22045e-16
1.41936e+07	2.22045e-16	2.22045e-16
1.41936e+07	2.22045e-16	2.22045e-16
1.41936e+07	2.22045e-16	2.22045e-16
1.41936e+07	2.22045e-16	2.22045e-16
1.41935e+07	2.22045e-16	2.22045e-16
1.41935e+07	2.22045e-16	2.22045e-16
1.41935e+07	2.22045e-16	2.22045e-16
1.41935e+07	2.22045e-16	2.22045e-16
1.41935e+07	2.22045e-16	2.22045e-16
1.41935e+07	2.22045e-16	2.22045e-16
1.41935e+07	2.22045e-16	2.22045e-16
1.41935e+07	2.22045e-16	2.22045e-16
1.41935e+07	2.22045e-16	2.22045e-16
1.41934e+07	2.22045e-16	2.22045e-16
1.41934e+07	2.22045e-16	2.22045e-16
1.41934e+07	2.22045e-16	2.22045e-16
1.41934e+07	2.22045e-16	2.22045e-16
1.41934e+07	2.22045e-16	2.22045e-16
1.41934e+07	2.22045e-16	2.22045e-16
1.41934e+07	2.22045e-16	2.22045e-16
1.41934e+07	2.22045e-16	2.22045e-16
1.41934e+07	2.22045e-16	2.22045e-16
1.41934e+07	2.22045e-16	2.22045e-16
1.41934e+07	2.22045e-16	2.22045e-16
1.41933e+07	2.22045e-16	2.22045e-16
1.41933e+07	2.22045e-16	2.22045e-16
1.41933e+07	2.22045e-16	2.22045e-16
1.41933e+07	2.22045e-16	2.22045e-16
1.41933e+07	2.22045e-16	2.22045e-16
1.41933e+07	2.22045e-16	2.22045e-16
1.41933e+07	2.22045e-16	2.22045e-16
1.41933e+07	2.22045e-16	2.22045e-16
1.41933e+07	2.22045e-16	2.22045e-16
1.41933e+07	2.22045e-16	2.22045e-16
1.41933e+07	2.22045e-16	2.22045e-16
1.41932e+07	2.22045e-16	2.22045e-16
1.41932e+07	2.22045e-16	2.22045e-16
1.41932e+07	2.22045e-16	2.22045e-16
1.41932e+07	2.22045e-16	2.22045e-16
1.41932e+07	2.22045e-16	2.22045e-16
1.41932e+07	2.22045e-16	2.22045e-16
1.41932e+07	2.22045e-16	2.22045e-16
1.41932e+07	2.22045e-16	2.22045e-16
1.41932e+07	2.22045e-16	2.22045e-16
1.41932e+07	2.22045e-16	2.22045e-16
1.41932e+07	2.22045e-16	2.22045e-16
1.41932e+07	2.22045e-16	2.22045e-16
1.41931e+07	2.22045e-16	2.22045e-16
1.41931e+07	2.22045e-16	2.22045e-16
1.41931e+07	2.22045e-16	2.22045e-16
1.41931e+07	2.22045e-16	2.22045e-16
1.41931e+07	2.22045e-16	2.22045e-16
1.41931e+07	2.22045e-16	2.22045e-16
1.41931e+07	2.22045e-16	2.22045e-16
1.41931e+07	2.22045e-16	2.22045e-16
1.41931e+07	2.22045e-16	2.22045e-16
1.41931e+07	2.22045e-16	2.22045e-16
1.41931e+07	2.22045e-16	2.22045e-16
1.41931e+07	2.22045e-16	2.22045e-16
1.41931e+07	2.22045e-16	2.22045e-16
1.4193e+07	2.22045e-16	2.22045e-16
1.4193e+07	2.22045e-16	2.22045e-16
1.4193e+07	2.22045e-16	2.22045e-16
1.4193e+07	2.22045e-16	2.22045e-16
1.4193e+07	2.22045e-16	2.22045e-16
1.4193e+07	2.22045e-16	2.22045e-16
1.4193e+07	2.22045e-16	2.22045e-16
1.4193e+07	2.22045e-16	2.22045e-16
1.4193e+07	2.22045e-16	2.22045e-16
1.4193e+07	2.22045e-16	2.22045e-16
1.4193e+07	2.22045e-16	2.22045e-16
1.4193e+07	2.22045e-16	2.22045e-16
1.4193e+07	2.22045e-16	2.22045e-16
1.4193e+07	2.22045e-16	2.22045e-16
1.41929e+07	2.22045e-16	2.22045e-16
1.41929e+07	2.22045e-16	2.22045e-16
1.41929e+07	2.22045e-16	2.22045e-16
1.41929e+07	2.22045e-16	2.22045e-16
1.41929e+07	2.22045e-16	2.22045e-16
1.41929e+07	2.22045e-16	2.22045e-16
1.41929e+07	2.22045e-16	2.22045e-16
1.41929e+07	2.22045e-16	2.22045e-16
1.41929e+07	2.22045e-16	2.22045e-16
1.41929e+07	2.22045e-16	2.22045e-16
1.41929e+07	2.22045e-16	2.22045e-16
1.41929e+07	2.22045e-16	2.22045e-16
1.41929e+07	2.22045e-16	2.22045e-16
1.41929e+07	2.22045e-16	2.22045e-16
1.41929e+07	2.22045e-16	2.22045e-16
1.41929e+07	2.22045e-16	2.22045e-16
1.41929e+07	2.22045e-16	2.22045e-16
1.41928e+07	2.22045e-16	2.22045e-16
1.41928e+07	2.22045e-16	2.22045e-16
1.41928e+07	2.22045e-16	2.22045e-16
1.41928e+07	2.22045e-16	2.22045e-16
1.41928e+07	2.22045e-16	2.22045e-16
1.41928e+07	2.22045e-16	2.22045e-16
1.41928e+07	2.22045e-16	2.22045e-16
1.41928e+07	2.22045e-16	2.22045e-16
1.41928e+07	2.22045e-16	2.22045e-16
1.41928e+07	2.22045e-16	2.22045e-16
1.41928e+07	2.22045e-16	2.22045e-16
1.41928e+07	2.22045e-16	2.22045e-16
1.41928e+07	2.22045e-16	2.22045e-16
1.41928e+07	2.22045e-16	2.22045e-16
1.41928e+07	2.22045e-16	2.22045e-16
1.41928e+07	2.22045e-16	2.22045e-16
1.41928e+07	2.22045e-16	2.22045e-16
1.41928e+07	2.22045e-16	2.22045e-16
1.41927e+07	2.22045e-16	2.22045e-16
1.41927e+07	2.22045e-16	2.22045e-16
1.41927e+07	2.22045e-16	2.22045e-16
1.41927e+07	2.22045e-16	2.22045e-16
1.41927e+07	2.22045e-16	2.22045e-16
1.41927e+07	2.22045e-16	2.22045e-16
1.41927e+07	2.22045e-16	2.22045e-16
1.41927e+07	2.22045e-16	2.22045e-16
1.41927e+07	2.22045e-16	2.22045e-16
1.41927e+07	2.22045e-16	2.22045e-16
1.41927e+07	2.22045e-16	2.22045e-16
1.41927e+07	2.22045e-16	2.22045e-16
1.41927e+07	2.22045e-16	2.22045e-16
1.41927e+07	2.22045e-16	2.22045e-16
1.41927e+07	2.22045e-16	2.22045e-16
1.41927e+07	2.22045e-16	2.22045e-16
1.41927e+07	2.22045e-16	2.22045e-16
1.41927e+07	2.22045e-16	2.22045e-16
1.41927e+07	2.22045e-16	2.22045e-16
1.41927e+07	2.22045e-16	2.22045e-16
1.41927e+07	2.22045e-16	2.22045e-16
1.41926e+07	2.22045e-16	2.22045e-16
1.41926e+07	2.22045e-16	2.22045e-16
1.41926e+07	2.22045e-16	2.22045e-16
1.41926e+07	2.22045e-16	2.22045e-16
1.41926e+07	2.22045e-16	2.22045e-16
1.41926e+07	2.22045e-16	2.22045e-16
1.41926e+07	2.22045e-16	2.22045e-16
1.41926e+07	2.22045e-16	2.22045e-16
1.41926e+07	2.22045e-16	2.22045e-16
1.41926e+07	2.22045e-16	2.22045e-16
1.41926e+07	2.22045e-16	2.22045e-16
1.41926e+07	2.22045e-16	2.22045e-16
1.41926e+07	2.22045e-16	2.22045e-16
1.41926e+07	2.22045e-16	2.22045e-16
1.41926e+07	2.22045e-16	2.22045e-16
1.41926e+07	2.22045e-16	2.22045e-16
1.41926e+07	2.22045e-16	2.22045e-16
1.41926e+07	2.22045e-16	2.22045e-16
1.41926e+07	2.22045e-16	2.22045e-16
1.41926e+07	2.22045e-16	2.22045e-16
1.41926e+07	2.22045e-16	2.22045e-16
1.41926e+07	2.22045e-16	2.22045e-16
1.41926e+07	2.22045e-16	2.22045e-16
1.41926e+07	2.22045e-16	2.22045e-16
1.41925e+07	2.22045e-16	2.22045e-16
1.41925e+07	2.22045e-16	2.22045e-16
1.41925e+07	2.22045e-16	2.22045e-16
1.41925e+07	2.22045e-16	2.22045e-16
1.41925e+07	2.22045e-16	2.22045e-16
1.41925e+07	2.22045e-16	2.22045e-16
1.41925e+07	2.22045e-16	2.22045e-16
1.41925e+07	2.22045e-16	2.22045e-16
1.41925e+07	2.22045e-16	2.22045e-16
1.41925e+07	2.22045e-16	2.22045e-16
1.41925e+07	2.22045e-16	2.22045e-16
1.41925e+07	2.22045e-16	2.22045e-16
1.41925e+07	2.22045e-16	2.22045e-16
1.41925e+07	2.22045e-16	2.22045e-16
1.41925e+07	2.22045e-16	2.22045e-16
1.41925e+07	2.22045e-16	2.22045e-16
1.41925e+07	2.22045e-16	2.22045e-16
1.41925e+07	2.22045e-16	2.22045e-16
1.41925e+07	2.22045e-16	2.22045e-16
1.41925e+07	2.22045e-16	2.22045e-16
1.41925e+07	2.22045e-16	2.22045e-16
1.41925e+07	2.22045e-16	2.22045e-16
1.41925e+07	2.22045e-16	2.22045e-16
1.41925e+07	2.22045e-16	2.22045e-16
1.41925e+07	2.22045e-16	2.22045e-16
1.41925e+07	2.22045e-16	2.22045e-16
1.41925e+07	2.22045e-16	2.22045e-16
1.41925e+07	2.22045e-16	2.22045e-16
1.41925e+07	2.22045e-16	2.22045e-16
1.41925e+07	2.22045e-16	2.22045e-16
1.41924e+07	2.22045e-16	2.22045e-16
1.41924e+07	2.22045e-16	2.22045e-16
1.41924e+07	2.22045e-16	2.22045e-16
1.41924e+07	2.22045e-16	2.22045e-16
1.41924e+07	2.22045e-16	2.22045e-16
1.41924e+07	2.22045e-16	2.22045e-16
1.41924e+07	2.22045e-16	2.22045e-16
1.41924e+07	2.22045e-16	2.22045e-16
1.41924e+07	2.22045e-16	2.22045e-16
1.41924e+07	2.22045e-16	2.22045e-16
1.41924e+07	2.22045e-16	2.22045e-16
1.41924e+07	2.22045e-16	2.22045e-16
1.41924e+07	2.22045e-16	2.22045e-16
1.41924e+07	2.22045e-16	2.22045e-16
1.41924e+07	2.22045e-16	2.22045e-16
1.41924e+07	2.22045e-16	2.22045e-16
1.41924e+07	2.22045e-16	2.22045e-16
1.41924e+07	2.22045e-16	2.22045e-16
1.41924e+07	2.22045e-16	2.22045e-16
1.41924e+07	2.22045e-16	2.22045e-16
1.41924e+07	2.22045e-16	2.22045e-16
1.41924e+07	2.22045e-16	2.22045e-16
1.41924e+07	2.22045e-16	2.22045e-16
1.41924e+07	2.22045e-16	2.22045e-16
1.41924e+07	2.22045e-16	2.22045e-16
1.41924e+07	2.22045e-16	2.22045e-16
1.41924e+07	2.22045e-16	2.22045e-16
1.41924e+07	2.22045e-16	2.22045e-16
1.41924e+07	2.22045e-16	2.22045e-16
1.41924e+07	2.22045e-16	2.22045e-16
1.41924e+07	2.22045e-16	2.22045e-16
1.41924e+07	2.22045e-16	2.22045e-16
1.41924e+07	2.22045e-16	2.22045e-16
1.41924e+07	2.22045e-16	2.22045e-16
1.41924e+07	2.22045e-16	2.22045e-16
1.41924e+07	2.22045e-16	2.22045e-16
1.41924e+07	2.22045e-16	2.22045e-16
1.41924e+07	2.22045e-16	2.22045e-16
1.41923e+07	2.22045e-16	2.22045e-16
1.41923e+07	2.22045e-16	2.22045e-16
1.41923e+07	2.22045e-16	2.22045e-16
1.41923e+07	2.22045e-16	2.22045e-16
1.41923e+07	2.22045e-16	2.22045e-16
1.41923e+07	2.22045e-16	2.22045e-16
1.41923e+07	2.22045e-16	2.22045e-16
1.41923e+07	2.22045e-16	2.22045e-16
1.41923e+07	2.22045e-16	2.22045e-16
1.41923e+07	2.22045e-16	2.22045e-16
1.41923e+07	2.22045e-16	2.22045e-16
1.41923e+07	2.22045e-16	2.22045e-16
1.41923e+07	2.22045e-16	2.22045e-16
1.41923e+07	2.22045e-16	2.22045e-16
1.41923e+07	2.22045e-16	2.22045e-16
1.41923e+07	2.22045e-16	2.22045e-16
1.41923e+07	2.22045e-16	2.22045e-16
1.41923e+07	2.22045e-16	2.22045e-16
1.41923e+07	2.22045e-16	2.22045e-16
1.41923e+07	2.22045e-16	2.22045e-16
1.41923e+07	2.22045e-16	2.22045e-16
1.41923e+07	2.22045e-16	2.22045e-16
1.41923e+07	2.22045e-16	2.22045e-16
1.41923e+07	2.22045e-16	2.22045e-16
1.41923e+07	2.22045e-16	2.22045e-16
1.41923e+07	2.22045e-16	2.22045e-16
1.41923e+07	2.22045e-16	2.22045e-16
1.41923e+07	2.22045e-16	2.22045e-16
1.41923e+07	2.22045e-16	2.22045e-16
1.41923e+07	2.22045e-16	2.22045e-16
1.41923e+07	2.22045e-16	2.22045e-16
1.41923e+07	2.22045e-16	2.22045e-16
1.41923e+07	2.22045e-16	2.22045e-16
1.41923e+07	2.22045e-16	2.22045e-16
1.41923e+07	2.22045e-16	2.22045e-16
1.41923e+07	2.22045e-16	2.22045e-16
1.41923e+07	2.22045e-16	2.22045e-16
1.41923e+07	2.22045e-16	2.22045e-16
1.41923e+07	2.22045e-16	2.22045e-16
1.41923e+07	2.22045e-16	2.22045e-16
1.41923e+07	2.22045e-16	2.22045e-16
1.41923e+07	2.22045e-16	2.22045e-16
1.41923e+07	2.22045e-16	2.22045e-16
1.41923e+07	2.22045e-16	2.22045e-16
1.41923e+07	2.22045e-16	2.22045e-16
1.41923e+07	2.22045e-16	2.22045e-16
1.41923e+07	2.22045e-16	2.22045e-16
1.41923e+07	2.22045e-16	2.22045e-16
1.41923e+07	2.22045e-16	2.22045e-16
1.41923e+07	2.22045e-16	2.22045e-16
1.41923e+07	2.22045e-16	2.22045e-16
1.41922e+07	2.22045e-16	2.22045e-16
1.41922e+07	2.22045e-16	2.22045e-16
1.41922e+07	2.22045e-16	2.22045e-16
1.41922e+07	2.22045e-16	2.22045e-16
1.41922e+07	2.22045e-16	2.22045e-16
1.41922e+07	2.22045e-16	2.22045e-16
1.41922e+07	2.22045e-16	2.22045e-16
1.41922e+07	2.22045e-16	2.22045e-16
1.41922e+07	2.22045e-16	2.22045e-16
1.41922e+07	2.22045e-16	2.22045e-16
1.41922e+07	2.22045e-16	2.22045e-16
1.41922e+07	2.22045e-16	2.22045e-16
1.41922e+07	2.22045e-16	2.22045e-16
1.41922e+07	2.22045e-16	2.22045e-16
1.41922e+07	2.22045e-16	2.22045e-16
1.41922e+07	2.22045e-16	2.22045e-16
1.41922e+07	2.22045e-16	2.22045e-16
1.41922e+07	2.22045e-16	2.22045e-16
1.41922e+07	2.22045e-16	2.22045e-16
1.41922e+07	2.22045e-16	2.22045e-16
1.41922e+07	2.22045e-16	2.22045e-16
1.41922e+07	2.22045e-16	2.22045e-16
1.41922e+07	2.22045e-16	2.22045e-16
1.41922e+07	2.22045e-16	2.22045e-16
1.41922e+07	2.22045e-16	2.22045e-16
1.41922e+07	2.22045e-16	2.22045e-16
1.41922e+07	2.22045e-16	2.22045e-16
1.41922e+07	2.22045e-16	2.22045e-16
1.41922e+07	2.22045e-16	2.22045e-16
1.41922e+07	2.22045e-16	2.22045e-16
1.41922e+07	2.22045e-16	2.22045e-16
1.41922e+07	2.22045e-16	2.22045e-16
1.41922e+07	2.22045e-16	2.22045e-16
1.41922e+07	2.22045e-16	2.22045e-16
1.41922e+07	2.22045e-16	2.22045e-16
1.41922e+07	2.22045e-16	2.22045e-16
1.41922e+07	2.22045e-16	2.22045e-16
1.41922e+07	2.22045e-16	2.22045e-16
1.41922e+07	2.22045e-16	2.22045e-16
1.41922e+07	2.22045e-16	2.22045e-16
1.41922e+07	2.22045e-16	2.22045e-16
1.41922e+07	2.22045e-16	2.22045e-16
1.41922e+07	2.22045e-16	2.22045e-16
1.41922e+07	2.22045e-16	2.22045e-16
1.41922e+07	2.22045e-16	2.22045e-16
1.41922e+07	2.22045e-16	2.22045e-16
1.41922e+07	2.22045e-16	2.22045e-16
1.41922e+07	2.22045e-16	2.22045e-16
1.41922e+07	2.22045e-16	2.22045e-16
1.41922e+07	2.22045e-16	2.22045e-16
1.41922e+07	2.22045e-16	2.22045e-16
1.41922e+07	2.22045e-16	2.22045e-16
1.41922e+07	2.22045e-16	2.22045e-16
1.41922e+07	2.22045e-16	2.22045e-16
1.41922e+07	2.22045e-16	2.22045e-16
1.41922e+07	2.22045e-16	2.22045e-16
1.41922e+07	2.22045e-16	2.22045e-16
1.41922e+07	2.22045e-16	2.22045e-16
1.41922e+07	2.22045e-16	2.22045e-16
1.41922e+07	2.22045e-16	2.22045e-16
1.41922e+07	2.22045e-16	2.22045e-16
1.41922e+07	2.22045e-16	2.22045e-16
1.41922e+07	2.22045e-16	2.22045e-16
1.41922e+07	2.22045e-16	2.22045e-16
1.41922e+07	2.22045e-16	2.22045e-16
1.41922e+07	2.22045e-16	2.22045e-16
1.41922e+07	2.22045e-16	2.22045e-16
1.41922e+07	2.22045e-16	2.22045e-16
1.41922e+07	2.22045e-16	2.22045e-16
1.41922e+07	2.22045e-16	2.22045e-16
1.41922e+07	2.22045e-16	2.22045e-16
1.41922e+07	2.22045e-16	2.22045e-16
1.41922e+07	2.22045e-16	2.22045e-16
1.41922e+07	2.22045e-16	2.22045e-16
1.41922e+07	2.22045e-16	2.22045e-16
1.41922e+07	2.22045e-16	2.22045e-16
1.41922e+07	2.22045e-16	2.22045e-16
1.41922e+07	2.22045e-16	2.22045e-16
1.41922e+07	2.22045e-16	2.22045e-16
1.41922e+07	2.22045e-16	2.22045e-16
1.41922e+07	2.22045e-16	2.22045e-16
1.41922e+07	2.22045e-16	2.22045e-16
1.41921e+07	2.22045e-16	2.22045e-16
1.41921e+07	2.22045e-16	2.22045e-16
1.41921e+07	2.22045e-16	2.22045e-16
1.41921e+07	2.22045e-16	2.22045e-16
1.41921e+07	2.22045e-16	2.22045e-16
1.41921e+07	2.22045e-16	2.22045e-16
1.41921e+07	2.22045e-16	2.22045e-16
1.41921e+07	2.22045e-16	2.22045e-16
1.41921e+07	2.22045e-16	2.22045e-16
1.41921e+07	2.22045e-16	2.22045e-16
1.41921e+07	2.22045e-16	2.22045e-16
1.41921e+07	2.22045e-16	2.22045e-16
1.41921e+07	2.22045e-16	2.22045e-16
1.41921e+07	2.22045e-16	2.22045e-16
1.41921e+07	2.22045e-16	2.22045e-16
1.41921e+07	2.22045e-16	2.22045e-16
1.41921e+07	2.22045e-16	2.22045e-16
1.41921e+07	2.22045e-16	2.22045e-16
1.41921e+07	2.22045e-16	2.22045e-16
1.41921e+07	2.22045e-16	2.22045e-16
1.41921e+07	2.22045e-16	2.22045e-16
1.41921e+07	2.22045e-16	2.22045e-16
1.41921e+07	2.22045e-16	2.22045e-16
1.41921e+07	2.22045e-16	2.22045e-16
1.41921e+07	2.22045e-16	2.22045e-16
1.41921e+07	2.22045e-16	2.22045e-16
1.41921e+07	2.22045e-16	2.22045e-16
1.41921e+07	2.22045e-16	2.22045e-16
1.41921e+07	2.22045e-16	2.22045e-16
1.41921e+07	2.22045e-16	2.22045e-16
1.41921e+07	2.22045e-16	2.22045e-16
1.41921e+07	2.22045e-16	2.22045e-16
1.41921e+07	2.22045e-16	2.22045e-16
1.41921e+07	2.22045e-16	2.22045e-16
1.41921e+07	2.22045e-16	2.22045e-16
1.41921e+07	2.22045e-16	2.22045e-16
1.41921e+07	2.22045e-16	2.22045e-16
1.41921e+07	2.22045e-16	2.22045e-16
1.41921e+07	2.22045e-16	2.22045e-16
1.41921e+07	2.22045e-16	2.22045e-16
1.41921e+07	2.22045e-16	2.22045e-16
1.41921e+07	2.22045e-16	2.22045e-16
1.41921e+07	2.22045e-16	2.22045e-16
1.41921e+07	2.22045e-16	2.22045e-16
1.41921e+07	2.22045e-16	2.22045e-16
1.41921e+07	2.22045e-16	2.22045e-16
1.41921e+07	2.22045e-16	2.22045e-16
1.41921e+07	2.22045e-16	2.22045e-16
1.41921e+07	2.22045e-16	2.22045e-16
1.41921e+07	2.22045e-16	2.22045e-16
1.41921e+07	2.22045e-16	2.22045e-16
1.41921e+07	2.22045e-16	2.22045e-16
1.41921e+07	2.22045e-16	2.22045e-16
1.41921e+07	2.22045e-16	2.22045e-16
1.41921e+07	2.22045e-16	2.22045e-16
1.41921e+07	2.22045e-16	2.22045e-16
1.41921e+07	2.22045e-16	2.22045e-16
1.41921e+07	2.22045e-16	2.22045e-16
1.41921e+07	2.22045e-16	2.22045e-16
1.41921e+07	2.22045e-16	2.22045e-16
1.41921e+07	2.22045e-16	2.22045e-16
1.41921e+07	2.22045e-16	2.22045e-16
1.41921e+07	2.22045e-16	2.22045e-16
1.41921e+07	2.22045e-16	2.22045e-16
1.41921e+07	2.22045e-16	2.22045e-16
1.41921e+07	2.22045e-16	2.22045e-16
1.41921e+07	2.22045e-16	2.22045e-16
1.41921e+07	2.22045e-16	2.22045e-16
1.41921e+07	2.22045e-16	2.22045e-16
1.41921e+07	2.22045e-16	2.22045e-16
1.41921e+07	2.22045e-16	2.22045e-16
1.41921e+07	2.22045e-16	2.22045e-16
1.41921e+07	2.22045e-16	2.22045e-16
1.41921e+07	2.22045e-16	2.22045e-16
1.41921e+07	2.22045e-16	2.22045e-16
1.41921e+07	2.22045e-16	2.22045e-16
1.41921e+07	2.22045e-16	2.22045e-16
1.41921e+07	2.22045e-16	2.22045e-16
1.41921e+07	2.22045e-16	2.22045e-16
1.41921e+07	2.22045e-16	2.22045e-16
1.41921e+07	2.22045e-16	2.22045e-16
1.41921e+07	2.22045e-16	2.22045e-16
1.41921e+07	2.22045e-16	2.22045e-16
1.41921e+07	2.22045e-16	2.22045e-16
1.41921e+07	2.22045e-16	2.22045e-16
1.41921e+07	2.22045e-16	2.22045e-16
1.41921e+07	2.22045e-16	2.22045e-16
1.41921e+07	2.22045e-16	2.22045e-16
1.41921e+07	2.22045e-16	2.22045e-16
1.41921e+07	2.22045e-16	2.22045e-16
1.41921e+07	2.22045e-16	2.22045e-16
1.41921e+07	2.22045e-16	2.22045e-16
1.41921e+07	2.22045e-16	2.22045e-16
1.41921e+07	2.22045e-16	2.22045e-16
1.41921e+07	2.22045e-16	2.22045e-16
1.41921e+07	2.22045e-16	2.22045e-16
1.41921e+07	2.22045e-16	2.22045e-16
1.41921e+07	2.22045e-16	2.22045e-16
1.41921e+07	2.22045e-16	2.22045e-16
1.41921e+07	2.22045e-16	2.22045e-16
1.41921e+07	2.22045e-16	2.22045e-16
1.41921e+07	2.22045e-16	2.22045e-16
1.41921e+07	2.22045e-16	2.22045e-16
1.41921e+07	2.22045e-16	2.22045e-16
1.41921e+07	2.22045e-16	2.22045e-16
1.41921e+07	2.22045e-16	2.22045e-16
1.41921e+07	2.22045e-16	2.22045e-16
1.41921e+07	2.22045e-16	2.22045e-16
1.41921e+07	2.22045e-16	2.22045e-16
1.41921e+07	2.22045e-16	2.22045e-16
1.41921e+07	2.22045e-16	2.22045e-16
1.41921e+07	2.22045e-16	2.22045e-16
1.41921e+07	2.22045e-16	2.22045e-16
1.41921e+07	2.22045e-16	2.22045e-16
1.41921e+07	2.22045e-16	2.22045e-16
1.41921e+07	2.22045e-16	2.22045e-16
1.41921e+07	2.22045e-16	2.22045e-16
1.41921e+07	2.22045e-16	2.22045e-16
1.41921e+07	2.22045e-16	2.22045e-16
1.41921e+07	2.22045e-16	2.22045e-16
1.41921e+07	2.22045e-16	2.22045e-16
1.41921e+07	2.22045e-16	2.22045e-16
1.41921e+07	2.22045e-16	2.22045e-16
1.41921e+07	2.22045e-16	2.22045e-16
1.41921e+07	2.22045e-16	2.22045e-16
1.41921e+07	2.22045e-16	2.22045e-16
1.41921e+07	2.22045e-16	2.22045e-16
1.41921e+07	2.22045e-16	2.22045e-16
1.41921e+07	2.22045e-16	2.22045e-16
1.41921e+07	2.22045e-16	2.22045e-16
1.41921e+07	2.22045e-16	2.22045e-16
1.41921e+07	2.22045e-16	2.22045e-16
1.41921e+07	2.22045e-16	2.22045e-16
1.41921e+07	2.22045e-16	2.22045e-16
1.41921e+07	2.22045e-16	2.22045e-16
1.41921e+07	2.22045e-16	2.22045e-16
1.41921e+07	2.22045e-16	2.22045e-16
1.41921e+07	2.22045e-16	2.22045e-16
1.41921e+07	2.22045e-16	2.22045e-16
1.41921e+07	2.22045e-16	2.22045e-16
1.41921e+07	2.22045e-16	2.22045e-16
1.41921e+07	2.22045e-16	2.22045e-16
1.41921e+07	2.22045e-16	2.22045e-16
1.41921e+07	2.22045e-16	2.22045e-16
1.41921e+07	2.22045e-16	2.22045e-16
1.41921e+07	2.22045e-16	2.22045e-16
1.41921e+07	2.22045e-16	2.22045e-16
1.41921e+07	2.22045e-16	2.22045e-16
1.41921e+07	2.22045e-16	2.22045e-16
1.41921e+07	2.22045e-16	2.22045e-16
1.41921e+07	2.22045e-16	2.22045e-16
1.41921e+07	2.22045e-16	2.22045e-16
1.41921e+07	2.22045e-16	2.22045e-16
1.41921e+07	2.22045e-16	2.22045e-16
1.41921e+07	2.22045e-16	2.22045e-16
1.41921e+07	2.22045e-16	2.22045e-16
1.41921e+07	2.22045e-16	2.22045e-16
1.41921e+07	2.22045e-16	2.22045e-16
1.41921e+07	2.22045e-16	2.22045e-16
1.41921e+07	2.22045e-16	2.22045e-16
1.41921e+07	2.22045e-16	2.22045e-16
1.41921e+07	2.22045e-16	2.22045e-16
1.41921e+07	2.22045e-16	2.22045e-16
1.41921e+07	2.22045e-16	2.22045e-16
1.41921e+07	2.22045e-16	2.22045e-16
1.41921e+07	2.22045e-16	2.22045e-16
1.41921e+07	2.22045e-16	2.22045e-16
1.41921e+07	2.22045e-16	2.22045e-16
1.41921e+07	2.22045e-16	2.22045e-16
1.41921e+07	2.22045e-16	2.22045e-16
1.41921e+07	2.22045e-16	2.22045e-16
1.41921e+07	2.22045e-16	2.22045e-16
1.41921e+07	2.22045e-16	2.22045e-16
1.41921e+07	2.22045e-16	2.22045e-16
1.41921e+07	2.22045e-16	2.22045e-16
1.41921e+07	2.22045e-16	2.22045e-16
1.41921e+07	2.22045e-16	2.22045e-16
1.41921e+07	2.22045e-16	2.22045e-16
1.41921e+07	2.22045e-16	2.22045e-16
1.41921e+07	2.22045e-16	2.22045e-16
1.41921e+07	2.22045e-16	2.22045e-16
1.41921e+07	2.22045e-16	2.22045e-16
1.41921e+07	2.22045e-16	2.22045e-16
1.41921e+07	2.22045e-16	2.22045e-16
1.41921e+07	2.22045e-16	2.22045e-16
1.41921e+07	2.22045e-16	2.22045e-16
1.41921e+07	2.22045e-16	2.22045e-16
1.41921e+07	2.22045e-16	2.22045e-16
1.41921e+07	2.22045e-16	2.22045e-16
1.41921e+07	2.22045e-16	2.22045e-16
1.41921e+07	2.22045e-16	2.22045e-16
1.41921e+07	2.22045e-16	2.22045e-16
1.41921e+07	2.22045e-16	2.22045e-16
1.41921e+07	2.22045e-16	2.22045e-16
1.41921e+07	2.22045e-16	2.22045e-16
1.41921e+07	2.22045e-16	2.22045e-16
1.41921e+07	2.22045e-16	2.22045e-16
1.41921e+07	2.22045e-16	2.22045e-16
1.41921e+07	2.22045e-16	2.22045e-16
1.41921e+07	2.22045e-16	2.22045e-16
1.41921e+07	2.22045e-16	2.22045e-16
