0.379991
0.37908
0.378169
0.377258
0.376348
0.375437
0.374526
0.374785
0.376589
0.378385
0.380173
0.381953
0.383724
0.385488
0.387243
0.388991
0.39073
0.392462
0.394185
0.395901
0.397609
0.399309
0.401001
0.402685
0.404361
0.406029
0.40769
0.409343
0.410988
0.412626
0.414256
0.415878
0.417492
0.419099
0.420698
0.42229
0.423874
0.42545
0.427019
0.42858
0.430134
0.431681
0.43322
0.434751
0.436275
0.437792
0.439301
0.440803
0.442298
0.443785
0.445265
0.446738
0.448204
0.449662
0.451113
0.452557
0.453994
0.455423
0.456846
0.458261
0.459669
0.461071
0.462465
0.463852
0.465232
0.466605
0.467971
0.469331
0.470683
0.472029
0.473367
0.474699
0.476024
0.477342
0.478654
0.479959
0.481256
0.482548
0.483832
0.48511
0.486381
0.487646
0.488904
0.490155
0.4914
0.492638
0.49387
0.495096
0.496314
0.497527
0.498733
0.499933
0.501126
0.502313
0.503493
0.504667
0.505835
0.506997
0.508153
0.509302
0.510445
0.511582
0.512713
0.513837
0.514956
0.516068
0.517175
0.518275
0.519369
0.520458
0.52154
0.522617
0.523687
0.524752
0.525811
0.526864
0.527911
0.528952
0.529988
0.531018
0.532042
0.533061
0.534073
0.53508
0.536082
0.537078
0.538068
0.539053
0.540032
0.541006
0.541974
0.542937
0.543894
0.544846
0.545792
0.546733
0.547669
0.5486
0.549525
0.550445
0.551359
0.552268
0.553173
0.554072
0.554965
0.555854
0.556738
0.557616
0.558489
0.559358
0.560221
0.561079
0.561933
0.562781
0.563625
0.564463
0.565297
0.566126
0.56695
0.567769
0.568583
0.569393
0.570197
0.570998
0.571793
0.572584
0.57337
0.574151
0.574928
0.5757
0.576468
0.577231
0.577989
0.578744
0.579493
0.580238
0.580979
0.581715
0.582447
0.583175
0.583898
0.584617
0.585331
0.586041
0.586747
0.587449
0.588147
0.58884
0.589529
0.590214
0.590895
0.591572
0.592244
0.592913
0.593577
0.594238
0.594894
0.595547
0.596195
0.59684
0.597481
0.598117
0.59875
0.599379
0.600005
0.600626
0.601243
0.601857
0.602467
0.603073
0.603676
0.604275
0.60487
0.605461
0.606049
0.606633
0.607214
0.607791
0.608364
0.608934
0.609501
0.610063
0.610623
0.611179
0.611731
0.61228
0.612826
0.613368
0.613907
0.614442
0.614974
0.615503
0.616029
0.616551
0.61707
0.617586
0.618098
0.618607
0.619113
0.619616
0.620116
0.620613
0.621106
0.621596
0.622084
0.622568
0.623049
0.623527
0.624002
0.624474
0.624943
0.625409
0.625873
0.626333
0.62679
0.627245
0.627696
0.628145
0.628591
0.629034
0.629474
0.629911
0.630346
0.630778
0.631207
0.631633
0.632057
0.632477
0.632896
0.633311
0.633724
0.634134
0.634542
0.634947
0.635349
0.635749
0.636146
0.636541
0.636933
0.637323
0.63771
0.638094
0.638476
0.638856
0.639233
0.639608
0.63998
0.64035
0.640718
0.641083
0.641446
0.641806
0.642165
0.64252
0.642874
0.643225
0.643574
0.643921
0.644265
0.644607
0.644947
0.645285
0.645621
0.645954
0.646285
0.646614
0.646941
0.647266
0.647589
0.647909
0.648228
0.648544
0.648858
0.64917
0.649481
0.649789
0.650095
0.650399
0.650701
0.651001
0.651299
0.651596
0.65189
0.652182
0.652473
0.652761
0.653048
0.653333
0.653615
0.653896
0.654176
0.654453
0.654728
0.655002
0.655274
0.655544
0.655812
0.656079
0.656343
0.656606
0.656868
0.657127
0.657385
0.657641
0.657896
0.658148
0.658399
0.658649
0.658896
0.659142
0.659387
0.65963
0.659871
0.66011
0.660348
0.660585
0.66082
0.661053
0.661285
0.661515
0.661744
0.661971
0.662196
0.66242
0.662643
0.662864
0.663084
0.663302
0.663519
0.663734
0.663948
0.66416
0.664371
0.664581
0.664789
0.664996
0.665201
0.665405
0.665608
0.665809
0.666009
0.666208
0.666405
0.666601
0.666795
0.666989
0.667181
0.667371
0.667561
0.667749
0.667936
0.668122
0.668306
0.668489
0.668671
0.668852
0.669031
0.669209
0.669387
0.669562
0.669737
0.669911
0.670083
0.670254
0.670424
0.670593
0.670761
0.670927
0.671093
0.671257
0.67142
0.671582
0.671744
0.671903
0.672062
0.67222
0.672377
0.672532
0.672687
0.672841
0.672993
0.673145
0.673295
0.673445
0.673593
0.67374
0.673887
0.674032
0.674177
0.67432
0.674463
0.674604
0.674745
0.674884
0.675023
0.67516
0.675297
0.675433
0.675568
0.675702
0.675835
0.675967
0.676098
0.676229
0.676358
0.676487
0.676615
0.676741
0.676867
0.676993
0.677117
0.67724
0.677363
0.677485
0.677605
0.677726
0.677845
0.677963
0.678081
0.678198
0.678314
0.678429
0.678543
0.678657
0.67877
0.678882
0.678993
0.679104
0.679214
0.679323
0.679431
0.679539
0.679646
0.679752
0.679857
0.679962
0.680066
0.680169
0.680272
0.680374
0.680475
0.680575
0.680675
0.680774
0.680872
0.68097
0.681067
0.681163
0.681259
0.681354
0.681449
0.681542
0.681635
0.681728
0.68182
0.681911
0.682001
0.682091
0.682181
0.682269
0.682358
0.682445
0.682532
0.682618
0.682704
0.682789
0.682874
0.682957
0.683041
0.683124
0.683206
0.683287
0.683369
0.683449
0.683529
0.683609
0.683687
0.683766
0.683844
0.683921
0.683997
0.684074
0.684149
0.684224
0.684299
0.684373
0.684447
0.68452
0.684592
0.684665
0.684736
0.684807
0.684878
0.684948
0.685018
0.685087
0.685155
0.685224
0.685291
0.685359
0.685425
0.685492
0.685557
0.685623
0.685688
0.685752
0.685816
0.68588
0.685943
0.686006
0.686068
0.68613
0.686192
0.686253
0.686313
0.686373
0.686433
0.686492
0.686551
0.68661
0.686668
0.686726
0.686783
0.68684
0.686896
0.686953
0.687008
0.687064
0.687119
0.687173
0.687227
0.687281
0.687335
0.687388
0.687441
0.687493
0.687545
0.687597
0.687648
0.687699
0.687749
0.6878
0.687849
0.687899
0.687948
0.687997
0.688045
0.688094
0.688141
0.688189
0.688236
0.688283
0.688329
0.688376
0.688421
0.688467
0.688512
0.688557
0.688602
0.688646
0.68869
0.688734
0.688777
0.68882
0.688863
0.688905
0.688947
0.688989
0.689031
0.689072
0.689113
0.689154
0.689194
0.689235
0.689274
0.689314
0.689353
0.689392
0.689431
0.68947
0.689508
0.689546
0.689584
0.689621
0.689658
0.689695
0.689732
0.689768
0.689804
0.68984
0.689876
0.689911
0.689947
0.689982
0.690016
0.690051
0.690085
0.690119
0.690152
0.690186
0.690219
0.690252
0.690285
0.690318
0.69035
0.690382
0.690414
0.690446
0.690477
0.690508
0.690539
0.69057
0.690601
0.690631
0.690661
0.690691
0.690721
0.69075
0.69078
0.690809
0.690838
0.690866
0.690895
0.690923
0.690951
0.690979
0.691007
0.691034
0.691062
0.691089
0.691116
0.691143
0.691169
0.691196
0.691222
0.691248
0.691274
0.691299
0.691325
0.69135
0.691375
0.6914
0.691425
0.691449
0.691474
0.691498
0.691522
0.691546
0.69157
0.691594
0.691617
0.69164
0.691663
0.691686
0.691709
0.691732
0.691754
0.691776
0.691799
0.69182
0.691842
0.691864
0.691886
0.691907
0.691928
0.691949
0.69197
0.691991
0.692012
0.692032
0.692052
0.692073
0.692093
0.692113
0.692132
0.692152
0.692172
0.692191
0.69221
0.692229
0.692248
0.692267
0.692286
0.692304
0.692323
0.692341
0.692359
0.692377
0.692395
0.692413
0.692431
0.692448
0.692466
0.692483
0.6925
0.692518
0.692534
0.692551
0.692568
0.692585
0.692601
0.692617
0.692634
0.69265
0.692666
0.692682
0.692698
0.692713
0.692729
0.692744
0.69276
0.692775
0.69279
0.692805
0.69282
0.692835
0.69285
0.692864
0.692879
0.692893
0.692908
0.692922
0.692936
0.69295
0.692964
0.692978
0.692991
0.693005
0.693019
0.693032
0.693045
0.693059
0.693072
0.693085
0.693098
0.693111
0.693124
0.693136
0.693149
0.693161
0.693174
0.693186
0.693199
0.693211
0.693223
0.693235
0.693247
0.693259
0.69327
0.693282
0.693294
0.693305
0.693317
0.693328
0.693339
0.69335
0.693362
0.693373
0.693384
0.693394
0.693405
0.693416
0.693427
0.693437
0.693448
0.693458
0.693469
0.693479
0.693489
0.693499
0.693509
0.693519
0.693529
0.693539
0.693549
0.693559
0.693568
0.693578
0.693587
0.693597
0.693606
0.693616
0.693625
0.693634
0.693643
0.693652
0.693661
0.69367
0.693679
0.693688
0.693697
0.693705
0.693714
0.693723
0.693731
0.693739
0.693748
0.693756
0.693764
0.693773
0.693781
0.693789
0.693797
0.693805
0.693813
0.693821
0.693829
0.693836
0.693844
0.693852
0.693859
0.693867
0.693874
0.693882
0.693889
0.693897
0.693904
0.693911
0.693918
0.693925
0.693932
0.69394
0.693947
0.693953
0.69396
0.693967
0.693974
0.693981
0.693987
0.693994
0.694001
0.694007
0.694014
0.69402
0.694027
0.694033
0.694039
0.694046
0.694052
0.694058
0.694064
0.69407
0.694076
0.694082
0.694088
0.694094
0.6941
0.694106
0.694112
0.694118
0.694123
0.694129
0.694135
0.69414
0.694146
0.694152
0.694157
0.694162
0.694168
0.694173
0.694179
0.694184
0.694189
0.694194
0.6942
0.694205
0.69421
0.694215
0.69422
0.694225
0.69423
0.694235
0.69424
0.694245
0.69425
0.694254
0.694259
0.694264
0.694269
0.694273
0.694278
0.694283
0.694287
0.694292
0.694296
0.694301
0.694305
0.69431
0.694314
0.694318
0.694323
0.694327
0.694331
0.694335
0.69434
0.694344
0.694348
0.694352
0.694356
0.69436
0.694364
0.694368
0.694372
0.694376
0.69438
0.694384
0.694388
0.694392
0.694396
0.694399
0.694403
0.694407
0.69441
0.694414
0.694418
0.694421
0.694425
0.694429
0.694432
0.694436
0.694439
0.694443
0.694446
0.69445
0.694453
0.694456
0.69446
0.694463
0.694466
0.69447
0.694473
0.694476
0.694479
0.694483
0.694486
0.694489
0.694492
0.694495
0.694498
0.694501
0.694504
0.694507
0.69451
0.694513
0.694516
0.694519
0.694522
0.694525
0.694528
0.694531
0.694534
0.694536
0.694539
0.694542
0.694545
0.694547
0.69455
0.694553
0.694556
0.694558
0.694561
0.694563
0.694566
0.694569
0.694571
0.694574
0.694576
0.694579
0.694581
0.694584
0.694586
0.694589
0.694591
0.694594
0.694596
0.694598
0.694601
0.694603
0.694605
0.694608
0.69461
0.694612
0.694614
0.694617
0.694619
0.694621
0.694623
0.694626
0.694628
0.69463
0.694632
0.694634
0.694636
0.694638
0.69464
0.694642
0.694645
0.694647
0.694649
0.694651
0.694653
0.694655
0.694656
0.694658
0.69466
0.694662
0.694664
0.694666
0.694668
0.69467
0.694672
0.694674
0.694675
0.694677
0.694679
0.694681
0.694683
0.694684
0.694686
0.694688
0.69469
0.694691
0.694693
0.694695
0.694696
0.694698
0.6947
0.694701
0.694703
0.694705
0.694706
0.694708
0.694709
0.694711
0.694713
0.694714
0.694716
0.694717
0.694719
0.69472
0.694722
0.694723
0.694725
0.694726
0.694728
0.694729
0.694731
0.694732
0.694733
0.694735
0.694736
0.694738
0.694739
0.69474
0.694742
0.694743
0.694744
0.694746
0.694747
0.694748
0.69475
0.694751
0.694752
0.694754
0.694755
0.694756
0.694757
0.694759
0.69476
0.694761
0.694762
0.694763
0.694765
0.694766
0.694767
0.694768
0.694769
0.69477
0.694772
0.694773
0.694774
0.694775
0.694776
0.694777
0.694778
0.694779
0.694781
0.694782
0.694783
0.694784
0.694785
0.694786
0.694787
0.694788
0.694789
0.69479
0.694791
0.694792
0.694793
0.694794
0.694795
0.694796
0.694797
0.694798
0.694799
0.6948
0.694801
0.694802
0.694803
0.694804
0.694804
0.694805
0.694806
0.694807
0.694808
0.694809
0.69481
0.694811
0.694812
0.694812
0.694813
0.694814
0.694815
0.694816
0.694817
0.694817
0.694818
0.694819
0.69482
0.694821
0.694821
0.694822
0.694823
0.694824
0.694825
0.694825
0.694826
0.694827
0.694828
0.694828
0.694829
0.69483
0.694831
0.694831
0.694832
0.694833
0.694833
0.694834
0.694835
0.694836
0.694836
0.694837
0.694838
0.694838
0.694839
0.69484
0.69484
0.694841
0.694842
0.694842
0.694843
0.694844
0.694844
0.694845
0.694845
0.694846
0.694847
0.694847
0.694848
0.694849
0.694849
0.69485
0.69485
0.694851
0.694851
0.694852
0.694853
0.694853
0.694854
0.694854
0.694855
0.694855
0.694856
0.694857
0.694857
0.694858
0.694858
0.694859
0.694859
0.69486
0.69486
0.694861
0.694861
0.694862
0.694862
0.694863
0.694863
0.694864
0.694864
0.694865
0.694865
0.694866
0.694866
0.694867
0.694867
0.694868
0.694868
0.694869
0.694869
0.694869
0.69487
0.69487
0.694871
0.694871
0.694872
0.694872
0.694873
0.694873
0.694873
0.694874
0.694874
0.694875
0.694875
0.694876
0.694876
0.694876
0.694877
0.694877
0.694878
0.694878
0.694878
0.694879
0.694879
0.69488
0.69488
0.69488
0.694881
0.694881
0.694881
0.694882
0.694882
0.694883
0.694883
0.694883
0.694884
0.694884
0.694884
0.694885
0.694885
0.694885
0.694886
0.694886
0.694886
0.694887
0.694887
0.694887
0.694888
0.694888
0.694888
0.694889
0.694889
0.694889
0.69489
0.69489
0.69489
0.694891
0.694891
0.694891
0.694891
0.694892
0.694892
0.694892
0.694893
0.694893
0.694893
0.694893
0.694894
0.694894
0.694894
0.694895
0.694895
0.694895
0.694895
0.694896
0.694896
0.694896
0.694896
0.694897
0.694897
0.694897
0.694898
0.694898
0.694898
0.694898
0.694899
0.694899
0.694899
0.694899
0.6949
0.6949
0.6949
0.6949
0.6949
0.694901
0.694901
0.694901
0.694901
0.694902
0.694902
0.694902
0.694902
0.694903
0.694903
0.694903
0.694903
0.694903
0.694904
0.694904
0.694904
0.694904
0.694904
0.694905
0.694905
0.694905
0.694905
0.694905
0.694906
0.694906
0.694906
0.694906
0.694906
0.694907
0.694907
0.694907
0.694907
0.694907
0.694908
0.694908
0.694908
0.694908
0.694908
0.694909
0.694909
0.694909
0.694909
0.694909
0.694909
0.69491
0.69491
0.69491
0.69491
0.69491
0.69491
0.694911
0.694911
0.694911
0.694911
0.694911
0.694911
0.694912
0.694912
0.694912
0.694912
0.694912
0.694912
0.694912
0.694913
0.694913
0.694913
0.694913
0.694913
0.694913
0.694913
0.694914
0.694914
0.694914
0.694914
0.694914
0.694914
0.694914
0.694915
0.694915
0.694915
0.694915
0.694915
0.694915
0.694915
0.694916
0.694916
0.694916
0.694916
0.694916
0.694916
0.694916
0.694916
0.694917
0.694917
0.694917
0.694917
0.694917
0.694917
0.694917
0.694917
0.694918
0.694918
0.694918
0.694918
0.694918
0.694918
0.694918
0.694918
0.694918
0.694919
0.694919
0.694919
0.694919
0.694919
0.694919
0.694919
0.694919
0.694919
0.694919
0.69492
0.69492
0.69492
0.69492
0.69492
0.69492
0.69492
0.69492
0.69492
0.69492
0.694921
0.694921
0.694921
0.694921
0.694921
0.694921
0.694921
0.694921
0.694921
0.694921
0.694921
0.694922
0.694922
0.694922
0.694922
0.694922
0.694922
0.694922
0.694922
0.694922
0.694922
0.694922
0.694922
0.694923
0.694923
0.694923
0.694923
0.694923
0.694923
0.694923
0.694923
0.694923
0.694923
0.694923
0.694923
0.694923
0.694924
0.694924
0.694924
0.694924
0.694924
0.694924
0.694924
0.694924
0.694924
0.694924
0.694924
0.694924
0.694924
0.694924
0.694924
0.694925
0.694925
0.694925
0.694925
0.694925
0.694925
0.694925
0.694925
0.694925
0.694925
0.694925
0.694925
0.694925
0.694925
0.694925
0.694926
0.694926
0.694926
0.694926
0.694926
0.694926
0.694926
0.694926
0.694926
0.694926
0.694926
0.694926
0.694926
0.694926
0.694926
0.694926
0.694926
0.694926
0.694927
0.694927
0.694927
0.694927
0.694927
0.694927
0.694927
0.694927
0.694927
0.694927
0.694927
0.694927
0.694927
0.694927
0.694927
0.694927
0.694927
0.694927
0.694927
0.694927
0.694927
0.694928
0.694928
0.694928
0.694928
0.694928
0.694928
0.694928
0.694928
0.694928
0.694928
0.694928
0.694928
0.694928
0.694928
0.694928
0.694928
0.694928
0.694928
0.694928
0.694928
0.694928
0.694928
0.694928
0.694928
0.694929
0.694929
0.694929
0.694929
0.694929
0.694929
0.694929
0.694929
0.694929
0.694929
0.694929
0.694929
0.694929
0.694929
0.694929
0.694929
0.694929
0.694929
0.694929
0.694929
0.694929
0.694929
0.694929
0.694929
0.694929
0.694929
0.694929
0.694929
0.694929
0.69493
0.69493
0.69493
0.69493
0.69493
0.69493
0.69493
0.69493
0.69493
0.69493
0.69493
0.69493
0.69493
0.69493
0.69493
0.69493
0.69493
0.69493
0.69493
0.69493
0.69493
0.69493
0.69493
0.69493
0.69493
0.69493
0.69493
0.69493
0.69493
0.69493
0.69493
0.69493
0.69493
0.69493
0.69493
0.69493
0.69493
0.694931
0.694931
0.694931
0.694931
0.694931
0.694931
0.694931
0.694931
0.694931
0.694931
0.694931
0.694931
0.694931
0.694931
0.694931
0.694931
0.694931
0.694931
0.694931
0.694931
0.694931
0.694931
0.694931
0.694931
0.694931
0.694931
0.694931
0.694931
0.694931
0.694931
0.694931
0.694931
0.694931
0.694931
0.694931
0.694931
0.694931
0.694931
0.694931
0.694931
0.694931
0.694931
0.694931
0.694931
0.694931
0.694931
0.694931
0.694931
0.694931
0.694931
0.694932
0.694932
0.694932
0.694932
0.694932
0.694932
0.694932
0.694932
0.694932
0.694932
0.694932
0.694932
0.694932
0.694932
0.694932
0.694932
0.694932
0.694932
0.694932
0.694932
0.694932
0.694932
0.694932
0.694932
0.694932
0.694932
0.694932
0.694932
0.694932
0.694932
0.694932
0.694932
0.694932
0.694932
0.694932
0.694932
0.694932
0.694932
0.694932
0.694932
0.694932
0.694932
0.694932
0.694932
0.694932
0.694932
0.694932
0.694932
0.694932
0.694932
0.694932
0.694932
0.694932
0.694932
0.694932
0.694932
0.694932
0.694932
0.694932
0.694932
0.694932
0.694932
0.694932
0.694932
0.694932
0.694932
0.694932
0.694932
0.694932
0.694932
0.694932
0.694932
0.694932
0.694932
0.694932
0.694932
0.694932
0.694933
0.694933
0.694933
0.694933
0.694933
0.694933
0.694933
0.694933
0.694933
0.694933
0.694933
0.694933
0.694933
0.694933
0.694933
0.694933
0.694933
0.694933
0.694933
0.694933
0.694933
0.694933
0.694933
0.694933
0.694933
0.694933
0.694933
0.694933
0.694933
0.694933
0.694933
0.694933
0.694933
0.694933
0.694933
0.694933
0.694933
0.694933
0.694933
0.694933
0.694933
0.694933
0.694933
0.694933
0.694933
0.694933
0.694933
0.694933
0.694933
0.694933
0.694933
0.694933
0.694933
0.694933
0.694933
0.694933
0.694933
0.694933
0.694933
0.694933
0.694933
0.694933
0.694933
0.694933
0.694933
0.694933
0.694933
0.694933
0.694933
0.694933
0.694933
0.694933
0.694933
0.694933
0.694933
0.694933
0.694933
0.694933
0.694933
0.694933
0.694933
0.694933
0.694933
0.694933
0.694933
0.694933
0.694933
0.694933
0.694933
0.694933
0.694933
0.694933
0.694933
0.694933
0.694933
0.694933
0.694933
0.694933
0.694933
0.694933
0.694933
0.694933
0.694933
0.694933
0.694933
0.694933
0.694933
0.694933
0.694933
0.694933
0.694933
0.694933
0.694933
0.694933
0.694933
0.694933
0.694933
0.694933
0.694933
0.694933
0.694933
0.694933
0.694933
0.694933
0.694933
0.694933
0.694933
0.694933
0.694933
0.694933
0.694933
0.694933
0.694933
0.694933
0.694933
0.694933
0.694933
0.694933
0.694933
0.694933
0.694933
0.694933
0.694933
0.694933
0.694933
0.694933
0.694933
0.694933
0.694933
0.694933
0.694933
0.694933
0.694933
0.694933
0.694933
0.694933
0.694933
0.694933
0.694933
0.694933
0.694933
0.694933
0.694933
0.694933
0.694933
0.694933
0.694933
0.694933
0.694933
0.694933
0.694933
0.694933
0.694933
0.694933
0.694933
0.694933
0.694933
0.694933
0.694933
0.694933
0.694933
0.694933
0.694933
0.694933
0.694934
0.694934
0.694934
0.694934
0.694934
0.694934
0.694934
0.694934
0.694934
0.694934
0.694934
0.694934
0.694934
0.694934
0.694934
0.694934
0.694934
0.694934
0.694934
0.694934
0.694934
0.694934
