0.379991
0.37908
0.378169
0.377258
0.376348
0.375437
0.374526
0.373789
0.375051
0.376307
0.377555
0.378798
0.380034
0.381263
0.382486
0.383703
0.384914
0.386118
0.387316
0.388508
0.389693
0.390872
0.392046
0.393213
0.394373
0.395528
0.396677
0.39782
0.398956
0.400087
0.401212
0.402331
0.403444
0.404551
0.405652
0.406747
0.407837
0.408921
0.409999
0.411071
0.412138
0.413199
0.414254
0.415304
0.416348
0.417386
0.418419
0.419447
0.420469
0.421485
0.422496
0.423502
0.424502
0.425497
0.426486
0.427471
0.428449
0.429423
0.430391
0.431354
0.432312
0.433265
0.434212
0.435155
0.436092
0.437024
0.437951
0.438873
0.43979
0.440702
0.441609
0.442511
0.443408
0.444301
0.445188
0.44607
0.446948
0.447821
0.448689
0.449552
0.450411
0.451264
0.452114
0.452958
0.453798
0.454633
0.455463
0.456289
0.45711
0.457927
0.458739
0.459547
0.46035
0.461149
0.461943
0.462733
0.463518
0.464299
0.465076
0.465849
0.466617
0.46738
0.46814
0.468895
0.469646
0.470393
0.471135
0.471874
0.472608
0.473338
0.474064
0.474786
0.475504
0.476218
0.476927
0.477633
0.478335
0.479032
0.479726
0.480416
0.481102
0.481784
0.482462
0.483137
0.483807
0.484474
0.485137
0.485796
0.486451
0.487103
0.48775
0.488395
0.489035
0.489672
0.490305
0.490934
0.49156
0.492183
0.492801
0.493416
0.494028
0.494636
0.495241
0.495842
0.496439
0.497034
0.497624
0.498212
0.498796
0.499376
0.499953
0.500527
0.501098
0.501665
0.502229
0.502789
0.503347
0.503901
0.504452
0.504999
0.505544
0.506085
0.506623
0.507159
0.50769
0.508219
0.508745
0.509267
0.509787
0.510304
0.510817
0.511327
0.511835
0.512339
0.512841
0.51334
0.513835
0.514328
0.514818
0.515305
0.515789
0.51627
0.516748
0.517224
0.517696
0.518166
0.518633
0.519098
0.519559
0.520018
0.520475
0.520928
0.521379
0.521827
0.522272
0.522715
0.523155
0.523593
0.524028
0.52446
0.52489
0.525317
0.525741
0.526163
0.526583
0.527
0.527415
0.527827
0.528236
0.528643
0.529048
0.52945
0.52985
0.530248
0.530643
0.531036
0.531426
0.531814
0.5322
0.532583
0.532964
0.533343
0.533719
0.534093
0.534465
0.534835
0.535202
0.535568
0.535931
0.536291
0.53665
0.537007
0.537361
0.537713
0.538063
0.538411
0.538757
0.5391
0.539442
0.539781
0.540119
0.540454
0.540788
0.541119
0.541448
0.541776
0.542101
0.542424
0.542746
0.543065
0.543382
0.543698
0.544011
0.544323
0.544633
0.544941
0.545247
0.545551
0.545853
0.546153
0.546452
0.546749
0.547043
0.547337
0.547628
0.547917
0.548205
0.548491
0.548775
0.549057
0.549338
0.549617
0.549894
0.55017
0.550444
0.550716
0.550986
0.551255
0.551522
0.551788
0.552052
0.552314
0.552574
0.552833
0.553091
0.553346
0.553601
0.553853
0.554104
0.554354
0.554602
0.554848
0.555093
0.555336
0.555578
0.555818
0.556057
0.556295
0.556531
0.556765
0.556998
0.557229
0.557459
0.557688
0.557915
0.558141
0.558365
0.558588
0.55881
0.55903
0.559249
0.559466
0.559683
0.559897
0.560111
0.560323
0.560534
0.560743
0.560951
0.561158
0.561363
0.561568
0.561771
0.561972
0.562173
0.562372
0.56257
0.562766
0.562962
0.563156
0.563349
0.563541
0.563731
0.56392
0.564109
0.564296
0.564481
0.564666
0.56485
0.565032
0.565213
0.565393
0.565572
0.56575
0.565926
0.566102
0.566276
0.566449
0.566622
0.566793
0.566963
0.567132
0.5673
0.567467
0.567632
0.567797
0.567961
0.568123
0.568285
0.568446
0.568605
0.568764
0.568921
0.569078
0.569233
0.569388
0.569542
0.569694
0.569846
0.569997
0.570146
0.570295
0.570443
0.57059
0.570736
0.570881
0.571025
0.571168
0.57131
0.571452
0.571592
0.571732
0.571871
0.572008
0.572145
0.572281
0.572417
0.572551
0.572684
0.572817
0.572949
0.57308
0.57321
0.573339
0.573468
0.573595
0.573722
0.573848
0.573973
0.574098
0.574221
0.574344
0.574466
0.574587
0.574708
0.574827
0.574946
0.575064
0.575182
0.575299
0.575414
0.57553
0.575644
0.575758
0.575871
0.575983
0.576094
0.576205
0.576315
0.576425
0.576533
0.576641
0.576749
0.576855
0.576961
0.577066
0.577171
0.577275
0.577378
0.577481
0.577582
0.577684
0.577784
0.577884
0.577984
0.578082
0.57818
0.578278
0.578374
0.578471
0.578566
0.578661
0.578755
0.578849
0.578942
0.579035
0.579126
0.579218
0.579308
0.579399
0.579488
0.579577
0.579665
0.579753
0.57984
0.579927
0.580013
0.580099
0.580184
0.580268
0.580352
0.580436
0.580518
0.580601
0.580683
0.580764
0.580844
0.580925
0.581004
0.581084
0.581162
0.58124
0.581318
0.581395
0.581472
0.581548
0.581623
0.581699
0.581773
0.581847
0.581921
0.581994
0.582067
0.582139
0.582211
0.582283
0.582353
0.582424
0.582494
0.582563
0.582632
0.582701
0.582769
0.582837
0.582904
0.582971
0.583037
0.583103
0.583169
0.583234
0.583299
0.583363
0.583427
0.58349
0.583553
0.583616
0.583678
0.58374
0.583802
0.583863
0.583923
0.583983
0.584043
0.584103
0.584162
0.58422
0.584279
0.584337
0.584394
0.584451
0.584508
0.584564
0.584621
0.584676
0.584732
0.584787
0.584841
0.584895
0.584949
0.585003
0.585056
0.585109
0.585161
0.585214
0.585265
0.585317
0.585368
0.585419
0.585469
0.585519
0.585569
0.585619
0.585668
0.585717
0.585765
0.585814
0.585861
0.585909
0.585956
0.586003
0.58605
0.586096
0.586142
0.586188
0.586234
0.586279
0.586324
0.586368
0.586413
0.586456
0.5865
0.586544
0.586587
0.58663
0.586672
0.586714
0.586757
0.586798
0.58684
0.586881
0.586922
0.586963
0.587003
0.587043
0.587083
0.587123
0.587162
0.587201
0.58724
0.587278
0.587317
0.587355
0.587393
0.58743
0.587468
0.587505
0.587542
0.587578
0.587615
0.587651
0.587687
0.587722
0.587758
0.587793
0.587828
0.587863
0.587897
0.587931
0.587965
0.587999
0.588033
0.588066
0.588099
0.588132
0.588165
0.588198
0.58823
0.588262
0.588294
0.588326
0.588357
0.588388
0.588419
0.58845
0.588481
0.588511
0.588542
0.588572
0.588602
0.588631
0.588661
0.58869
0.588719
0.588748
0.588777
0.588805
0.588834
0.588862
0.58889
0.588917
0.588945
0.588972
0.589
0.589027
0.589054
0.58908
0.589107
0.589133
0.589159
0.589185
0.589211
0.589237
0.589262
0.589288
0.589313
0.589338
0.589363
0.589387
0.589412
0.589436
0.58946
0.589484
0.589508
0.589532
0.589555
0.589579
0.589602
0.589625
0.589648
0.589671
0.589694
0.589716
0.589738
0.589761
0.589783
0.589805
0.589826
0.589848
0.589869
0.589891
0.589912
0.589933
0.589954
0.589975
0.589995
0.590016
0.590036
0.590057
0.590077
0.590097
0.590116
0.590136
0.590156
0.590175
0.590195
0.590214
0.590233
0.590252
0.590271
0.590289
0.590308
0.590326
0.590345
0.590363
0.590381
0.590399
0.590417
0.590434
0.590452
0.59047
0.590487
0.590504
0.590521
0.590538
0.590555
0.590572
0.590589
0.590606
0.590622
0.590638
0.590655
0.590671
0.590687
0.590703
0.590719
0.590734
0.59075
0.590766
0.590781
0.590796
0.590812
0.590827
0.590842
0.590857
0.590872
0.590886
0.590901
0.590916
0.59093
0.590944
0.590959
0.590973
0.590987
0.591001
0.591015
0.591029
0.591042
0.591056
0.591069
0.591083
0.591096
0.591109
0.591123
0.591136
0.591149
0.591162
0.591174
0.591187
0.5912
0.591212
0.591225
0.591237
0.59125
0.591262
0.591274
0.591286
0.591298
0.59131
0.591322
0.591334
0.591345
0.591357
0.591369
0.59138
0.591391
0.591403
0.591414
0.591425
0.591436
0.591447
0.591458
0.591469
0.59148
0.591491
0.591501
0.591512
0.591522
0.591533
0.591543
0.591554
0.591564
0.591574
0.591584
0.591594
0.591604
0.591614
0.591624
0.591634
0.591643
0.591653
0.591663
0.591672
0.591682
0.591691
0.5917
0.59171
0.591719
0.591728
0.591737
0.591746
0.591755
0.591764
0.591773
0.591782
0.59179
0.591799
0.591808
0.591816
0.591825
0.591833
0.591842
0.59185
0.591858
0.591867
0.591875
0.591883
0.591891
0.591899
0.591907
0.591915
0.591923
0.59193
0.591938
0.591946
0.591954
0.591961
0.591969
0.591976
0.591984
0.591991
0.591998
0.592006
0.592013
0.59202
0.592027
0.592035
0.592042
0.592049
0.592056
0.592063
0.592069
0.592076
0.592083
0.59209
0.592097
0.592103
0.59211
0.592116
0.592123
0.592129
0.592136
0.592142
0.592149
0.592155
0.592161
0.592167
0.592174
0.59218
0.592186
0.592192
0.592198
0.592204
0.59221
0.592216
0.592222
0.592228
0.592233
0.592239
0.592245
0.592251
0.592256
0.592262
0.592267
0.592273
0.592278
0.592284
0.592289
0.592295
0.5923
0.592305
0.592311
0.592316
0.592321
0.592326
0.592331
0.592337
0.592342
0.592347
0.592352
0.592357
0.592362
0.592366
0.592371
0.592376
0.592381
0.592386
0.592391
0.592395
0.5924
0.592405
0.592409
0.592414
0.592418
0.592423
0.592427
0.592432
0.592436
0.592441
0.592445
0.59245
0.592454
0.592458
0.592462
0.592467
0.592471
0.592475
0.592479
0.592483
0.592487
0.592492
0.592496
0.5925
0.592504
0.592508
0.592512
0.592515
0.592519
0.592523
0.592527
0.592531
0.592535
0.592538
0.592542
0.592546
0.59255
0.592553
0.592557
0.592561
0.592564
0.592568
0.592571
0.592575
0.592578
0.592582
0.592585
0.592589
0.592592
0.592595
0.592599
0.592602
0.592605
0.592609
0.592612
0.592615
0.592619
0.592622
0.592625
0.592628
0.592631
0.592634
0.592638
0.592641
0.592644
0.592647
0.59265
0.592653
0.592656
0.592659
0.592662
0.592665
0.592668
0.59267
0.592673
0.592676
0.592679
0.592682
0.592685
0.592687
0.59269
0.592693
0.592696
0.592698
0.592701
0.592704
0.592706
0.592709
0.592712
0.592714
0.592717
0.592719
0.592722
0.592724
0.592727
0.592729
0.592732
0.592734
0.592737
0.592739
0.592742
0.592744
0.592746
0.592749
0.592751
0.592753
0.592756
0.592758
0.59276
0.592763
0.592765
0.592767
0.592769
0.592772
0.592774
0.592776
0.592778
0.59278
0.592782
0.592785
0.592787
0.592789
0.592791
0.592793
0.592795
0.592797
0.592799
0.592801
0.592803
0.592805
0.592807
0.592809
0.592811
0.592813
0.592815
0.592817
0.592819
0.592821
0.592822
0.592824
0.592826
0.592828
0.59283
0.592832
0.592833
0.592835
0.592837
0.592839
0.592841
0.592842
0.592844
0.592846
0.592847
0.592849
0.592851
0.592853
0.592854
0.592856
0.592858
0.592859
0.592861
0.592862
0.592864
0.592866
0.592867
0.592869
0.59287
0.592872
0.592873
0.592875
0.592876
0.592878
0.592879
0.592881
0.592882
0.592884
0.592885
0.592887
0.592888
0.59289
0.592891
0.592892
0.592894
0.592895
0.592897
0.592898
0.592899
0.592901
0.592902
0.592903
0.592905
0.592906
0.592907
0.592909
0.59291
0.592911
0.592913
0.592914
0.592915
0.592916
0.592918
0.592919
0.59292
0.592921
0.592922
0.592924
0.592925
0.592926
0.592927
0.592928
0.59293
0.592931
0.592932
0.592933
0.592934
0.592935
0.592936
0.592938
0.592939
0.59294
0.592941
0.592942
0.592943
0.592944
0.592945
0.592946
0.592947
0.592948
0.592949
0.59295
0.592951
0.592952
0.592953
0.592954
0.592955
0.592956
0.592957
0.592958
0.592959
0.59296
0.592961
0.592962
0.592963
0.592964
0.592965
0.592966
0.592967
0.592968
0.592969
0.592969
0.59297
0.592971
0.592972
0.592973
0.592974
0.592975
0.592976
0.592976
0.592977
0.592978
0.592979
0.59298
0.592981
0.592981
0.592982
0.592983
0.592984
0.592985
0.592985
0.592986
0.592987
0.592988
0.592989
0.592989
0.59299
0.592991
0.592992
0.592992
0.592993
0.592994
0.592995
0.592995
0.592996
0.592997
0.592997
0.592998
0.592999
0.593
0.593
0.593001
0.593002
0.593002
0.593003
0.593004
0.593004
0.593005
0.593006
0.593006
0.593007
0.593008
0.593008
0.593009
0.593009
0.59301
0.593011
0.593011
0.593012
0.593013
0.593013
0.593014
0.593014
0.593015
0.593016
0.593016
0.593017
0.593017
0.593018
0.593018
0.593019
0.59302
0.59302
0.593021
0.593021
0.593022
0.593022
0.593023
0.593023
0.593024
0.593025
0.593025
0.593026
0.593026
0.593027
0.593027
0.593028
0.593028
0.593029
0.593029
0.59303
0.59303
0.593031
0.593031
0.593032
0.593032
0.593033
0.593033
0.593034
0.593034
0.593034
0.593035
0.593035
0.593036
0.593036
0.593037
0.593037
0.593038
0.593038
0.593039
0.593039
0.593039
0.59304
0.59304
0.593041
0.593041
0.593042
0.593042
0.593042
0.593043
0.593043
0.593044
0.593044
0.593044
0.593045
0.593045
0.593046
0.593046
0.593046
0.593047
0.593047
0.593047
0.593048
0.593048
0.593049
0.593049
0.593049
0.59305
0.59305
0.59305
0.593051
0.593051
0.593051
0.593052
0.593052
0.593053
0.593053
0.593053
0.593054
0.593054
0.593054
0.593055
0.593055
0.593055
0.593056
0.593056
0.593056
0.593057
0.593057
0.593057
0.593057
0.593058
0.593058
0.593058
0.593059
0.593059
0.593059
0.59306
0.59306
0.59306
0.59306
0.593061
0.593061
0.593061
0.593062
0.593062
0.593062
0.593062
0.593063
0.593063
0.593063
0.593064
0.593064
0.593064
0.593064
0.593065
0.593065
0.593065
0.593065
0.593066
0.593066
0.593066
0.593066
0.593067
0.593067
0.593067
0.593067
0.593068
0.593068
0.593068
0.593068
0.593069
0.593069
0.593069
0.593069
0.59307
0.59307
0.59307
0.59307
0.59307
0.593071
0.593071
0.593071
0.593071
0.593072
0.593072
0.593072
0.593072
0.593072
0.593073
0.593073
0.593073
0.593073
0.593074
0.593074
0.593074
0.593074
0.593074
0.593075
0.593075
0.593075
0.593075
0.593075
0.593075
0.593076
0.593076
0.593076
0.593076
0.593076
0.593077
0.593077
0.593077
0.593077
0.593077
0.593078
0.593078
0.593078
0.593078
0.593078
0.593078
0.593079
0.593079
0.593079
0.593079
0.593079
0.593079
0.59308
0.59308
0.59308
0.59308
0.59308
0.59308
0.593081
0.593081
0.593081
0.593081
0.593081
0.593081
0.593081
0.593082
0.593082
0.593082
0.593082
0.593082
0.593082
0.593083
0.593083
0.593083
0.593083
0.593083
0.593083
0.593083
0.593084
0.593084
0.593084
0.593084
0.593084
0.593084
0.593084
0.593084
0.593085
0.593085
0.593085
0.593085
0.593085
0.593085
0.593085
0.593086
0.593086
0.593086
0.593086
0.593086
0.593086
0.593086
0.593086
0.593086
0.593087
0.593087
0.593087
0.593087
0.593087
0.593087
0.593087
0.593087
0.593088
0.593088
0.593088
0.593088
0.593088
0.593088
0.593088
0.593088
0.593088
0.593089
0.593089
0.593089
0.593089
0.593089
0.593089
0.593089
0.593089
0.593089
0.593089
0.59309
0.59309
0.59309
0.59309
0.59309
0.59309
0.59309
0.59309
0.59309
0.59309
0.59309
0.593091
0.593091
0.593091
0.593091
0.593091
0.593091
0.593091
0.593091
0.593091
0.593091
0.593091
0.593092
0.593092
0.593092
0.593092
0.593092
0.593092
0.593092
0.593092
0.593092
0.593092
0.593092
0.593092
0.593093
0.593093
0.593093
0.593093
0.593093
0.593093
0.593093
0.593093
0.593093
0.593093
0.593093
0.593093
0.593093
0.593094
0.593094
0.593094
0.593094
0.593094
0.593094
0.593094
0.593094
0.593094
0.593094
0.593094
0.593094
0.593094
0.593094
0.593094
0.593095
0.593095
0.593095
0.593095
0.593095
0.593095
0.593095
0.593095
0.593095
0.593095
0.593095
0.593095
0.593095
0.593095
0.593095
0.593095
0.593096
0.593096
0.593096
0.593096
0.593096
0.593096
0.593096
0.593096
0.593096
0.593096
0.593096
0.593096
0.593096
0.593096
0.593096
0.593096
0.593096
0.593097
0.593097
0.593097
0.593097
0.593097
0.593097
0.593097
0.593097
0.593097
0.593097
0.593097
0.593097
0.593097
0.593097
0.593097
0.593097
0.593097
0.593097
0.593097
0.593097
0.593097
0.593098
0.593098
0.593098
0.593098
0.593098
0.593098
0.593098
0.593098
0.593098
0.593098
0.593098
0.593098
0.593098
0.593098
0.593098
0.593098
0.593098
0.593098
0.593098
0.593098
0.593098
0.593098
0.593098
0.593099
0.593099
0.593099
0.593099
0.593099
0.593099
0.593099
0.593099
0.593099
0.593099
0.593099
0.593099
0.593099
0.593099
0.593099
0.593099
0.593099
0.593099
0.593099
0.593099
0.593099
0.593099
0.593099
0.593099
0.593099
0.593099
0.593099
0.593099
0.5931
0.5931
0.5931
0.5931
0.5931
0.5931
0.5931
0.5931
0.5931
0.5931
0.5931
0.5931
0.5931
0.5931
0.5931
0.5931
0.5931
0.5931
0.5931
0.5931
0.5931
0.5931
0.5931
0.5931
0.5931
0.5931
0.5931
0.5931
0.5931
0.5931
0.5931
0.5931
0.5931
0.5931
0.593101
0.593101
0.593101
0.593101
0.593101
0.593101
0.593101
0.593101
0.593101
0.593101
0.593101
0.593101
0.593101
0.593101
0.593101
0.593101
0.593101
0.593101
0.593101
0.593101
0.593101
0.593101
0.593101
0.593101
0.593101
0.593101
0.593101
0.593101
0.593101
0.593101
0.593101
0.593101
0.593101
0.593101
0.593101
0.593101
0.593101
0.593101
0.593101
0.593101
0.593101
0.593101
0.593101
0.593101
0.593102
0.593102
0.593102
0.593102
0.593102
0.593102
0.593102
0.593102
0.593102
0.593102
0.593102
0.593102
0.593102
0.593102
0.593102
0.593102
0.593102
0.593102
0.593102
0.593102
0.593102
0.593102
0.593102
0.593102
0.593102
0.593102
0.593102
0.593102
0.593102
0.593102
0.593102
0.593102
0.593102
0.593102
0.593102
0.593102
0.593102
0.593102
0.593102
0.593102
0.593102
0.593102
0.593102
0.593102
0.593102
0.593102
0.593102
0.593102
0.593102
0.593102
0.593102
0.593102
0.593102
0.593102
0.593102
0.593102
0.593102
0.593102
0.593102
0.593102
0.593102
0.593102
0.593102
0.593103
0.593103
0.593103
0.593103
0.593103
0.593103
0.593103
0.593103
0.593103
0.593103
0.593103
0.593103
0.593103
0.593103
0.593103
0.593103
0.593103
0.593103
0.593103
0.593103
0.593103
0.593103
0.593103
0.593103
0.593103
0.593103
0.593103
0.593103
0.593103
0.593103
0.593103
0.593103
0.593103
0.593103
0.593103
0.593103
0.593103
0.593103
0.593103
0.593103
0.593103
0.593103
0.593103
0.593103
0.593103
0.593103
0.593103
0.593103
0.593103
0.593103
0.593103
0.593103
0.593103
0.593103
0.593103
0.593103
0.593103
0.593103
0.593103
0.593103
0.593103
0.593103
0.593103
0.593103
0.593103
0.593103
0.593103
0.593103
0.593103
0.593103
0.593103
0.593103
0.593103
0.593103
0.593103
0.593103
0.593103
0.593103
0.593103
0.593103
0.593103
0.593103
0.593103
0.593103
0.593103
0.593103
0.593103
0.593103
0.593103
0.593103
0.593103
0.593103
0.593103
0.593103
0.593103
0.593103
0.593103
0.593103
0.593103
0.593103
0.593103
0.593103
0.593103
0.593103
0.593103
0.593103
0.593103
0.593103
0.593103
0.593103
0.593104
0.593104
0.593104
0.593104
0.593104
0.593104
0.593104
0.593104
0.593104
0.593104
0.593104
0.593104
0.593104
0.593104
0.593104
0.593104
0.593104
0.593104
0.593104
0.593104
0.593104
0.593104
0.593104
0.593104
0.593104
0.593104
0.593104
0.593104
0.593104
0.593104
0.593104
0.593104
0.593104
0.593104
0.593104
0.593104
0.593104
0.593104
0.593104
0.593104
0.593104
0.593104
0.593104
0.593104
0.593104
0.593104
0.593104
0.593104
0.593104
0.593104
0.593104
0.593104
0.593104
0.593104
0.593104
0.593104
0.593104
0.593104
0.593104
0.593104
0.593104
0.593104
0.593104
0.593104
0.593104
0.593104
0.593104
0.593104
0.593104
0.593104
0.593104
0.593104
0.593104
0.593104
0.593104
0.593104
0.593104
0.593104
0.593104
0.593104
0.593104
0.593104
0.593104
0.593104
0.593104
0.593104
0.593104
0.593104
0.593104
0.593104
0.593104
0.593104
0.593104
0.593104
0.593104
0.593104
0.593104
0.593104
0.593104
0.593104
0.593104
0.593104
0.593104
