1e+08	0	3e+07
1e+08	0	3e+07
1e+08	0	3e+07
1e+08	0	3e+07
1e+08	0	3e+07
1e+08	0	3e+07
1e+08	0	3e+07
1e+08	0	3e+07
1e+08	0	3e+07
1e+08	0	3e+07
1.00005e+08	0	2.99933e+07
1.0004e+08	0	2.99516e+07
1.00074e+08	0	2.99099e+07
1.00109e+08	0	2.98683e+07
1.00143e+08	0	2.98267e+07
1.00178e+08	0	2.97852e+07
1.00213e+08	0	2.97438e+07
1.00248e+08	0	2.97024e+07
1.00282e+08	0	2.96611e+07
1.00317e+08	0	2.96198e+07
1.00353e+08	0	2.95786e+07
1.00388e+08	0	2.95375e+07
1.00423e+08	0	2.94964e+07
1.00458e+08	0	2.94554e+07
1.00494e+08	0	2.94144e+07
1.00529e+08	0	2.93735e+07
1.00565e+08	0	2.93327e+07
1.00601e+08	0	2.92919e+07
1.00637e+08	0	2.92512e+07
1.00672e+08	0	2.92105e+07
1.00708e+08	0	2.91699e+07
1.00744e+08	0	2.91293e+07
1.0078e+08	0	2.90888e+07
1.00817e+08	0	2.90484e+07
1.00853e+08	0	2.9008e+07
1.00889e+08	0	2.89677e+07
1.00926e+08	0	2.89274e+07
1.00962e+08	0	2.88872e+07
1.00999e+08	0	2.88471e+07
1.01035e+08	0	2.8807e+07
1.01072e+08	0	2.87669e+07
1.01109e+08	0	2.8727e+07
1.01146e+08	0	2.8687e+07
1.01183e+08	0	2.86472e+07
1.0122e+08	0	2.86074e+07
1.01257e+08	0	2.85676e+07
1.01294e+08	0	2.85279e+07
1.01331e+08	0	2.84883e+07
1.01368e+08	0	2.84487e+07
1.01406e+08	0	2.84092e+07
1.01443e+08	0	2.83697e+07
1.01481e+08	0	2.83303e+07
1.01518e+08	0	2.82909e+07
1.01556e+08	0	2.82516e+07
1.01593e+08	0	2.82124e+07
1.01631e+08	0	2.81732e+07
1.01669e+08	0	2.8134e+07
1.01707e+08	0	2.8095e+07
1.01745e+08	0	2.80559e+07
1.01783e+08	0	2.8017e+07
1.01821e+08	0	2.79781e+07
1.01859e+08	0	2.79392e+07
1.01897e+08	0	2.79004e+07
1.01935e+08	0	2.78616e+07
1.01974e+08	0	2.7823e+07
1.02012e+08	0	2.77843e+07
1.02051e+08	0	2.77457e+07
1.02089e+08	0	2.77072e+07
1.02128e+08	0	2.76687e+07
1.02166e+08	0	2.76303e+07
1.02205e+08	0	2.75919e+07
1.02244e+08	0	2.75536e+07
1.02282e+08	0	2.75154e+07
1.02321e+08	0	2.74772e+07
1.0236e+08	0	2.7439e+07
1.02399e+08	0	2.74009e+07
1.02438e+08	0	2.73629e+07
1.02477e+08	0	2.73249e+07
1.02516e+08	0	2.7287e+07
1.02555e+08	0	2.72491e+07
1.02595e+08	0	2.72113e+07
1.02634e+08	0	2.71735e+07
1.02673e+08	0	2.71358e+07
1.02713e+08	0	2.70981e+07
1.02752e+08	0	2.70605e+07
1.02791e+08	0	2.70229e+07
1.02831e+08	0	2.69854e+07
1.0287e+08	0	2.6948e+07
1.0291e+08	0	2.69106e+07
1.0295e+08	0	2.68732e+07
1.02989e+08	0	2.68359e+07
1.03029e+08	0	2.67987e+07
1.03069e+08	0	2.67615e+07
1.03109e+08	0	2.67243e+07
1.03149e+08	0	2.66873e+07
1.03189e+08	0	2.66502e+07
1.03228e+08	0	2.66132e+07
1.03268e+08	0	2.65763e+07
1.03309e+08	0	2.65394e+07
1.03349e+08	0	2.65026e+07
1.03389e+08	0	2.64658e+07
1.03429e+08	0	2.64291e+07
1.03469e+08	0	2.63924e+07
1.03509e+08	0	2.63558e+07
1.0355e+08	0	2.63192e+07
1.0359e+08	0	2.62827e+07
1.0363e+08	0	2.62463e+07
1.03671e+08	0	2.62099e+07
1.03711e+08	0	2.61735e+07
1.03752e+08	0	2.61372e+07
1.03792e+08	0	2.61009e+07
1.03833e+08	0	2.60647e+07
1.03873e+08	0	2.60285e+07
1.03914e+08	0	2.59924e+07
1.03955e+08	0	2.59564e+07
1.03995e+08	0	2.59204e+07
1.04036e+08	0	2.58844e+07
1.04077e+08	0	2.58485e+07
1.04118e+08	0	2.58126e+07
1.04159e+08	0	2.57768e+07
1.042e+08	0	2.57411e+07
1.0424e+08	0	2.57054e+07
1.04281e+08	0	2.56697e+07
1.04322e+08	0	2.56341e+07
1.04363e+08	0	2.55986e+07
1.04404e+08	0	2.5563e+07
1.04445e+08	0	2.55276e+07
1.04487e+08	0	2.54922e+07
1.04528e+08	0	2.54568e+07
1.04569e+08	0	2.54215e+07
1.0461e+08	0	2.53863e+07
1.04651e+08	0	2.5351e+07
1.04692e+08	0	2.53159e+07
1.04734e+08	0	2.52808e+07
1.04775e+08	0	2.52457e+07
1.04816e+08	0	2.52107e+07
1.04858e+08	0	2.51757e+07
1.04899e+08	0	2.51408e+07
1.0494e+08	0	2.51059e+07
1.04982e+08	0	2.50711e+07
1.05023e+08	0	2.50364e+07
1.05065e+08	0	2.50016e+07
1.05106e+08	0	2.4967e+07
1.05148e+08	0	2.49323e+07
1.05189e+08	0	2.48978e+07
1.05231e+08	0	2.48632e+07
1.05272e+08	0	2.48288e+07
1.05314e+08	0	2.47943e+07
1.05356e+08	0	2.47599e+07
1.05397e+08	0	2.47256e+07
1.05439e+08	0	2.46913e+07
1.05481e+08	0	2.46571e+07
1.05522e+08	0	2.46229e+07
1.05564e+08	0	2.45887e+07
1.05606e+08	0	2.45546e+07
1.05648e+08	0	2.45206e+07
1.05689e+08	0	2.44866e+07
1.05731e+08	0	2.44526e+07
1.05773e+08	0	2.44187e+07
1.05815e+08	0	2.43849e+07
1.05857e+08	0	2.43511e+07
1.05899e+08	0	2.43173e+07
1.05941e+08	0	2.42836e+07
1.05982e+08	0	2.42499e+07
1.06024e+08	0	2.42163e+07
1.06066e+08	0	2.41827e+07
1.06108e+08	0	2.41492e+07
1.0615e+08	0	2.41157e+07
1.06192e+08	0	2.40822e+07
1.06234e+08	0	2.40488e+07
1.06276e+08	0	2.40155e+07
1.06318e+08	0	2.39822e+07
1.0636e+08	0	2.39489e+07
1.06402e+08	0	2.39157e+07
1.06444e+08	0	2.38826e+07
1.06486e+08	0	2.38495e+07
1.06529e+08	0	2.38164e+07
1.06571e+08	0	2.37834e+07
1.06613e+08	0	2.37504e+07
1.06655e+08	0	2.37175e+07
1.06697e+08	0	2.36846e+07
1.06739e+08	0	2.36517e+07
1.06781e+08	0	2.36189e+07
1.06823e+08	0	2.35862e+07
1.06866e+08	0	2.35535e+07
1.06908e+08	0	2.35208e+07
1.0695e+08	0	2.34882e+07
1.06992e+08	0	2.34556e+07
1.07034e+08	0	2.34231e+07
1.07077e+08	0	2.33906e+07
1.07119e+08	0	2.33582e+07
1.07161e+08	0	2.33258e+07
1.07203e+08	0	2.32935e+07
1.07246e+08	0	2.32612e+07
1.07288e+08	0	2.32289e+07
1.0733e+08	0	2.31967e+07
1.07372e+08	0	2.31646e+07
1.07415e+08	0	2.31324e+07
1.07457e+08	0	2.31004e+07
1.07499e+08	0	2.30683e+07
1.07541e+08	0	2.30363e+07
1.07584e+08	0	2.30044e+07
1.07626e+08	0	2.29725e+07
1.07668e+08	0	2.29406e+07
1.07711e+08	0	2.29088e+07
1.07753e+08	0	2.28771e+07
1.07795e+08	0	2.28454e+07
1.07837e+08	0	2.28137e+07
1.0788e+08	0	2.2782e+07
1.07922e+08	0	2.27505e+07
1.07964e+08	0	2.27189e+07
1.08007e+08	0	2.26874e+07
1.08049e+08	0	2.26559e+07
1.08091e+08	0	2.26245e+07
1.08134e+08	0	2.25932e+07
1.08176e+08	0	2.25618e+07
1.08218e+08	0	2.25305e+07
1.0826e+08	0	2.24993e+07
1.08303e+08	0	2.24681e+07
1.08345e+08	0	2.24369e+07
1.08387e+08	0	2.24058e+07
1.0843e+08	0	2.23748e+07
1.08472e+08	0	2.23437e+07
1.08514e+08	0	2.23128e+07
1.08557e+08	0	2.22818e+07
1.08599e+08	0	2.22509e+07
1.08641e+08	0	2.22201e+07
1.08683e+08	0	2.21893e+07
1.08726e+08	0	2.21585e+07
1.08768e+08	0	2.21278e+07
1.0881e+08	0	2.20971e+07
1.08853e+08	0	2.20664e+07
1.08895e+08	0	2.20358e+07
1.08937e+08	0	2.20053e+07
1.08979e+08	0	2.19748e+07
1.09022e+08	0	2.19443e+07
1.09064e+08	0	2.19138e+07
1.09106e+08	0	2.18835e+07
1.09148e+08	0	2.18531e+07
1.09191e+08	0	2.18228e+07
1.09233e+08	0	2.17925e+07
1.09275e+08	0	2.17623e+07
1.09317e+08	0	2.17321e+07
1.09359e+08	0	2.1702e+07
1.09402e+08	0	2.16719e+07
1.09444e+08	0	2.16418e+07
1.09486e+08	0	2.16118e+07
1.09528e+08	0	2.15819e+07
1.0957e+08	0	2.15519e+07
1.09612e+08	0	2.1522e+07
1.09655e+08	0	2.14922e+07
1.09697e+08	0	2.14624e+07
1.09739e+08	0	2.14326e+07
1.09781e+08	0	2.14029e+07
1.09823e+08	0	2.13732e+07
1.09865e+08	0	2.13436e+07
1.09907e+08	0	2.13139e+07
1.09949e+08	0	2.12844e+07
1.09991e+08	0	2.12549e+07
1.10034e+08	0	2.12254e+07
1.10076e+08	0	2.11959e+07
1.10118e+08	0	2.11665e+07
1.1016e+08	0	2.11372e+07
1.10202e+08	0	2.11079e+07
1.10244e+08	0	2.10786e+07
1.10286e+08	0	2.10493e+07
1.10328e+08	0	2.10202e+07
1.1037e+08	0	2.0991e+07
1.10412e+08	0	2.09619e+07
1.10454e+08	0	2.09328e+07
1.10495e+08	0	2.09038e+07
1.10537e+08	0	2.08748e+07
1.10579e+08	0	2.08458e+07
1.10621e+08	0	2.08169e+07
1.10663e+08	0	2.0788e+07
1.10705e+08	0	2.07592e+07
1.10747e+08	0	2.07304e+07
1.10789e+08	0	2.07016e+07
1.1083e+08	0	2.06729e+07
1.10872e+08	0	2.06442e+07
1.10914e+08	0	2.06156e+07
1.10956e+08	0	2.0587e+07
1.10998e+08	0	2.05584e+07
1.11039e+08	0	2.05299e+07
1.11081e+08	0	2.05014e+07
1.11123e+08	0	2.0473e+07
1.11165e+08	0	2.04446e+07
1.11206e+08	0	2.04162e+07
1.11248e+08	0	2.03879e+07
1.1129e+08	0	2.03596e+07
1.11331e+08	0	2.03313e+07
1.11373e+08	0	2.03031e+07
1.11414e+08	0	2.0275e+07
1.11456e+08	0	2.02468e+07
1.11498e+08	0	2.02187e+07
1.11539e+08	0	2.01907e+07
1.11581e+08	0	2.01627e+07
1.11622e+08	0	2.01347e+07
1.11664e+08	0	2.01068e+07
1.11705e+08	0	2.00789e+07
1.11747e+08	0	2.0051e+07
1.11788e+08	0	2.00232e+07
1.1183e+08	0	1.99954e+07
1.11871e+08	0	1.99676e+07
1.11912e+08	0	1.99399e+07
1.11954e+08	0	1.99123e+07
1.11995e+08	0	1.98846e+07
1.12036e+08	0	1.9857e+07
1.12078e+08	0	1.98295e+07
1.12119e+08	0	1.9802e+07
1.1216e+08	0	1.97745e+07
1.12201e+08	0	1.9747e+07
1.12243e+08	0	1.97196e+07
1.12284e+08	0	1.96923e+07
1.12325e+08	0	1.96649e+07
1.12366e+08	0	1.96376e+07
1.12407e+08	0	1.96104e+07
1.12449e+08	0	1.95832e+07
1.1249e+08	0	1.9556e+07
1.12531e+08	0	1.95288e+07
1.12572e+08	0	1.95017e+07
1.12613e+08	0	1.94747e+07
1.12654e+08	0	1.94476e+07
1.12695e+08	0	1.94206e+07
1.12736e+08	0	1.93937e+07
1.12777e+08	0	1.93668e+07
1.12818e+08	0	1.93399e+07
1.12859e+08	0	1.9313e+07
1.129e+08	0	1.92862e+07
1.1294e+08	0	1.92594e+07
1.12981e+08	0	1.92327e+07
1.13022e+08	0	1.9206e+07
1.13063e+08	0	1.91794e+07
1.13104e+08	0	1.91527e+07
1.13144e+08	0	1.91261e+07
1.13185e+08	0	1.90996e+07
1.13226e+08	0	1.90731e+07
1.13267e+08	0	1.90466e+07
1.13307e+08	0	1.90201e+07
1.13348e+08	0	1.89937e+07
1.13388e+08	0	1.89674e+07
1.13429e+08	0	1.8941e+07
1.1347e+08	0	1.89147e+07
1.1351e+08	0	1.88885e+07
1.13551e+08	0	1.88623e+07
1.13591e+08	0	1.88361e+07
1.13632e+08	0	1.88099e+07
1.13672e+08	0	1.87838e+07
1.13712e+08	0	1.87577e+07
1.13753e+08	0	1.87317e+07
1.13793e+08	0	1.87057e+07
1.13833e+08	0	1.86797e+07
1.13874e+08	0	1.86537e+07
1.13914e+08	0	1.86278e+07
1.13954e+08	0	1.8602e+07
1.13995e+08	0	1.85761e+07
1.14035e+08	0	1.85503e+07
1.14075e+08	0	1.85246e+07
1.14115e+08	0	1.84989e+07
1.14155e+08	0	1.84732e+07
1.14195e+08	0	1.84475e+07
1.14235e+08	0	1.84219e+07
1.14275e+08	0	1.83963e+07
1.14315e+08	0	1.83707e+07
1.14355e+08	0	1.83452e+07
1.14395e+08	0	1.83198e+07
1.14435e+08	0	1.82943e+07
1.14475e+08	0	1.82689e+07
1.14515e+08	0	1.82435e+07
1.14555e+08	0	1.82182e+07
1.14595e+08	0	1.81929e+07
1.14635e+08	0	1.81676e+07
1.14674e+08	0	1.81424e+07
1.14714e+08	0	1.81172e+07
1.14754e+08	0	1.8092e+07
1.14793e+08	0	1.80669e+07
1.14833e+08	0	1.80418e+07
1.14873e+08	0	1.80167e+07
1.14912e+08	0	1.79917e+07
1.14952e+08	0	1.79667e+07
1.14992e+08	0	1.79417e+07
1.15031e+08	0	1.79168e+07
1.15071e+08	0	1.78919e+07
1.1511e+08	0	1.78671e+07
1.15149e+08	0	1.78422e+07
1.15189e+08	0	1.78174e+07
1.15228e+08	0	1.77927e+07
1.15267e+08	0	1.7768e+07
1.15307e+08	0	1.77433e+07
1.15346e+08	0	1.77186e+07
1.15385e+08	0	1.7694e+07
1.15425e+08	0	1.76694e+07
1.15464e+08	0	1.76449e+07
1.15503e+08	0	1.76204e+07
1.15542e+08	0	1.75959e+07
1.15581e+08	0	1.75714e+07
1.1562e+08	0	1.7547e+07
1.15659e+08	0	1.75226e+07
1.15698e+08	0	1.74983e+07
1.15737e+08	0	1.74739e+07
1.15776e+08	0	1.74497e+07
1.15815e+08	0	1.74254e+07
1.15854e+08	0	1.74012e+07
1.15893e+08	0	1.7377e+07
1.15932e+08	0	1.73529e+07
1.1597e+08	0	1.73287e+07
1.16009e+08	0	1.73047e+07
1.16048e+08	0	1.72806e+07
1.16087e+08	0	1.72566e+07
1.16125e+08	0	1.72326e+07
1.16164e+08	0	1.72087e+07
1.16203e+08	0	1.71847e+07
1.16241e+08	0	1.71608e+07
1.1628e+08	0	1.7137e+07
1.16318e+08	0	1.71132e+07
1.16357e+08	0	1.70894e+07
1.16395e+08	0	1.70656e+07
1.16434e+08	0	1.70419e+07
1.16472e+08	0	1.70182e+07
1.1651e+08	0	1.69946e+07
1.16549e+08	0	1.69709e+07
1.16587e+08	0	1.69473e+07
1.16625e+08	0	1.69238e+07
1.16663e+08	0	1.69002e+07
1.16702e+08	0	1.68768e+07
1.1674e+08	0	1.68533e+07
1.16778e+08	0	1.68299e+07
1.16816e+08	0	1.68065e+07
1.16854e+08	0	1.67831e+07
1.16892e+08	0	1.67598e+07
1.1693e+08	0	1.67365e+07
1.16968e+08	0	1.67132e+07
1.17006e+08	0	1.66899e+07
1.17044e+08	0	1.66667e+07
1.17082e+08	0	1.66436e+07
1.1712e+08	0	1.66204e+07
1.17157e+08	0	1.65973e+07
1.17195e+08	0	1.65742e+07
1.17233e+08	0	1.65512e+07
1.17271e+08	0	1.65282e+07
1.17308e+08	0	1.65052e+07
1.17346e+08	0	1.64822e+07
1.17384e+08	0	1.64593e+07
1.17421e+08	0	1.64364e+07
1.17459e+08	0	1.64135e+07
1.17496e+08	0	1.63907e+07
1.17534e+08	0	1.63679e+07
1.17571e+08	0	1.63452e+07
1.17608e+08	0	1.63224e+07
1.17646e+08	0	1.62997e+07
1.17683e+08	0	1.6277e+07
1.1772e+08	0	1.62544e+07
1.17758e+08	0	1.62318e+07
1.17795e+08	0	1.62092e+07
1.17832e+08	0	1.61867e+07
1.17869e+08	0	1.61642e+07
1.17906e+08	0	1.61417e+07
1.17944e+08	0	1.61192e+07
1.17981e+08	0	1.60968e+07
1.18018e+08	0	1.60744e+07
1.18055e+08	0	1.6052e+07
1.18092e+08	0	1.60297e+07
1.18129e+08	0	1.60074e+07
1.18165e+08	0	1.59851e+07
1.18202e+08	0	1.59629e+07
1.18239e+08	0	1.59407e+07
1.18276e+08	0	1.59185e+07
1.18313e+08	0	1.58964e+07
1.18349e+08	0	1.58742e+07
1.18386e+08	0	1.58522e+07
1.18423e+08	0	1.58301e+07
1.18459e+08	0	1.58081e+07
1.18496e+08	0	1.57861e+07
1.18532e+08	0	1.57641e+07
1.18569e+08	0	1.57422e+07
1.18605e+08	0	1.57203e+07
1.18642e+08	0	1.56984e+07
1.18678e+08	0	1.56765e+07
1.18715e+08	0	1.56547e+07
1.18751e+08	0	1.56329e+07
1.18787e+08	0	1.56112e+07
1.18823e+08	0	1.55895e+07
1.1886e+08	0	1.55678e+07
1.18896e+08	0	1.55461e+07
1.18932e+08	0	1.55245e+07
1.18968e+08	0	1.55028e+07
1.19004e+08	0	1.54813e+07
1.1904e+08	0	1.54597e+07
1.19076e+08	0	1.54382e+07
1.19112e+08	0	1.54167e+07
1.19148e+08	0	1.53953e+07
1.19184e+08	0	1.53738e+07
1.1922e+08	0	1.53524e+07
1.19256e+08	0	1.53311e+07
1.19292e+08	0	1.53097e+07
1.19327e+08	0	1.52884e+07
1.19363e+08	0	1.52671e+07
1.19399e+08	0	1.52459e+07
1.19434e+08	0	1.52246e+07
1.1947e+08	0	1.52034e+07
1.19506e+08	0	1.51823e+07
1.19541e+08	0	1.51611e+07
1.19577e+08	0	1.514e+07
1.19612e+08	0	1.5119e+07
1.19648e+08	0	1.50979e+07
1.19683e+08	0	1.50769e+07
1.19718e+08	0	1.50559e+07
1.19754e+08	0	1.50349e+07
1.19789e+08	0	1.5014e+07
1.19824e+08	0	1.49931e+07
1.1986e+08	0	1.49722e+07
1.19895e+08	0	1.49514e+07
1.1993e+08	0	1.49305e+07
1.19965e+08	0	1.49098e+07
1.2e+08	0	1.4889e+07
1.20035e+08	0	1.48683e+07
1.2007e+08	0	1.48476e+07
1.20105e+08	0	1.48269e+07
1.2014e+08	0	1.48062e+07
1.20175e+08	0	1.47856e+07
1.2021e+08	0	1.4765e+07
1.20245e+08	0	1.47444e+07
1.20279e+08	0	1.47239e+07
1.20314e+08	0	1.47034e+07
1.20349e+08	0	1.46829e+07
1.20383e+08	0	1.46625e+07
1.20418e+08	0	1.46421e+07
1.20453e+08	0	1.46217e+07
1.20487e+08	0	1.46013e+07
1.20522e+08	0	1.4581e+07
1.20556e+08	0	1.45606e+07
1.20591e+08	0	1.45404e+07
1.20625e+08	0	1.45201e+07
1.2066e+08	0	1.44999e+07
1.20694e+08	0	1.44797e+07
1.20728e+08	0	1.44595e+07
1.20763e+08	0	1.44394e+07
1.20797e+08	0	1.44192e+07
1.20831e+08	0	1.43992e+07
1.20865e+08	0	1.43791e+07
1.20899e+08	0	1.43591e+07
1.20933e+08	0	1.43391e+07
1.20967e+08	0	1.43191e+07
1.21001e+08	0	1.42991e+07
1.21035e+08	0	1.42792e+07
1.21069e+08	0	1.42593e+07
1.21103e+08	0	1.42394e+07
1.21137e+08	0	1.42196e+07
1.21171e+08	0	1.41998e+07
1.21205e+08	0	1.418e+07
1.21239e+08	0	1.41602e+07
1.21272e+08	0	1.41405e+07
1.21306e+08	0	1.41208e+07
1.2134e+08	0	1.41011e+07
1.21373e+08	0	1.40815e+07
1.21407e+08	0	1.40619e+07
1.2144e+08	0	1.40423e+07
1.21474e+08	0	1.40227e+07
1.21507e+08	0	1.40031e+07
1.21541e+08	0	1.39836e+07
1.21574e+08	0	1.39641e+07
1.21607e+08	0	1.39447e+07
1.21641e+08	0	1.39252e+07
1.21674e+08	0	1.39058e+07
1.21707e+08	0	1.38864e+07
1.2174e+08	0	1.38671e+07
1.21774e+08	0	1.38478e+07
1.21807e+08	0	1.38285e+07
1.2184e+08	0	1.38092e+07
1.21873e+08	0	1.37899e+07
1.21906e+08	0	1.37707e+07
1.21939e+08	0	1.37515e+07
1.21972e+08	0	1.37323e+07
1.22005e+08	0	1.37132e+07
1.22038e+08	0	1.36941e+07
1.2207e+08	0	1.3675e+07
1.22103e+08	0	1.36559e+07
1.22136e+08	0	1.36369e+07
1.22169e+08	0	1.36179e+07
1.22201e+08	0	1.35989e+07
1.22234e+08	0	1.35799e+07
1.22267e+08	0	1.3561e+07
1.22299e+08	0	1.35421e+07
1.22332e+08	0	1.35232e+07
1.22364e+08	0	1.35044e+07
1.22397e+08	0	1.34855e+07
1.22429e+08	0	1.34667e+07
1.22462e+08	0	1.34479e+07
1.22494e+08	0	1.34292e+07
1.22526e+08	0	1.34105e+07
1.22559e+08	0	1.33918e+07
1.22591e+08	0	1.33731e+07
1.22623e+08	0	1.33544e+07
1.22655e+08	0	1.33358e+07
1.22687e+08	0	1.33172e+07
1.22719e+08	0	1.32986e+07
1.22751e+08	0	1.32801e+07
1.22783e+08	0	1.32616e+07
1.22815e+08	0	1.32431e+07
1.22847e+08	0	1.32246e+07
1.22879e+08	0	1.32062e+07
1.22911e+08	0	1.31877e+07
1.22943e+08	0	1.31693e+07
1.22975e+08	0	1.3151e+07
1.23007e+08	0	1.31326e+07
1.23038e+08	0	1.31143e+07
1.2307e+08	0	1.3096e+07
1.23102e+08	0	1.30778e+07
1.23133e+08	0	1.30595e+07
1.23165e+08	0	1.30413e+07
1.23196e+08	0	1.30231e+07
1.23228e+08	0	1.30049e+07
1.23259e+08	0	1.29868e+07
1.23291e+08	0	1.29687e+07
1.23322e+08	0	1.29506e+07
1.23354e+08	0	1.29325e+07
1.23385e+08	0	1.29145e+07
1.23416e+08	0	1.28965e+07
1.23447e+08	0	1.28785e+07
1.23479e+08	0	1.28605e+07
1.2351e+08	0	1.28426e+07
1.23541e+08	0	1.28246e+07
1.23572e+08	0	1.28067e+07
1.23603e+08	0	1.27889e+07
1.23634e+08	0	1.2771e+07
1.23665e+08	0	1.27532e+07
1.23696e+08	0	1.27354e+07
1.23727e+08	0	1.27176e+07
1.23758e+08	0	1.26999e+07
1.23789e+08	0	1.26822e+07
1.23819e+08	0	1.26645e+07
1.2385e+08	0	1.26468e+07
1.23881e+08	0	1.26292e+07
1.23912e+08	0	1.26115e+07
1.23942e+08	0	1.25939e+07
1.23973e+08	0	1.25764e+07
1.24003e+08	0	1.25588e+07
1.24034e+08	0	1.25413e+07
1.24064e+08	0	1.25238e+07
1.24095e+08	0	1.25063e+07
1.24125e+08	0	1.24888e+07
1.24156e+08	0	1.24714e+07
1.24186e+08	0	1.2454e+07
1.24216e+08	0	1.24366e+07
1.24247e+08	0	1.24193e+07
1.24277e+08	0	1.24019e+07
1.24307e+08	0	1.23846e+07
1.24337e+08	0	1.23673e+07
1.24368e+08	0	1.23501e+07
1.24398e+08	0	1.23328e+07
1.24428e+08	0	1.23156e+07
1.24458e+08	0	1.22984e+07
1.24488e+08	0	1.22812e+07
1.24518e+08	0	1.22641e+07
1.24548e+08	0	1.2247e+07
1.24577e+08	0	1.22299e+07
1.24607e+08	0	1.22128e+07
1.24637e+08	0	1.21957e+07
1.24667e+08	0	1.21787e+07
1.24697e+08	0	1.21617e+07
1.24726e+08	0	1.21447e+07
1.24756e+08	0	1.21278e+07
1.24786e+08	0	1.21108e+07
1.24815e+08	0	1.20939e+07
1.24845e+08	0	1.20771e+07
1.24874e+08	0	1.20602e+07
1.24904e+08	0	1.20433e+07
1.24933e+08	0	1.20265e+07
1.24963e+08	0	1.20097e+07
1.24992e+08	0	1.1993e+07
1.25021e+08	0	1.19762e+07
1.25051e+08	0	1.19595e+07
1.2508e+08	0	1.19428e+07
1.25109e+08	0	1.19261e+07
1.25138e+08	0	1.19095e+07
1.25167e+08	0	1.18928e+07
1.25197e+08	0	1.18762e+07
1.25226e+08	0	1.18596e+07
1.25255e+08	0	1.18431e+07
1.25284e+08	0	1.18265e+07
1.25313e+08	0	1.181e+07
1.25342e+08	0	1.17935e+07
1.25371e+08	0	1.1777e+07
1.25399e+08	0	1.17606e+07
1.25428e+08	0	1.17442e+07
1.25457e+08	0	1.17278e+07
1.25486e+08	0	1.17114e+07
1.25515e+08	0	1.1695e+07
1.25543e+08	0	1.16787e+07
1.25572e+08	0	1.16624e+07
1.25601e+08	0	1.16461e+07
1.25629e+08	0	1.16298e+07
1.25658e+08	0	1.16136e+07
1.25686e+08	0	1.15973e+07
1.25715e+08	0	1.15811e+07
1.25743e+08	0	1.1565e+07
1.25771e+08	0	1.15488e+07
1.258e+08	0	1.15327e+07
1.25828e+08	0	1.15166e+07
1.25856e+08	0	1.15005e+07
1.25885e+08	0	1.14844e+07
1.25913e+08	0	1.14684e+07
1.25941e+08	0	1.14523e+07
1.25969e+08	0	1.14363e+07
1.25997e+08	0	1.14204e+07
1.26025e+08	0	1.14044e+07
1.26054e+08	0	1.13885e+07
1.26082e+08	0	1.13725e+07
1.2611e+08	0	1.13567e+07
1.26137e+08	0	1.13408e+07
1.26165e+08	0	1.13249e+07
1.26193e+08	0	1.13091e+07
1.26221e+08	0	1.12933e+07
1.26249e+08	0	1.12775e+07
1.26277e+08	0	1.12618e+07
1.26304e+08	0	1.1246e+07
1.26332e+08	0	1.12303e+07
1.2636e+08	0	1.12146e+07
1.26387e+08	0	1.11989e+07
1.26415e+08	0	1.11833e+07
1.26442e+08	0	1.11677e+07
1.2647e+08	0	1.11521e+07
1.26497e+08	0	1.11365e+07
1.26525e+08	0	1.11209e+07
1.26552e+08	0	1.11054e+07
1.2658e+08	0	1.10898e+07
1.26607e+08	0	1.10743e+07
1.26634e+08	0	1.10589e+07
1.26662e+08	0	1.10434e+07
1.26689e+08	0	1.1028e+07
1.26716e+08	0	1.10126e+07
1.26743e+08	0	1.09972e+07
1.2677e+08	0	1.09818e+07
1.26797e+08	0	1.09664e+07
1.26824e+08	0	1.09511e+07
1.26851e+08	0	1.09358e+07
1.26878e+08	0	1.09205e+07
1.26905e+08	0	1.09052e+07
1.26932e+08	0	1.089e+07
1.26959e+08	0	1.08748e+07
1.26986e+08	0	1.08596e+07
1.27013e+08	0	1.08444e+07
1.2704e+08	0	1.08292e+07
1.27066e+08	0	1.08141e+07
1.27093e+08	0	1.0799e+07
1.2712e+08	0	1.07839e+07
1.27146e+08	0	1.07688e+07
1.27173e+08	0	1.07537e+07
1.272e+08	0	1.07387e+07
1.27226e+08	0	1.07237e+07
1.27253e+08	0	1.07087e+07
1.27279e+08	0	1.06937e+07
1.27306e+08	0	1.06788e+07
1.27332e+08	0	1.06638e+07
1.27358e+08	0	1.06489e+07
1.27385e+08	0	1.0634e+07
1.27411e+08	0	1.06192e+07
1.27437e+08	0	1.06043e+07
1.27464e+08	0	1.05895e+07
1.2749e+08	0	1.05747e+07
1.27516e+08	0	1.05599e+07
1.27542e+08	0	1.05451e+07
1.27568e+08	0	1.05304e+07
1.27594e+08	0	1.05156e+07
1.2762e+08	0	1.05009e+07
1.27646e+08	0	1.04862e+07
1.27672e+08	0	1.04716e+07
1.27698e+08	0	1.04569e+07
1.27724e+08	0	1.04423e+07
1.2775e+08	0	1.04277e+07
1.27776e+08	0	1.04131e+07
1.27801e+08	0	1.03985e+07
1.27827e+08	0	1.0384e+07
1.27853e+08	0	1.03695e+07
1.27879e+08	0	1.0355e+07
1.27904e+08	0	1.03405e+07
1.2793e+08	0	1.0326e+07
1.27955e+08	0	1.03116e+07
1.27981e+08	0	1.02972e+07
1.28006e+08	0	1.02828e+07
1.28032e+08	0	1.02684e+07
1.28057e+08	0	1.0254e+07
1.28083e+08	0	1.02397e+07
1.28108e+08	0	1.02253e+07
1.28134e+08	0	1.0211e+07
1.28159e+08	0	1.01967e+07
1.28184e+08	0	1.01825e+07
1.28209e+08	0	1.01682e+07
1.28235e+08	0	1.0154e+07
1.2826e+08	0	1.01398e+07
1.28285e+08	0	1.01256e+07
1.2831e+08	0	1.01114e+07
1.28335e+08	0	1.00973e+07
1.2836e+08	0	1.00832e+07
1.28385e+08	0	1.00691e+07
1.2841e+08	0	1.0055e+07
1.28435e+08	0	1.00409e+07
1.2846e+08	0	1.00269e+07
1.28485e+08	0	1.00128e+07
1.2851e+08	0	9.99881e+06
1.28535e+08	0	9.98482e+06
1.28559e+08	0	9.97085e+06
1.28584e+08	0	9.9569e+06
1.28609e+08	0	9.94296e+06
1.28634e+08	0	9.92905e+06
1.28658e+08	0	9.91515e+06
1.28683e+08	0	9.90128e+06
1.28707e+08	0	9.88742e+06
1.28732e+08	0	9.87358e+06
1.28757e+08	0	9.85977e+06
1.28781e+08	0	9.84597e+06
1.28805e+08	0	9.83219e+06
1.2883e+08	0	9.81843e+06
1.28854e+08	0	9.80468e+06
1.28879e+08	0	9.79096e+06
1.28903e+08	0	9.77726e+06
1.28927e+08	0	9.76357e+06
1.28952e+08	0	9.74991e+06
1.28976e+08	0	9.73626e+06
1.29e+08	0	9.72263e+06
1.29024e+08	0	9.70902e+06
1.29048e+08	0	9.69543e+06
1.29072e+08	0	9.68186e+06
1.29096e+08	0	9.66831e+06
1.2912e+08	0	9.65478e+06
1.29144e+08	0	9.64126e+06
1.29168e+08	0	9.62777e+06
1.29192e+08	0	9.61429e+06
1.29216e+08	0	9.60083e+06
1.2924e+08	0	9.58739e+06
1.29264e+08	0	9.57397e+06
1.29288e+08	0	9.56056e+06
1.29312e+08	0	9.54718e+06
1.29335e+08	0	9.53381e+06
1.29359e+08	0	9.52047e+06
1.29383e+08	0	9.50714e+06
1.29406e+08	0	9.49383e+06
1.2943e+08	0	9.48054e+06
1.29454e+08	0	9.46726e+06
1.29477e+08	0	9.45401e+06
1.29501e+08	0	9.44077e+06
1.29524e+08	0	9.42755e+06
1.29548e+08	0	9.41435e+06
1.29571e+08	0	9.40117e+06
1.29594e+08	0	9.38801e+06
1.29618e+08	0	9.37486e+06
1.29641e+08	0	9.36173e+06
1.29664e+08	0	9.34863e+06
1.29688e+08	0	9.33554e+06
1.29711e+08	0	9.32246e+06
1.29734e+08	0	9.30941e+06
1.29757e+08	0	9.29637e+06
1.29781e+08	0	9.28335e+06
1.29804e+08	0	9.27035e+06
1.29827e+08	0	9.25737e+06
1.2985e+08	0	9.24441e+06
1.29873e+08	0	9.23146e+06
1.29896e+08	0	9.21853e+06
1.29919e+08	0	9.20562e+06
1.29942e+08	0	9.19273e+06
1.29965e+08	0	9.17986e+06
1.29987e+08	0	9.167e+06
1.3001e+08	0	9.15416e+06
1.30033e+08	0	9.14134e+06
1.30056e+08	0	9.12854e+06
1.30079e+08	0	9.11575e+06
1.30101e+08	0	9.10298e+06
1.30124e+08	0	9.09023e+06
1.30147e+08	0	9.0775e+06
1.30169e+08	0	9.06479e+06
1.30192e+08	0	9.05209e+06
1.30214e+08	0	9.03941e+06
1.30237e+08	0	9.02675e+06
1.30259e+08	0	9.01411e+06
1.30282e+08	0	9.00148e+06
1.30304e+08	0	8.98887e+06
1.30327e+08	0	8.97628e+06
1.30349e+08	0	8.9637e+06
1.30371e+08	0	8.95115e+06
1.30394e+08	0	8.93861e+06
1.30416e+08	0	8.92609e+06
1.30438e+08	0	8.91358e+06
1.3046e+08	0	8.90109e+06
1.30483e+08	0	8.88862e+06
1.30505e+08	0	8.87617e+06
1.30527e+08	0	8.86374e+06
1.30549e+08	0	8.85132e+06
1.30571e+08	0	8.83892e+06
1.30593e+08	0	8.82653e+06
1.30615e+08	0	8.81417e+06
1.30637e+08	0	8.80182e+06
1.30659e+08	0	8.78949e+06
1.30681e+08	0	8.77717e+06
1.30703e+08	0	8.76487e+06
1.30725e+08	0	8.75259e+06
1.30747e+08	0	8.74033e+06
1.30768e+08	0	8.72808e+06
1.3079e+08	0	8.71585e+06
1.30812e+08	0	8.70364e+06
1.30834e+08	0	8.69144e+06
1.30855e+08	0	8.67927e+06
1.30877e+08	0	8.6671e+06
1.30898e+08	0	8.65496e+06
1.3092e+08	0	8.64283e+06
1.30942e+08	0	8.63072e+06
1.30963e+08	0	8.61863e+06
1.30985e+08	0	8.60655e+06
1.31006e+08	0	8.59449e+06
1.31028e+08	0	8.58244e+06
1.31049e+08	0	8.57041e+06
1.3107e+08	0	8.5584e+06
1.31092e+08	0	8.54641e+06
1.31113e+08	0	8.53443e+06
1.31134e+08	0	8.52247e+06
1.31156e+08	0	8.51053e+06
1.31177e+08	0	8.4986e+06
1.31198e+08	0	8.48669e+06
1.31219e+08	0	8.47479e+06
1.3124e+08	0	8.46292e+06
1.31261e+08	0	8.45106e+06
1.31283e+08	0	8.43921e+06
1.31304e+08	0	8.42738e+06
1.31325e+08	0	8.41557e+06
1.31346e+08	0	8.40377e+06
1.31367e+08	0	8.39199e+06
1.31388e+08	0	8.38023e+06
1.31408e+08	0	8.36849e+06
1.31429e+08	0	8.35676e+06
1.3145e+08	0	8.34504e+06
1.31471e+08	0	8.33334e+06
1.31492e+08	0	8.32166e+06
1.31513e+08	0	8.31e+06
1.31533e+08	0	8.29835e+06
1.31554e+08	0	8.28672e+06
1.31575e+08	0	8.2751e+06
1.31595e+08	0	8.2635e+06
1.31616e+08	0	8.25191e+06
1.31637e+08	0	8.24035e+06
1.31657e+08	0	8.22879e+06
1.31678e+08	0	8.21726e+06
1.31698e+08	0	8.20574e+06
1.31719e+08	0	8.19423e+06
1.31739e+08	0	8.18274e+06
1.3176e+08	0	8.17127e+06
1.3178e+08	0	8.15982e+06
1.318e+08	0	8.14838e+06
1.31821e+08	0	8.13695e+06
1.31841e+08	0	8.12554e+06
1.31861e+08	0	8.11415e+06
1.31882e+08	0	8.10277e+06
1.31902e+08	0	8.09141e+06
1.31922e+08	0	8.08007e+06
1.31942e+08	0	8.06874e+06
1.31962e+08	0	8.05742e+06
1.31982e+08	0	8.04613e+06
1.32003e+08	0	8.03484e+06
1.32023e+08	0	8.02358e+06
1.32043e+08	0	8.01233e+06
1.32063e+08	0	8.00109e+06
1.32083e+08	0	7.98987e+06
1.32103e+08	0	7.97867e+06
1.32123e+08	0	7.96748e+06
1.32142e+08	0	7.95631e+06
1.32162e+08	0	7.94515e+06
1.32182e+08	0	7.93401e+06
1.32202e+08	0	7.92288e+06
1.32222e+08	0	7.91177e+06
1.32241e+08	0	7.90068e+06
1.32261e+08	0	7.8896e+06
1.32281e+08	0	7.87853e+06
1.32301e+08	0	7.86748e+06
1.3232e+08	0	7.85645e+06
1.3234e+08	0	7.84543e+06
1.32359e+08	0	7.83443e+06
1.32379e+08	0	7.82344e+06
1.32399e+08	0	7.81247e+06
1.32418e+08	0	7.80151e+06
1.32438e+08	0	7.79057e+06
1.32457e+08	0	7.77964e+06
1.32476e+08	0	7.76873e+06
1.32496e+08	0	7.75783e+06
1.32515e+08	0	7.74695e+06
1.32535e+08	0	7.73608e+06
1.32554e+08	0	7.72523e+06
1.32573e+08	0	7.7144e+06
1.32592e+08	0	7.70358e+06
1.32612e+08	0	7.69277e+06
1.32631e+08	0	7.68198e+06
1.3265e+08	0	7.6712e+06
1.32669e+08	0	7.66044e+06
1.32688e+08	0	7.6497e+06
1.32707e+08	0	7.63897e+06
1.32727e+08	0	7.62825e+06
1.32746e+08	0	7.61755e+06
1.32765e+08	0	7.60686e+06
1.32784e+08	0	7.59619e+06
1.32803e+08	0	7.58554e+06
1.32822e+08	0	7.57489e+06
1.3284e+08	0	7.56427e+06
1.32859e+08	0	7.55366e+06
1.32878e+08	0	7.54306e+06
1.32897e+08	0	7.53248e+06
1.32916e+08	0	7.52191e+06
1.32935e+08	0	7.51136e+06
1.32953e+08	0	7.50082e+06
1.32972e+08	0	7.49029e+06
1.32991e+08	0	7.47978e+06
1.3301e+08	0	7.46929e+06
1.33028e+08	0	7.45881e+06
1.33047e+08	0	7.44835e+06
1.33065e+08	0	7.4379e+06
1.33084e+08	0	7.42746e+06
1.33103e+08	0	7.41704e+06
1.33121e+08	0	7.40663e+06
1.3314e+08	0	7.39624e+06
1.33158e+08	0	7.38586e+06
1.33177e+08	0	7.3755e+06
1.33195e+08	0	7.36515e+06
1.33213e+08	0	7.35481e+06
1.33232e+08	0	7.34449e+06
1.3325e+08	0	7.33419e+06
1.33268e+08	0	7.32389e+06
1.33287e+08	0	7.31362e+06
1.33305e+08	0	7.30335e+06
1.33323e+08	0	7.29311e+06
1.33341e+08	0	7.28287e+06
1.3336e+08	0	7.27265e+06
1.33378e+08	0	7.26245e+06
1.33396e+08	0	7.25225e+06
1.33414e+08	0	7.24208e+06
1.33432e+08	0	7.23191e+06
1.3345e+08	0	7.22176e+06
1.33468e+08	0	7.21163e+06
1.33486e+08	0	7.20151e+06
1.33504e+08	0	7.1914e+06
1.33522e+08	0	7.18131e+06
1.3354e+08	0	7.17123e+06
1.33558e+08	0	7.16116e+06
1.33576e+08	0	7.15111e+06
1.33594e+08	0	7.14108e+06
1.33612e+08	0	7.13105e+06
1.33629e+08	0	7.12105e+06
1.33647e+08	0	7.11105e+06
1.33665e+08	0	7.10107e+06
1.33683e+08	0	7.0911e+06
1.337e+08	0	7.08115e+06
1.33718e+08	0	7.07121e+06
1.33736e+08	0	7.06129e+06
1.33753e+08	0	7.05137e+06
1.33771e+08	0	7.04148e+06
1.33789e+08	0	7.03159e+06
1.33806e+08	0	7.02172e+06
1.33824e+08	0	7.01187e+06
1.33841e+08	0	7.00202e+06
1.33859e+08	0	6.99219e+06
1.33876e+08	0	6.98238e+06
1.33894e+08	0	6.97258e+06
1.33911e+08	0	6.96279e+06
1.33928e+08	0	6.95302e+06
1.33946e+08	0	6.94325e+06
1.33963e+08	0	6.93351e+06
1.3398e+08	0	6.92377e+06
1.33998e+08	0	6.91405e+06
1.34015e+08	0	6.90435e+06
1.34032e+08	0	6.89466e+06
1.34049e+08	0	6.88498e+06
1.34067e+08	0	6.87531e+06
1.34084e+08	0	6.86566e+06
1.34101e+08	0	6.85602e+06
1.34118e+08	0	6.84639e+06
1.34135e+08	0	6.83678e+06
1.34152e+08	0	6.82718e+06
1.34169e+08	0	6.8176e+06
1.34186e+08	0	6.80803e+06
1.34203e+08	0	6.79847e+06
1.3422e+08	0	6.78892e+06
1.34237e+08	0	6.77939e+06
1.34254e+08	0	6.76987e+06
1.34271e+08	0	6.76037e+06
1.34288e+08	0	6.75087e+06
1.34305e+08	0	6.7414e+06
1.34322e+08	0	6.73193e+06
1.34338e+08	0	6.72248e+06
1.34355e+08	0	6.71304e+06
1.34372e+08	0	6.70361e+06
1.34389e+08	0	6.6942e+06
1.34405e+08	0	6.6848e+06
1.34422e+08	0	6.67541e+06
1.34439e+08	0	6.66604e+06
1.34455e+08	0	6.65668e+06
1.34472e+08	0	6.64733e+06
1.34489e+08	0	6.638e+06
1.34505e+08	0	6.62867e+06
1.34522e+08	0	6.61937e+06
1.34538e+08	0	6.61007e+06
1.34555e+08	0	6.60079e+06
1.34571e+08	0	6.59152e+06
1.34588e+08	0	6.58226e+06
1.34604e+08	0	6.57302e+06
1.34621e+08	0	6.56379e+06
1.34637e+08	0	6.55457e+06
1.34653e+08	0	6.54536e+06
1.3467e+08	0	6.53617e+06
1.34686e+08	0	6.52699e+06
1.34702e+08	0	6.51783e+06
1.34718e+08	0	6.50867e+06
1.34735e+08	0	6.49953e+06
1.34751e+08	0	6.4904e+06
1.34767e+08	0	6.48129e+06
1.34783e+08	0	6.47218e+06
1.34799e+08	0	6.46309e+06
1.34816e+08	0	6.45402e+06
1.34832e+08	0	6.44495e+06
1.34848e+08	0	6.4359e+06
1.34864e+08	0	6.42686e+06
1.3488e+08	0	6.41783e+06
1.34896e+08	0	6.40882e+06
1.34912e+08	0	6.39982e+06
1.34928e+08	0	6.39083e+06
1.34944e+08	0	6.38185e+06
1.3496e+08	0	6.37289e+06
1.34976e+08	0	6.36394e+06
1.34992e+08	0	6.355e+06
1.35007e+08	0	6.34607e+06
1.35023e+08	0	6.33716e+06
1.35039e+08	0	6.32825e+06
1.35055e+08	0	6.31936e+06
1.35071e+08	0	6.31049e+06
1.35086e+08	0	6.30162e+06
1.35102e+08	0	6.29277e+06
1.35118e+08	0	6.28393e+06
1.35133e+08	0	6.2751e+06
1.35149e+08	0	6.26629e+06
1.35165e+08	0	6.25748e+06
1.3518e+08	0	6.24869e+06
1.35196e+08	0	6.23992e+06
1.35211e+08	0	6.23115e+06
1.35227e+08	0	6.2224e+06
1.35243e+08	0	6.21365e+06
1.35258e+08	0	6.20493e+06
1.35274e+08	0	6.19621e+06
1.35289e+08	0	6.1875e+06
1.35304e+08	0	6.17881e+06
1.3532e+08	0	6.17013e+06
1.35335e+08	0	6.16146e+06
1.35351e+08	0	6.1528e+06
1.35366e+08	0	6.14416e+06
1.35381e+08	0	6.13553e+06
1.35397e+08	0	6.12691e+06
1.35412e+08	0	6.1183e+06
1.35427e+08	0	6.1097e+06
1.35442e+08	0	6.10112e+06
1.35458e+08	0	6.09255e+06
1.35473e+08	0	6.08399e+06
1.35488e+08	0	6.07544e+06
1.35503e+08	0	6.0669e+06
1.35518e+08	0	6.05838e+06
1.35533e+08	0	6.04986e+06
1.35548e+08	0	6.04136e+06
1.35563e+08	0	6.03287e+06
1.35579e+08	0	6.0244e+06
1.35594e+08	0	6.01593e+06
1.35609e+08	0	6.00748e+06
1.35624e+08	0	5.99904e+06
1.35638e+08	0	5.99061e+06
1.35653e+08	0	5.98219e+06
1.35668e+08	0	5.97378e+06
1.35683e+08	0	5.96539e+06
1.35698e+08	0	5.95701e+06
1.35713e+08	0	5.94863e+06
1.35728e+08	0	5.94028e+06
1.35743e+08	0	5.93193e+06
1.35757e+08	0	5.92359e+06
1.35772e+08	0	5.91527e+06
1.35787e+08	0	5.90695e+06
1.35802e+08	0	5.89865e+06
1.35816e+08	0	5.89036e+06
1.35831e+08	0	5.88209e+06
1.35846e+08	0	5.87382e+06
1.3586e+08	0	5.86556e+06
1.35875e+08	0	5.85732e+06
1.3589e+08	0	5.84909e+06
1.35904e+08	0	5.84087e+06
1.35919e+08	0	5.83266e+06
1.35933e+08	0	5.82446e+06
1.35948e+08	0	5.81628e+06
1.35962e+08	0	5.8081e+06
1.35977e+08	0	5.79994e+06
1.35991e+08	0	5.79179e+06
1.36006e+08	0	5.78365e+06
1.3602e+08	0	5.77552e+06
1.36034e+08	0	5.7674e+06
1.36049e+08	0	5.75929e+06
1.36063e+08	0	5.7512e+06
1.36077e+08	0	5.74312e+06
1.36092e+08	0	5.73504e+06
1.36106e+08	0	5.72698e+06
1.3612e+08	0	5.71893e+06
1.36135e+08	0	5.71089e+06
1.36149e+08	0	5.70287e+06
1.36163e+08	0	5.69485e+06
1.36177e+08	0	5.68685e+06
1.36191e+08	0	5.67885e+06
1.36206e+08	0	5.67087e+06
1.3622e+08	0	5.6629e+06
1.36234e+08	0	5.65494e+06
1.36248e+08	0	5.64699e+06
1.36262e+08	0	5.63905e+06
1.36276e+08	0	5.63113e+06
1.3629e+08	0	5.62321e+06
1.36304e+08	0	5.61531e+06
1.36318e+08	0	5.60741e+06
1.36332e+08	0	5.59953e+06
1.36346e+08	0	5.59166e+06
1.3636e+08	0	5.5838e+06
1.36374e+08	0	5.57595e+06
1.36388e+08	0	5.56811e+06
1.36401e+08	0	5.56028e+06
1.36415e+08	0	5.55246e+06
1.36429e+08	0	5.54466e+06
1.36443e+08	0	5.53686e+06
1.36457e+08	0	5.52908e+06
1.36471e+08	0	5.52131e+06
1.36484e+08	0	5.51354e+06
1.36498e+08	0	5.50579e+06
1.36512e+08	0	5.49805e+06
1.36525e+08	0	5.49032e+06
1.36539e+08	0	5.4826e+06
1.36553e+08	0	5.4749e+06
1.36566e+08	0	5.4672e+06
1.3658e+08	0	5.45951e+06
1.36594e+08	0	5.45184e+06
1.36607e+08	0	5.44417e+06
1.36621e+08	0	5.43652e+06
1.36634e+08	0	5.42887e+06
1.36648e+08	0	5.42124e+06
1.36661e+08	0	5.41362e+06
1.36675e+08	0	5.40601e+06
1.36688e+08	0	5.3984e+06
1.36702e+08	0	5.39081e+06
1.36715e+08	0	5.38323e+06
1.36728e+08	0	5.37566e+06
1.36742e+08	0	5.36811e+06
1.36755e+08	0	5.36056e+06
1.36769e+08	0	5.35302e+06
1.36782e+08	0	5.34549e+06
1.36795e+08	0	5.33798e+06
1.36808e+08	0	5.33047e+06
1.36822e+08	0	5.32298e+06
1.36835e+08	0	5.31549e+06
1.36848e+08	0	5.30802e+06
1.36861e+08	0	5.30055e+06
1.36875e+08	0	5.2931e+06
1.36888e+08	0	5.28566e+06
1.36901e+08	0	5.27822e+06
1.36914e+08	0	5.2708e+06
1.36927e+08	0	5.26339e+06
1.3694e+08	0	5.25599e+06
1.36953e+08	0	5.2486e+06
1.36966e+08	0	5.24122e+06
1.36979e+08	0	5.23384e+06
1.36992e+08	0	5.22648e+06
1.37005e+08	0	5.21913e+06
1.37018e+08	0	5.21179e+06
1.37031e+08	0	5.20447e+06
1.37044e+08	0	5.19715e+06
1.37057e+08	0	5.18984e+06
1.3707e+08	0	5.18254e+06
1.37083e+08	0	5.17525e+06
1.37096e+08	0	5.16797e+06
1.37109e+08	0	5.1607e+06
1.37122e+08	0	5.15345e+06
1.37134e+08	0	5.1462e+06
1.37147e+08	0	5.13896e+06
1.3716e+08	0	5.13173e+06
1.37173e+08	0	5.12452e+06
1.37186e+08	0	5.11731e+06
1.37198e+08	0	5.11011e+06
1.37211e+08	0	5.10292e+06
1.37224e+08	0	5.09575e+06
1.37236e+08	0	5.08858e+06
1.37249e+08	0	5.08142e+06
1.37262e+08	0	5.07428e+06
1.37274e+08	0	5.06714e+06
1.37287e+08	0	5.06001e+06
1.37299e+08	0	5.05289e+06
1.37312e+08	0	5.04579e+06
1.37325e+08	0	5.03869e+06
1.37337e+08	0	5.0316e+06
1.3735e+08	0	5.02453e+06
1.37362e+08	0	5.01746e+06
1.37375e+08	0	5.0104e+06
1.37387e+08	0	5.00335e+06
1.37399e+08	0	4.99632e+06
1.37412e+08	0	4.98929e+06
1.37424e+08	0	4.98227e+06
1.37437e+08	0	4.97526e+06
1.37449e+08	0	4.96826e+06
1.37461e+08	0	4.96127e+06
1.37474e+08	0	4.9543e+06
1.37486e+08	0	4.94733e+06
1.37498e+08	0	4.94037e+06
1.37511e+08	0	4.93342e+06
1.37523e+08	0	4.92648e+06
1.37535e+08	0	4.91955e+06
1.37547e+08	0	4.91263e+06
1.3756e+08	0	4.90572e+06
1.37572e+08	0	4.89882e+06
1.37584e+08	0	4.89192e+06
1.37596e+08	0	4.88504e+06
1.37608e+08	0	4.87817e+06
1.3762e+08	0	4.87131e+06
1.37632e+08	0	4.86445e+06
1.37645e+08	0	4.85761e+06
1.37657e+08	0	4.85078e+06
1.37669e+08	0	4.84395e+06
1.37681e+08	0	4.83714e+06
1.37693e+08	0	4.83033e+06
1.37705e+08	0	4.82354e+06
1.37717e+08	0	4.81675e+06
1.37729e+08	0	4.80998e+06
1.37741e+08	0	4.80321e+06
1.37753e+08	0	4.79645e+06
1.37764e+08	0	4.7897e+06
1.37776e+08	0	4.78296e+06
1.37788e+08	0	4.77623e+06
1.378e+08	0	4.76951e+06
1.37812e+08	0	4.7628e+06
1.37824e+08	0	4.7561e+06
1.37836e+08	0	4.74941e+06
1.37847e+08	0	4.74273e+06
1.37859e+08	0	4.73606e+06
1.37871e+08	0	4.72939e+06
1.37883e+08	0	4.72274e+06
1.37894e+08	0	4.71609e+06
1.37906e+08	0	4.70946e+06
1.37918e+08	0	4.70283e+06
1.37929e+08	0	4.69621e+06
1.37941e+08	0	4.68961e+06
1.37953e+08	0	4.68301e+06
1.37964e+08	0	4.67642e+06
1.37976e+08	0	4.66984e+06
1.37988e+08	0	4.66327e+06
1.37999e+08	0	4.65671e+06
1.38011e+08	0	4.65015e+06
1.38022e+08	0	4.64361e+06
1.38034e+08	0	4.63708e+06
1.38045e+08	0	4.63055e+06
1.38057e+08	0	4.62404e+06
1.38068e+08	0	4.61753e+06
1.3808e+08	0	4.61103e+06
1.38091e+08	0	4.60454e+06
1.38103e+08	0	4.59806e+06
1.38114e+08	0	4.59159e+06
1.38125e+08	0	4.58513e+06
1.38137e+08	0	4.57868e+06
1.38148e+08	0	4.57224e+06
1.3816e+08	0	4.5658e+06
1.38171e+08	0	4.55938e+06
1.38182e+08	0	4.55296e+06
1.38193e+08	0	4.54655e+06
1.38205e+08	0	4.54016e+06
1.38216e+08	0	4.53377e+06
1.38227e+08	0	4.52739e+06
1.38239e+08	0	4.52102e+06
1.3825e+08	0	4.51465e+06
1.38261e+08	0	4.5083e+06
1.38272e+08	0	4.50196e+06
1.38283e+08	0	4.49562e+06
1.38294e+08	0	4.48929e+06
1.38306e+08	0	4.48298e+06
1.38317e+08	0	4.47667e+06
1.38328e+08	0	4.47037e+06
1.38339e+08	0	4.46407e+06
1.3835e+08	0	4.45779e+06
1.38361e+08	0	4.45152e+06
1.38372e+08	0	4.44525e+06
1.38383e+08	0	4.439e+06
1.38394e+08	0	4.43275e+06
1.38405e+08	0	4.42651e+06
1.38416e+08	0	4.42028e+06
1.38427e+08	0	4.41406e+06
1.38438e+08	0	4.40785e+06
1.38449e+08	0	4.40164e+06
1.3846e+08	0	4.39545e+06
1.38471e+08	0	4.38926e+06
1.38482e+08	0	4.38308e+06
1.38492e+08	0	4.37691e+06
1.38503e+08	0	4.37075e+06
1.38514e+08	0	4.3646e+06
1.38525e+08	0	4.35846e+06
1.38536e+08	0	4.35232e+06
1.38547e+08	0	4.3462e+06
1.38557e+08	0	4.34008e+06
1.38568e+08	0	4.33397e+06
1.38579e+08	0	4.32787e+06
1.3859e+08	0	4.32178e+06
1.386e+08	0	4.3157e+06
1.38611e+08	0	4.30962e+06
1.38622e+08	0	4.30356e+06
1.38632e+08	0	4.2975e+06
1.38643e+08	0	4.29145e+06
1.38654e+08	0	4.28541e+06
1.38664e+08	0	4.27938e+06
1.38675e+08	0	4.27335e+06
1.38685e+08	0	4.26734e+06
1.38696e+08	0	4.26133e+06
1.38707e+08	0	4.25533e+06
1.38717e+08	0	4.24934e+06
1.38728e+08	0	4.24336e+06
1.38738e+08	0	4.23739e+06
1.38749e+08	0	4.23142e+06
1.38759e+08	0	4.22547e+06
1.3877e+08	0	4.21952e+06
1.3878e+08	0	4.21358e+06
1.38791e+08	0	4.20765e+06
1.38801e+08	0	4.20172e+06
1.38811e+08	0	4.19581e+06
1.38822e+08	0	4.1899e+06
1.38832e+08	0	4.184e+06
1.38843e+08	0	4.17811e+06
1.38853e+08	0	4.17223e+06
1.38863e+08	0	4.16636e+06
1.38874e+08	0	4.16049e+06
1.38884e+08	0	4.15464e+06
1.38894e+08	0	4.14879e+06
1.38904e+08	0	4.14295e+06
1.38915e+08	0	4.13711e+06
1.38925e+08	0	4.13129e+06
1.38935e+08	0	4.12547e+06
1.38945e+08	0	4.11967e+06
1.38956e+08	0	4.11387e+06
1.38966e+08	0	4.10807e+06
1.38976e+08	0	4.10229e+06
1.38986e+08	0	4.09651e+06
1.38996e+08	0	4.09075e+06
1.39006e+08	0	4.08499e+06
1.39017e+08	0	4.07924e+06
1.39027e+08	0	4.07349e+06
1.39037e+08	0	4.06776e+06
1.39047e+08	0	4.06203e+06
1.39057e+08	0	4.05631e+06
1.39067e+08	0	4.0506e+06
1.39077e+08	0	4.0449e+06
1.39087e+08	0	4.0392e+06
1.39097e+08	0	4.03352e+06
1.39107e+08	0	4.02784e+06
1.39117e+08	0	4.02217e+06
1.39127e+08	0	4.0165e+06
1.39137e+08	0	4.01085e+06
1.39147e+08	0	4.0052e+06
1.39157e+08	0	3.99956e+06
1.39167e+08	0	3.99393e+06
1.39176e+08	0	3.98831e+06
1.39186e+08	0	3.98269e+06
1.39196e+08	0	3.97708e+06
1.39206e+08	0	3.97148e+06
1.39216e+08	0	3.96589e+06
1.39226e+08	0	3.96031e+06
1.39235e+08	0	3.95473e+06
1.39245e+08	0	3.94916e+06
1.39255e+08	0	3.9436e+06
1.39265e+08	0	3.93805e+06
1.39275e+08	0	3.9325e+06
1.39284e+08	0	3.92697e+06
1.39294e+08	0	3.92144e+06
1.39304e+08	0	3.91591e+06
1.39313e+08	0	3.9104e+06
1.39323e+08	0	3.90489e+06
1.39333e+08	0	3.8994e+06
1.39342e+08	0	3.8939e+06
1.39352e+08	0	3.88842e+06
1.39362e+08	0	3.88295e+06
1.39371e+08	0	3.87748e+06
1.39381e+08	0	3.87202e+06
1.3939e+08	0	3.86656e+06
1.394e+08	0	3.86112e+06
1.3941e+08	0	3.85568e+06
1.39419e+08	0	3.85025e+06
1.39429e+08	0	3.84483e+06
1.39438e+08	0	3.83942e+06
1.39448e+08	0	3.83401e+06
1.39457e+08	0	3.82861e+06
1.39467e+08	0	3.82322e+06
1.39476e+08	0	3.81783e+06
1.39485e+08	0	3.81246e+06
1.39495e+08	0	3.80709e+06
1.39504e+08	0	3.80173e+06
1.39514e+08	0	3.79637e+06
1.39523e+08	0	3.79103e+06
1.39532e+08	0	3.78569e+06
1.39542e+08	0	3.78036e+06
1.39551e+08	0	3.77503e+06
1.3956e+08	0	3.76972e+06
1.3957e+08	0	3.76441e+06
1.39579e+08	0	3.75911e+06
1.39588e+08	0	3.75381e+06
1.39598e+08	0	3.74853e+06
1.39607e+08	0	3.74325e+06
1.39616e+08	0	3.73797e+06
1.39625e+08	0	3.73271e+06
1.39635e+08	0	3.72745e+06
1.39644e+08	0	3.7222e+06
1.39653e+08	0	3.71696e+06
1.39662e+08	0	3.71173e+06
1.39671e+08	0	3.7065e+06
1.39681e+08	0	3.70128e+06
1.3969e+08	0	3.69607e+06
1.39699e+08	0	3.69086e+06
1.39708e+08	0	3.68566e+06
1.39717e+08	0	3.68047e+06
1.39726e+08	0	3.67529e+06
1.39735e+08	0	3.67011e+06
1.39744e+08	0	3.66494e+06
1.39753e+08	0	3.65978e+06
1.39763e+08	0	3.65462e+06
1.39772e+08	0	3.64948e+06
1.39781e+08	0	3.64434e+06
1.3979e+08	0	3.6392e+06
1.39799e+08	0	3.63408e+06
1.39808e+08	0	3.62896e+06
1.39817e+08	0	3.62385e+06
1.39825e+08	0	3.61874e+06
1.39834e+08	0	3.61365e+06
1.39843e+08	0	3.60856e+06
1.39852e+08	0	3.60347e+06
1.39861e+08	0	3.5984e+06
1.3987e+08	0	3.59333e+06
1.39879e+08	0	3.58827e+06
1.39888e+08	0	3.58321e+06
1.39897e+08	0	3.57817e+06
1.39905e+08	0	3.57313e+06
1.39914e+08	0	3.56809e+06
1.39923e+08	0	3.56307e+06
1.39932e+08	0	3.55805e+06
1.39941e+08	0	3.55304e+06
1.39949e+08	0	3.54803e+06
1.39958e+08	0	3.54303e+06
1.39967e+08	0	3.53804e+06
1.39976e+08	0	3.53306e+06
1.39984e+08	0	3.52808e+06
1.39993e+08	0	3.52311e+06
1.40002e+08	0	3.51815e+06
1.40011e+08	0	3.51319e+06
1.40019e+08	0	3.50824e+06
1.40028e+08	0	3.5033e+06
1.40037e+08	0	3.49837e+06
1.40045e+08	0	3.49344e+06
1.40054e+08	0	3.48852e+06
1.40062e+08	0	3.4836e+06
1.40071e+08	0	3.4787e+06
1.4008e+08	0	3.47379e+06
1.40088e+08	0	3.4689e+06
1.40097e+08	0	3.46401e+06
1.40105e+08	0	3.45913e+06
1.40114e+08	0	3.45426e+06
1.40122e+08	0	3.4494e+06
1.40131e+08	0	3.44454e+06
1.40139e+08	0	3.43968e+06
1.40148e+08	0	3.43484e+06
1.40156e+08	0	3.43e+06
1.40165e+08	0	3.42517e+06
1.40173e+08	0	3.42034e+06
1.40182e+08	0	3.41552e+06
1.4019e+08	0	3.41071e+06
1.40199e+08	0	3.40591e+06
1.40207e+08	0	3.40111e+06
1.40215e+08	0	3.39632e+06
1.40224e+08	0	3.39153e+06
1.40232e+08	0	3.38675e+06
1.4024e+08	0	3.38198e+06
1.40249e+08	0	3.37722e+06
1.40257e+08	0	3.37246e+06
1.40265e+08	0	3.36771e+06
1.40274e+08	0	3.36296e+06
1.40282e+08	0	3.35822e+06
1.4029e+08	0	3.35349e+06
1.40299e+08	0	3.34877e+06
1.40307e+08	0	3.34405e+06
1.40315e+08	0	3.33934e+06
1.40323e+08	0	3.33463e+06
1.40332e+08	0	3.32994e+06
1.4034e+08	0	3.32524e+06
1.40348e+08	0	3.32056e+06
1.40356e+08	0	3.31588e+06
1.40364e+08	0	3.31121e+06
1.40373e+08	0	3.30654e+06
1.40381e+08	0	3.30188e+06
1.40389e+08	0	3.29723e+06
1.40397e+08	0	3.29259e+06
1.40405e+08	0	3.28795e+06
1.40413e+08	0	3.28331e+06
1.40421e+08	0	3.27869e+06
1.40429e+08	0	3.27407e+06
1.40438e+08	0	3.26946e+06
1.40446e+08	0	3.26485e+06
1.40454e+08	0	3.26025e+06
1.40462e+08	0	3.25566e+06
1.4047e+08	0	3.25107e+06
1.40478e+08	0	3.24649e+06
1.40486e+08	0	3.24191e+06
1.40494e+08	0	3.23734e+06
1.40502e+08	0	3.23278e+06
1.4051e+08	0	3.22823e+06
1.40518e+08	0	3.22368e+06
1.40526e+08	0	3.21914e+06
1.40534e+08	0	3.2146e+06
1.40541e+08	0	3.21007e+06
1.40549e+08	0	3.20555e+06
1.40557e+08	0	3.20103e+06
1.40565e+08	0	3.19652e+06
1.40573e+08	0	3.19202e+06
1.40581e+08	0	3.18752e+06
1.40589e+08	0	3.18303e+06
1.40597e+08	0	3.17854e+06
1.40604e+08	0	3.17406e+06
1.40612e+08	0	3.16959e+06
1.4062e+08	0	3.16512e+06
1.40628e+08	0	3.16066e+06
1.40636e+08	0	3.15621e+06
1.40643e+08	0	3.15176e+06
1.40651e+08	0	3.14732e+06
1.40659e+08	0	3.14288e+06
1.40667e+08	0	3.13846e+06
1.40674e+08	0	3.13403e+06
1.40682e+08	0	3.12962e+06
1.4069e+08	0	3.12521e+06
1.40698e+08	0	3.1208e+06
1.40705e+08	0	3.1164e+06
1.40713e+08	0	3.11201e+06
1.40721e+08	0	3.10763e+06
1.40728e+08	0	3.10325e+06
1.40736e+08	0	3.09887e+06
1.40744e+08	0	3.09451e+06
1.40751e+08	0	3.09015e+06
1.40759e+08	0	3.08579e+06
1.40766e+08	0	3.08144e+06
1.40774e+08	0	3.0771e+06
1.40782e+08	0	3.07276e+06
1.40789e+08	0	3.06843e+06
1.40797e+08	0	3.06411e+06
1.40804e+08	0	3.05979e+06
1.40812e+08	0	3.05548e+06
1.40819e+08	0	3.05117e+06
1.40827e+08	0	3.04687e+06
1.40834e+08	0	3.04258e+06
1.40842e+08	0	3.03829e+06
1.40849e+08	0	3.03401e+06
1.40857e+08	0	3.02973e+06
1.40864e+08	0	3.02546e+06
1.40872e+08	0	3.0212e+06
1.40879e+08	0	3.01694e+06
1.40887e+08	0	3.01269e+06
1.40894e+08	0	3.00844e+06
1.40901e+08	0	3.0042e+06
1.40909e+08	0	2.99997e+06
1.40916e+08	0	2.99574e+06
1.40924e+08	0	2.99152e+06
1.40931e+08	0	2.9873e+06
1.40938e+08	0	2.98309e+06
1.40946e+08	0	2.97889e+06
1.40953e+08	0	2.97469e+06
1.4096e+08	0	2.9705e+06
1.40968e+08	0	2.96631e+06
1.40975e+08	0	2.96213e+06
1.40982e+08	0	2.95796e+06
1.4099e+08	0	2.95379e+06
1.40997e+08	0	2.94962e+06
1.41004e+08	0	2.94547e+06
1.41011e+08	0	2.94131e+06
1.41019e+08	0	2.93717e+06
1.41026e+08	0	2.93303e+06
1.41033e+08	0	2.92889e+06
1.4104e+08	0	2.92477e+06
1.41047e+08	0	2.92064e+06
1.41055e+08	0	2.91653e+06
1.41062e+08	0	2.91242e+06
1.41069e+08	0	2.90831e+06
1.41076e+08	0	2.90421e+06
1.41083e+08	0	2.90012e+06
1.4109e+08	0	2.89603e+06
1.41098e+08	0	2.89195e+06
1.41105e+08	0	2.88787e+06
1.41112e+08	0	2.8838e+06
1.41119e+08	0	2.87974e+06
1.41126e+08	0	2.87568e+06
1.41133e+08	0	2.87163e+06
1.4114e+08	0	2.86758e+06
1.41147e+08	0	2.86354e+06
1.41154e+08	0	2.8595e+06
1.41161e+08	0	2.85547e+06
1.41168e+08	0	2.85144e+06
1.41175e+08	0	2.84742e+06
1.41182e+08	0	2.84341e+06
1.41189e+08	0	2.8394e+06
1.41196e+08	0	2.8354e+06
1.41203e+08	0	2.8314e+06
1.4121e+08	0	2.82741e+06
1.41217e+08	0	2.82343e+06
1.41224e+08	0	2.81945e+06
1.41231e+08	0	2.81547e+06
1.41238e+08	0	2.8115e+06
1.41245e+08	0	2.80754e+06
1.41252e+08	0	2.80358e+06
1.41259e+08	0	2.79963e+06
1.41266e+08	0	2.79568e+06
1.41272e+08	0	2.79174e+06
1.41279e+08	0	2.78781e+06
1.41286e+08	0	2.78388e+06
1.41293e+08	0	2.77995e+06
1.413e+08	0	2.77604e+06
1.41307e+08	0	2.77212e+06
1.41314e+08	0	2.76821e+06
1.4132e+08	0	2.76431e+06
1.41327e+08	0	2.76042e+06
1.41334e+08	0	2.75652e+06
1.41341e+08	0	2.75264e+06
1.41347e+08	0	2.74876e+06
1.41354e+08	0	2.74488e+06
1.41361e+08	0	2.74101e+06
1.41368e+08	0	2.73715e+06
1.41374e+08	0	2.73329e+06
1.41381e+08	0	2.72944e+06
1.41388e+08	0	2.72559e+06
1.41395e+08	0	2.72175e+06
1.41401e+08	0	2.71791e+06
1.41408e+08	0	2.71408e+06
1.41415e+08	0	2.71025e+06
1.41421e+08	0	2.70643e+06
1.41428e+08	0	2.70262e+06
1.41435e+08	0	2.69881e+06
1.41441e+08	0	2.695e+06
1.41448e+08	0	2.6912e+06
1.41454e+08	0	2.68741e+06
1.41461e+08	0	2.68362e+06
1.41468e+08	0	2.67984e+06
1.41474e+08	0	2.67606e+06
1.41481e+08	0	2.67229e+06
1.41487e+08	0	2.66852e+06
1.41494e+08	0	2.66476e+06
1.41501e+08	0	2.661e+06
1.41507e+08	0	2.65725e+06
1.41514e+08	0	2.6535e+06
1.4152e+08	0	2.64976e+06
1.41527e+08	0	2.64602e+06
1.41533e+08	0	2.64229e+06
1.4154e+08	0	2.63857e+06
1.41546e+08	0	2.63485e+06
1.41553e+08	0	2.63113e+06
1.41559e+08	0	2.62742e+06
1.41566e+08	0	2.62372e+06
1.41572e+08	0	2.62002e+06
1.41578e+08	0	2.61633e+06
1.41585e+08	0	2.61264e+06
1.41591e+08	0	2.60895e+06
1.41598e+08	0	2.60528e+06
1.41604e+08	0	2.6016e+06
1.4161e+08	0	2.59793e+06
1.41617e+08	0	2.59427e+06
1.41623e+08	0	2.59061e+06
1.4163e+08	0	2.58696e+06
1.41636e+08	0	2.58331e+06
1.41642e+08	0	2.57967e+06
1.41649e+08	0	2.57603e+06
1.41655e+08	0	2.5724e+06
1.41661e+08	0	2.56878e+06
1.41668e+08	0	2.56515e+06
1.41674e+08	0	2.56154e+06
1.4168e+08	0	2.55793e+06
1.41686e+08	0	2.55432e+06
1.41693e+08	0	2.55072e+06
1.41699e+08	0	2.54712e+06
1.41705e+08	0	2.54353e+06
1.41711e+08	0	2.53994e+06
1.41718e+08	0	2.53636e+06
1.41724e+08	0	2.53279e+06
1.4173e+08	0	2.52921e+06
1.41736e+08	0	2.52565e+06
1.41743e+08	0	2.52209e+06
1.41749e+08	0	2.51853e+06
1.41755e+08	0	2.51498e+06
1.41761e+08	0	2.51143e+06
1.41767e+08	0	2.50789e+06
1.41773e+08	0	2.50436e+06
1.4178e+08	0	2.50083e+06
1.41786e+08	0	2.4973e+06
1.41792e+08	0	2.49378e+06
1.41798e+08	0	2.49026e+06
1.41804e+08	0	2.48675e+06
1.4181e+08	0	2.48324e+06
1.41816e+08	0	2.47974e+06
1.41822e+08	0	2.47625e+06
1.41829e+08	0	2.47275e+06
1.41835e+08	0	2.46927e+06
1.41841e+08	0	2.46578e+06
1.41847e+08	0	2.46231e+06
1.41853e+08	0	2.45884e+06
1.41859e+08	0	2.45537e+06
1.41865e+08	0	2.45191e+06
1.41871e+08	0	2.44845e+06
1.41877e+08	0	2.445e+06
1.41883e+08	0	2.44155e+06
1.41889e+08	0	2.43811e+06
1.41895e+08	0	2.43467e+06
1.41901e+08	0	2.43123e+06
1.41907e+08	0	2.42781e+06
1.41913e+08	0	2.42438e+06
1.41919e+08	0	2.42096e+06
1.41925e+08	0	2.41755e+06
1.41931e+08	0	2.41414e+06
1.41936e+08	0	2.41074e+06
1.41942e+08	0	2.40734e+06
1.41948e+08	0	2.40394e+06
1.41954e+08	0	2.40055e+06
1.4196e+08	0	2.39717e+06
1.41966e+08	0	2.39379e+06
1.41972e+08	0	2.39041e+06
1.41978e+08	0	2.38704e+06
1.41984e+08	0	2.38367e+06
1.41989e+08	0	2.38031e+06
1.41995e+08	0	2.37696e+06
1.42001e+08	0	2.3736e+06
1.42007e+08	0	2.37026e+06
1.42013e+08	0	2.36691e+06
1.42019e+08	0	2.36358e+06
1.42024e+08	0	2.36024e+06
1.4203e+08	0	2.35691e+06
1.42036e+08	0	2.35359e+06
1.42042e+08	0	2.35027e+06
1.42047e+08	0	2.34696e+06
1.42053e+08	0	2.34365e+06
1.42059e+08	0	2.34034e+06
1.42065e+08	0	2.33704e+06
1.4207e+08	0	2.33375e+06
1.42076e+08	0	2.33045e+06
1.42082e+08	0	2.32717e+06
1.42088e+08	0	2.32389e+06
1.42093e+08	0	2.32061e+06
1.42099e+08	0	2.31734e+06
1.42105e+08	0	2.31407e+06
1.4211e+08	0	2.3108e+06
1.42116e+08	0	2.30755e+06
1.42122e+08	0	2.30429e+06
1.42127e+08	0	2.30104e+06
1.42133e+08	0	2.2978e+06
1.42139e+08	0	2.29456e+06
1.42144e+08	0	2.29132e+06
1.4215e+08	0	2.28809e+06
1.42155e+08	0	2.28486e+06
1.42161e+08	0	2.28164e+06
1.42167e+08	0	2.27842e+06
1.42172e+08	0	2.27521e+06
1.42178e+08	0	2.272e+06
1.42183e+08	0	2.26879e+06
1.42189e+08	0	2.26559e+06
1.42195e+08	0	2.2624e+06
1.422e+08	0	2.25921e+06
1.42206e+08	0	2.25602e+06
1.42211e+08	0	2.25284e+06
1.42217e+08	0	2.24966e+06
1.42222e+08	0	2.24649e+06
1.42228e+08	0	2.24332e+06
1.42233e+08	0	2.24016e+06
1.42239e+08	0	2.237e+06
1.42244e+08	0	2.23384e+06
1.4225e+08	0	2.23069e+06
1.42255e+08	0	2.22755e+06
1.42261e+08	0	2.22441e+06
1.42266e+08	0	2.22127e+06
1.42272e+08	0	2.21814e+06
1.42277e+08	0	2.21501e+06
1.42282e+08	0	2.21188e+06
1.42288e+08	0	2.20876e+06
1.42293e+08	0	2.20565e+06
1.42299e+08	0	2.20254e+06
1.42304e+08	0	2.19943e+06
1.42309e+08	0	2.19633e+06
1.42315e+08	0	2.19323e+06
1.4232e+08	0	2.19014e+06
1.42326e+08	0	2.18705e+06
1.42331e+08	0	2.18396e+06
1.42336e+08	0	2.18088e+06
1.42342e+08	0	2.17781e+06
1.42347e+08	0	2.17473e+06
1.42352e+08	0	2.17167e+06
1.42358e+08	0	2.1686e+06
1.42363e+08	0	2.16555e+06
1.42368e+08	0	2.16249e+06
1.42374e+08	0	2.15944e+06
1.42379e+08	0	2.1564e+06
1.42384e+08	0	2.15335e+06
1.42389e+08	0	2.15032e+06
1.42395e+08	0	2.14728e+06
1.424e+08	0	2.14425e+06
1.42405e+08	0	2.14123e+06
1.4241e+08	0	2.13821e+06
1.42416e+08	0	2.13519e+06
1.42421e+08	0	2.13218e+06
1.42426e+08	0	2.12917e+06
1.42431e+08	0	2.12617e+06
1.42437e+08	0	2.12317e+06
1.42442e+08	0	2.12018e+06
1.42447e+08	0	2.11719e+06
1.42452e+08	0	2.1142e+06
1.42457e+08	0	2.11122e+06
1.42462e+08	0	2.10824e+06
1.42468e+08	0	2.10527e+06
1.42473e+08	0	2.1023e+06
1.42478e+08	0	2.09933e+06
1.42483e+08	0	2.09637e+06
1.42488e+08	0	2.09341e+06
1.42493e+08	0	2.09046e+06
1.42498e+08	0	2.08751e+06
1.42504e+08	0	2.08457e+06
1.42509e+08	0	2.08163e+06
1.42514e+08	0	2.07869e+06
1.42519e+08	0	2.07576e+06
1.42524e+08	0	2.07283e+06
1.42529e+08	0	2.06991e+06
1.42534e+08	0	2.06699e+06
1.42539e+08	0	2.06407e+06
1.42544e+08	0	2.06116e+06
1.42549e+08	0	2.05825e+06
1.42554e+08	0	2.05535e+06
1.42559e+08	0	2.05245e+06
1.42564e+08	0	2.04955e+06
1.42569e+08	0	2.04666e+06
1.42574e+08	0	2.04377e+06
1.42579e+08	0	2.04089e+06
1.42584e+08	0	2.03801e+06
1.42589e+08	0	2.03514e+06
1.42594e+08	0	2.03227e+06
1.42599e+08	0	2.0294e+06
1.42604e+08	0	2.02654e+06
1.42609e+08	0	2.02368e+06
1.42614e+08	0	2.02082e+06
1.42619e+08	0	2.01797e+06
1.42624e+08	0	2.01513e+06
1.42629e+08	0	2.01228e+06
1.42634e+08	0	2.00945e+06
1.42639e+08	0	2.00661e+06
1.42644e+08	0	2.00378e+06
1.42649e+08	0	2.00095e+06
1.42654e+08	0	1.99813e+06
1.42659e+08	0	1.99531e+06
1.42663e+08	0	1.9925e+06
1.42668e+08	0	1.98969e+06
1.42673e+08	0	1.98688e+06
1.42678e+08	0	1.98408e+06
1.42683e+08	0	1.98128e+06
1.42688e+08	0	1.97848e+06
1.42693e+08	0	1.97569e+06
1.42697e+08	0	1.9729e+06
1.42702e+08	0	1.97012e+06
1.42707e+08	0	1.96734e+06
1.42712e+08	0	1.96457e+06
1.42717e+08	0	1.96179e+06
1.42722e+08	0	1.95903e+06
1.42726e+08	0	1.95626e+06
1.42731e+08	0	1.9535e+06
1.42736e+08	0	1.95075e+06
1.42741e+08	0	1.948e+06
1.42745e+08	0	1.94525e+06
1.4275e+08	0	1.9425e+06
1.42755e+08	0	1.93976e+06
1.4276e+08	0	1.93703e+06
1.42764e+08	0	1.93429e+06
1.42769e+08	0	1.93156e+06
1.42774e+08	0	1.92884e+06
1.42779e+08	0	1.92612e+06
1.42783e+08	0	1.9234e+06
1.42788e+08	0	1.92069e+06
1.42793e+08	0	1.91798e+06
1.42797e+08	0	1.91527e+06
1.42802e+08	0	1.91257e+06
1.42807e+08	0	1.90987e+06
1.42811e+08	0	1.90718e+06
1.42816e+08	0	1.90449e+06
1.42821e+08	0	1.9018e+06
1.42825e+08	0	1.89912e+06
1.4283e+08	0	1.89644e+06
1.42835e+08	0	1.89376e+06
1.42839e+08	0	1.89109e+06
1.42844e+08	0	1.88842e+06
1.42849e+08	0	1.88576e+06
1.42853e+08	0	1.8831e+06
1.42858e+08	0	1.88044e+06
1.42862e+08	0	1.87779e+06
1.42867e+08	0	1.87514e+06
1.42872e+08	0	1.87249e+06
1.42876e+08	0	1.86985e+06
1.42881e+08	0	1.86721e+06
1.42885e+08	0	1.86458e+06
1.4289e+08	0	1.86195e+06
1.42894e+08	0	1.85932e+06
1.42899e+08	0	1.8567e+06
1.42904e+08	0	1.85408e+06
1.42908e+08	0	1.85146e+06
1.42913e+08	0	1.84885e+06
1.42917e+08	0	1.84624e+06
