1e+08	0	3e+07
1e+08	0	3e+07
1e+08	0	3e+07
1e+08	0	3e+07
1e+08	0	3e+07
1e+08	0	3e+07
1e+08	0	3e+07
1e+08	0	3e+07
1e+08	0	3e+07
1e+08	0	3e+07
1.0022e+08	0	2.9976e+07
1.00542e+08	0	2.99407e+07
1.00864e+08	0	2.99055e+07
1.01186e+08	0	2.98702e+07
1.01507e+08	0	2.9835e+07
1.01827e+08	0	2.97998e+07
1.02146e+08	0	2.97646e+07
1.02465e+08	0	2.97294e+07
1.02784e+08	0	2.96942e+07
1.03102e+08	0	2.9659e+07
1.03419e+08	0	2.96238e+07
1.03735e+08	0	2.95887e+07
1.04051e+08	0	2.95535e+07
1.04367e+08	0	2.95184e+07
1.04681e+08	0	2.94833e+07
1.04995e+08	0	2.94482e+07
1.05309e+08	0	2.94131e+07
1.05622e+08	0	2.9378e+07
1.05934e+08	0	2.9343e+07
1.06245e+08	0	2.93079e+07
1.06556e+08	0	2.92729e+07
1.06867e+08	0	2.92379e+07
1.07177e+08	0	2.92029e+07
1.07486e+08	0	2.91679e+07
1.07794e+08	0	2.91329e+07
1.08102e+08	0	2.9098e+07
1.08409e+08	0	2.9063e+07
1.08716e+08	0	2.90281e+07
1.09022e+08	0	2.89932e+07
1.09327e+08	0	2.89583e+07
1.09632e+08	0	2.89234e+07
1.09936e+08	0	2.88886e+07
1.10239e+08	0	2.88537e+07
1.10542e+08	0	2.88189e+07
1.10844e+08	0	2.87841e+07
1.11145e+08	0	2.87493e+07
1.11446e+08	0	2.87145e+07
1.11746e+08	0	2.86798e+07
1.12046e+08	0	2.8645e+07
1.12345e+08	0	2.86103e+07
1.12643e+08	0	2.85756e+07
1.1294e+08	0	2.85409e+07
1.13237e+08	0	2.85062e+07
1.13534e+08	0	2.84716e+07
1.13829e+08	0	2.84369e+07
1.14124e+08	0	2.84023e+07
1.14419e+08	0	2.83677e+07
1.14712e+08	0	2.83332e+07
1.15006e+08	0	2.82986e+07
1.15298e+08	0	2.82641e+07
1.1559e+08	0	2.82295e+07
1.15881e+08	0	2.81951e+07
1.16171e+08	0	2.81606e+07
1.16461e+08	0	2.81261e+07
1.1675e+08	0	2.80917e+07
1.17039e+08	0	2.80573e+07
1.17327e+08	0	2.80229e+07
1.17614e+08	0	2.79885e+07
1.179e+08	0	2.79541e+07
1.18186e+08	0	2.79198e+07
1.18471e+08	0	2.78855e+07
1.18756e+08	0	2.78512e+07
1.1904e+08	0	2.78169e+07
1.19323e+08	0	2.77826e+07
1.19606e+08	0	2.77484e+07
1.19888e+08	0	2.77142e+07
1.20169e+08	0	2.768e+07
1.2045e+08	0	2.76459e+07
1.2073e+08	0	2.76117e+07
1.21009e+08	0	2.75776e+07
1.21287e+08	0	2.75435e+07
1.21565e+08	0	2.75094e+07
1.21843e+08	0	2.74753e+07
1.2212e+08	0	2.74413e+07
1.22396e+08	0	2.74073e+07
1.22671e+08	0	2.73733e+07
1.22946e+08	0	2.73393e+07
1.2322e+08	0	2.73054e+07
1.23493e+08	0	2.72715e+07
1.23766e+08	0	2.72376e+07
1.24038e+08	0	2.72037e+07
1.24309e+08	0	2.71699e+07
1.2458e+08	0	2.7136e+07
1.2485e+08	0	2.71022e+07
1.2512e+08	0	2.70684e+07
1.25388e+08	0	2.70347e+07
1.25657e+08	0	2.70009e+07
1.25924e+08	0	2.69672e+07
1.26191e+08	0	2.69336e+07
1.26457e+08	0	2.68999e+07
1.26723e+08	0	2.68663e+07
1.26988e+08	0	2.68326e+07
1.27252e+08	0	2.67991e+07
1.27515e+08	0	2.67655e+07
1.27778e+08	0	2.67319e+07
1.2804e+08	0	2.66984e+07
1.28302e+08	0	2.66649e+07
1.28563e+08	0	2.66315e+07
1.28823e+08	0	2.6598e+07
1.29083e+08	0	2.65646e+07
1.29342e+08	0	2.65312e+07
1.296e+08	0	2.64979e+07
1.29858e+08	0	2.64645e+07
1.30115e+08	0	2.64312e+07
1.30371e+08	0	2.63979e+07
1.30627e+08	0	2.63647e+07
1.30882e+08	0	2.63314e+07
1.31136e+08	0	2.62982e+07
1.3139e+08	0	2.6265e+07
1.31643e+08	0	2.62319e+07
1.31896e+08	0	2.61987e+07
1.32148e+08	0	2.61656e+07
1.32399e+08	0	2.61325e+07
1.32649e+08	0	2.60995e+07
1.32899e+08	0	2.60665e+07
1.33149e+08	0	2.60334e+07
1.33397e+08	0	2.60005e+07
1.33645e+08	0	2.59675e+07
1.33892e+08	0	2.59346e+07
1.34139e+08	0	2.59017e+07
1.34385e+08	0	2.58688e+07
1.3463e+08	0	2.5836e+07
1.34875e+08	0	2.58032e+07
1.35119e+08	0	2.57704e+07
1.35363e+08	0	2.57376e+07
1.35606e+08	0	2.57049e+07
1.35848e+08	0	2.56722e+07
1.36089e+08	0	2.56395e+07
1.3633e+08	0	2.56068e+07
1.3657e+08	0	2.55742e+07
1.3681e+08	0	2.55416e+07
1.37049e+08	0	2.5509e+07
1.37287e+08	0	2.54765e+07
1.37525e+08	0	2.5444e+07
1.37762e+08	0	2.54115e+07
1.37999e+08	0	2.5379e+07
1.38235e+08	0	2.53466e+07
1.3847e+08	0	2.53142e+07
1.38704e+08	0	2.52818e+07
1.38938e+08	0	2.52495e+07
1.39172e+08	0	2.52171e+07
1.39404e+08	0	2.51848e+07
1.39636e+08	0	2.51526e+07
1.39868e+08	0	2.51203e+07
1.40099e+08	0	2.50881e+07
1.40329e+08	0	2.50559e+07
1.40558e+08	0	2.50238e+07
1.40787e+08	0	2.49917e+07
1.41016e+08	0	2.49596e+07
1.41243e+08	0	2.49275e+07
1.4147e+08	0	2.48955e+07
1.41697e+08	0	2.48635e+07
1.41923e+08	0	2.48315e+07
1.42148e+08	0	2.47995e+07
1.42373e+08	0	2.47676e+07
1.42597e+08	0	2.47357e+07
1.4282e+08	0	2.47038e+07
1.43043e+08	0	2.4672e+07
1.43265e+08	0	2.46402e+07
1.43487e+08	0	2.46084e+07
1.43707e+08	0	2.45767e+07
1.43928e+08	0	2.45449e+07
1.44148e+08	0	2.45132e+07
1.44367e+08	0	2.44816e+07
1.44585e+08	0	2.44499e+07
1.44803e+08	0	2.44183e+07
1.4502e+08	0	2.43868e+07
1.45237e+08	0	2.43552e+07
1.45453e+08	0	2.43237e+07
1.45669e+08	0	2.42922e+07
1.45884e+08	0	2.42608e+07
1.46098e+08	0	2.42293e+07
1.46312e+08	0	2.41979e+07
1.46525e+08	0	2.41666e+07
1.46737e+08	0	2.41352e+07
1.46949e+08	0	2.41039e+07
1.4716e+08	0	2.40726e+07
1.47371e+08	0	2.40414e+07
1.47581e+08	0	2.40102e+07
1.47791e+08	0	2.3979e+07
1.48e+08	0	2.39478e+07
1.48208e+08	0	2.39167e+07
1.48416e+08	0	2.38856e+07
1.48623e+08	0	2.38545e+07
1.4883e+08	0	2.38235e+07
1.49036e+08	0	2.37925e+07
1.49241e+08	0	2.37615e+07
1.49446e+08	0	2.37305e+07
1.4965e+08	0	2.36996e+07
1.49854e+08	0	2.36687e+07
1.50057e+08	0	2.36379e+07
1.5026e+08	0	2.3607e+07
1.50462e+08	0	2.35762e+07
1.50663e+08	0	2.35455e+07
1.50864e+08	0	2.35147e+07
1.51064e+08	0	2.3484e+07
1.51264e+08	0	2.34533e+07
1.51463e+08	0	2.34227e+07
1.51662e+08	0	2.33921e+07
1.5186e+08	0	2.33615e+07
1.52057e+08	0	2.33309e+07
1.52254e+08	0	2.33004e+07
1.5245e+08	0	2.32699e+07
1.52646e+08	0	2.32395e+07
1.52841e+08	0	2.3209e+07
1.53036e+08	0	2.31786e+07
1.5323e+08	0	2.31482e+07
1.53423e+08	0	2.31179e+07
1.53616e+08	0	2.30876e+07
1.53808e+08	0	2.30573e+07
1.54e+08	0	2.30271e+07
1.54191e+08	0	2.29968e+07
1.54382e+08	0	2.29667e+07
1.54572e+08	0	2.29365e+07
1.54762e+08	0	2.29064e+07
1.54951e+08	0	2.28763e+07
1.5514e+08	0	2.28462e+07
1.55328e+08	0	2.28162e+07
1.55515e+08	0	2.27862e+07
1.55702e+08	0	2.27562e+07
1.55888e+08	0	2.27263e+07
1.56074e+08	0	2.26963e+07
1.56259e+08	0	2.26665e+07
1.56444e+08	0	2.26366e+07
1.56628e+08	0	2.26068e+07
1.56812e+08	0	2.2577e+07
1.56995e+08	0	2.25473e+07
1.57177e+08	0	2.25175e+07
1.57359e+08	0	2.24878e+07
1.57541e+08	0	2.24582e+07
1.57722e+08	0	2.24285e+07
1.57902e+08	0	2.23989e+07
1.58082e+08	0	2.23694e+07
1.58262e+08	0	2.23398e+07
1.58441e+08	0	2.23103e+07
1.58619e+08	0	2.22809e+07
1.58797e+08	0	2.22514e+07
1.58974e+08	0	2.2222e+07
1.59151e+08	0	2.21926e+07
1.59327e+08	0	2.21633e+07
1.59503e+08	0	2.21339e+07
1.59678e+08	0	2.21047e+07
1.59853e+08	0	2.20754e+07
1.60027e+08	0	2.20462e+07
1.60201e+08	0	2.2017e+07
1.60374e+08	0	2.19878e+07
1.60547e+08	0	2.19587e+07
1.60719e+08	0	2.19296e+07
1.60891e+08	0	2.19005e+07
1.61062e+08	0	2.18715e+07
1.61232e+08	0	2.18425e+07
1.61403e+08	0	2.18135e+07
1.61572e+08	0	2.17845e+07
1.61741e+08	0	2.17556e+07
1.6191e+08	0	2.17268e+07
1.62078e+08	0	2.16979e+07
1.62246e+08	0	2.16691e+07
1.62413e+08	0	2.16403e+07
1.6258e+08	0	2.16115e+07
1.62746e+08	0	2.15828e+07
1.62911e+08	0	2.15541e+07
1.63077e+08	0	2.15255e+07
1.63241e+08	0	2.14968e+07
1.63405e+08	0	2.14682e+07
1.63569e+08	0	2.14397e+07
1.63732e+08	0	2.14111e+07
1.63895e+08	0	2.13826e+07
1.64057e+08	0	2.13541e+07
1.64219e+08	0	2.13257e+07
1.64381e+08	0	2.12973e+07
1.64541e+08	0	2.12689e+07
1.64702e+08	0	2.12406e+07
1.64862e+08	0	2.12122e+07
1.65021e+08	0	2.1184e+07
1.6518e+08	0	2.11557e+07
1.65338e+08	0	2.11275e+07
1.65496e+08	0	2.10993e+07
1.65654e+08	0	2.10711e+07
1.65811e+08	0	2.1043e+07
1.65967e+08	0	2.10149e+07
1.66124e+08	0	2.09868e+07
1.66279e+08	0	2.09588e+07
1.66434e+08	0	2.09308e+07
1.66589e+08	0	2.09028e+07
1.66743e+08	0	2.08749e+07
1.66897e+08	0	2.0847e+07
1.67051e+08	0	2.08191e+07
1.67203e+08	0	2.07913e+07
1.67356e+08	0	2.07635e+07
1.67508e+08	0	2.07357e+07
1.67659e+08	0	2.07079e+07
1.6781e+08	0	2.06802e+07
1.67961e+08	0	2.06525e+07
1.68111e+08	0	2.06249e+07
1.68261e+08	0	2.05972e+07
1.6841e+08	0	2.05696e+07
1.68559e+08	0	2.05421e+07
1.68707e+08	0	2.05145e+07
1.68855e+08	0	2.0487e+07
1.69003e+08	0	2.04596e+07
1.6915e+08	0	2.04321e+07
1.69296e+08	0	2.04047e+07
1.69442e+08	0	2.03774e+07
1.69588e+08	0	2.035e+07
1.69733e+08	0	2.03227e+07
1.69878e+08	0	2.02954e+07
1.70023e+08	0	2.02682e+07
1.70167e+08	0	2.0241e+07
1.7031e+08	0	2.02138e+07
1.70453e+08	0	2.01866e+07
1.70596e+08	0	2.01595e+07
1.70738e+08	0	2.01324e+07
1.7088e+08	0	2.01053e+07
1.71022e+08	0	2.00783e+07
1.71163e+08	0	2.00513e+07
1.71303e+08	0	2.00244e+07
1.71443e+08	0	1.99974e+07
1.71583e+08	0	1.99705e+07
1.71722e+08	0	1.99436e+07
1.71861e+08	0	1.99168e+07
1.72e+08	0	1.989e+07
1.72138e+08	0	1.98632e+07
1.72275e+08	0	1.98365e+07
1.72413e+08	0	1.98097e+07
1.72549e+08	0	1.97831e+07
1.72686e+08	0	1.97564e+07
1.72822e+08	0	1.97298e+07
1.72957e+08	0	1.97032e+07
1.73093e+08	0	1.96766e+07
1.73227e+08	0	1.96501e+07
1.73362e+08	0	1.96236e+07
1.73496e+08	0	1.95971e+07
1.73629e+08	0	1.95707e+07
1.73763e+08	0	1.95443e+07
1.73895e+08	0	1.95179e+07
1.74028e+08	0	1.94916e+07
1.7416e+08	0	1.94653e+07
1.74291e+08	0	1.9439e+07
1.74422e+08	0	1.94127e+07
1.74553e+08	0	1.93865e+07
1.74684e+08	0	1.93603e+07
1.74814e+08	0	1.93342e+07
1.74943e+08	0	1.9308e+07
1.75072e+08	0	1.9282e+07
1.75201e+08	0	1.92559e+07
1.7533e+08	0	1.92299e+07
1.75458e+08	0	1.92039e+07
1.75585e+08	0	1.91779e+07
1.75713e+08	0	1.91519e+07
1.7584e+08	0	1.9126e+07
1.75966e+08	0	1.91002e+07
1.76092e+08	0	1.90743e+07
1.76218e+08	0	1.90485e+07
1.76343e+08	0	1.90227e+07
1.76469e+08	0	1.8997e+07
1.76593e+08	0	1.89712e+07
1.76717e+08	0	1.89455e+07
1.76841e+08	0	1.89199e+07
1.76965e+08	0	1.88942e+07
1.77088e+08	0	1.88686e+07
1.77211e+08	0	1.88431e+07
1.77333e+08	0	1.88175e+07
1.77455e+08	0	1.8792e+07
1.77577e+08	0	1.87666e+07
1.77698e+08	0	1.87411e+07
1.77819e+08	0	1.87157e+07
1.7794e+08	0	1.86903e+07
1.7806e+08	0	1.8665e+07
1.7818e+08	0	1.86396e+07
1.78299e+08	0	1.86143e+07
1.78419e+08	0	1.85891e+07
1.78537e+08	0	1.85638e+07
1.78656e+08	0	1.85386e+07
1.78774e+08	0	1.85135e+07
1.78892e+08	0	1.84883e+07
1.79009e+08	0	1.84632e+07
1.79126e+08	0	1.84381e+07
1.79243e+08	0	1.84131e+07
1.79359e+08	0	1.83881e+07
1.79475e+08	0	1.83631e+07
1.79591e+08	0	1.83381e+07
1.79706e+08	0	1.83132e+07
1.79821e+08	0	1.82883e+07
1.79936e+08	0	1.82634e+07
1.8005e+08	0	1.82386e+07
1.80164e+08	0	1.82138e+07
1.80277e+08	0	1.8189e+07
1.8039e+08	0	1.81643e+07
1.80503e+08	0	1.81396e+07
1.80616e+08	0	1.81149e+07
1.80728e+08	0	1.80902e+07
1.8084e+08	0	1.80656e+07
1.80952e+08	0	1.8041e+07
1.81063e+08	0	1.80165e+07
1.81174e+08	0	1.79919e+07
1.81284e+08	0	1.79674e+07
1.81394e+08	0	1.79429e+07
1.81504e+08	0	1.79185e+07
1.81614e+08	0	1.78941e+07
1.81723e+08	0	1.78697e+07
1.81832e+08	0	1.78454e+07
1.81941e+08	0	1.7821e+07
1.82049e+08	0	1.77967e+07
1.82157e+08	0	1.77725e+07
1.82265e+08	0	1.77482e+07
1.82372e+08	0	1.7724e+07
1.82479e+08	0	1.76999e+07
1.82586e+08	0	1.76757e+07
1.82692e+08	0	1.76516e+07
1.82798e+08	0	1.76275e+07
1.82904e+08	0	1.76035e+07
1.83009e+08	0	1.75795e+07
1.83114e+08	0	1.75555e+07
1.83219e+08	0	1.75315e+07
1.83323e+08	0	1.75076e+07
1.83427e+08	0	1.74837e+07
1.83531e+08	0	1.74598e+07
1.83635e+08	0	1.7436e+07
1.83738e+08	0	1.74121e+07
1.83841e+08	0	1.73884e+07
1.83944e+08	0	1.73646e+07
1.84046e+08	0	1.73409e+07
1.84148e+08	0	1.73172e+07
1.8425e+08	0	1.72935e+07
1.84351e+08	0	1.72699e+07
1.84452e+08	0	1.72463e+07
1.84553e+08	0	1.72227e+07
1.84654e+08	0	1.71991e+07
1.84754e+08	0	1.71756e+07
1.84854e+08	0	1.71521e+07
1.84953e+08	0	1.71287e+07
1.85053e+08	0	1.71053e+07
1.85152e+08	0	1.70819e+07
1.8525e+08	0	1.70585e+07
1.85349e+08	0	1.70351e+07
1.85447e+08	0	1.70118e+07
1.85545e+08	0	1.69885e+07
1.85642e+08	0	1.69653e+07
1.8574e+08	0	1.69421e+07
1.85837e+08	0	1.69189e+07
1.85933e+08	0	1.68957e+07
1.8603e+08	0	1.68726e+07
1.86126e+08	0	1.68495e+07
1.86222e+08	0	1.68264e+07
1.86317e+08	0	1.68033e+07
1.86413e+08	0	1.67803e+07
1.86508e+08	0	1.67573e+07
1.86602e+08	0	1.67344e+07
1.86697e+08	0	1.67114e+07
1.86791e+08	0	1.66885e+07
1.86885e+08	0	1.66656e+07
1.86979e+08	0	1.66428e+07
1.87072e+08	0	1.662e+07
1.87165e+08	0	1.65972e+07
1.87258e+08	0	1.65744e+07
1.8735e+08	0	1.65517e+07
1.87443e+08	0	1.6529e+07
1.87535e+08	0	1.65063e+07
1.87626e+08	0	1.64837e+07
1.87718e+08	0	1.64611e+07
1.87809e+08	0	1.64385e+07
1.879e+08	0	1.64159e+07
1.87991e+08	0	1.63934e+07
1.88081e+08	0	1.63709e+07
1.88171e+08	0	1.63484e+07
1.88261e+08	0	1.6326e+07
1.88351e+08	0	1.63036e+07
1.8844e+08	0	1.62812e+07
1.88529e+08	0	1.62588e+07
1.88618e+08	0	1.62365e+07
1.88706e+08	0	1.62142e+07
1.88795e+08	0	1.61919e+07
1.88883e+08	0	1.61697e+07
1.88971e+08	0	1.61475e+07
1.89058e+08	0	1.61253e+07
1.89145e+08	0	1.61031e+07
1.89232e+08	0	1.6081e+07
1.89319e+08	0	1.60589e+07
1.89406e+08	0	1.60368e+07
1.89492e+08	0	1.60148e+07
1.89578e+08	0	1.59928e+07
1.89664e+08	0	1.59708e+07
1.89749e+08	0	1.59488e+07
1.89834e+08	0	1.59269e+07
1.8992e+08	0	1.5905e+07
1.90004e+08	0	1.58831e+07
1.90089e+08	0	1.58613e+07
1.90173e+08	0	1.58394e+07
1.90257e+08	0	1.58177e+07
1.90341e+08	0	1.57959e+07
1.90424e+08	0	1.57742e+07
1.90508e+08	0	1.57524e+07
1.90591e+08	0	1.57308e+07
1.90674e+08	0	1.57091e+07
1.90756e+08	0	1.56875e+07
1.90839e+08	0	1.56659e+07
1.90921e+08	0	1.56443e+07
1.91003e+08	0	1.56228e+07
1.91084e+08	0	1.56013e+07
1.91166e+08	0	1.55798e+07
1.91247e+08	0	1.55583e+07
1.91328e+08	0	1.55369e+07
1.91409e+08	0	1.55155e+07
1.91489e+08	0	1.54941e+07
1.91569e+08	0	1.54728e+07
1.91649e+08	0	1.54515e+07
1.91729e+08	0	1.54302e+07
1.91809e+08	0	1.54089e+07
1.91888e+08	0	1.53877e+07
1.91967e+08	0	1.53665e+07
1.92046e+08	0	1.53453e+07
1.92125e+08	0	1.53241e+07
1.92203e+08	0	1.5303e+07
1.92281e+08	0	1.52819e+07
1.92359e+08	0	1.52608e+07
1.92437e+08	0	1.52398e+07
1.92515e+08	0	1.52188e+07
1.92592e+08	0	1.51978e+07
1.92669e+08	0	1.51768e+07
1.92746e+08	0	1.51559e+07
1.92822e+08	0	1.5135e+07
1.92899e+08	0	1.51141e+07
1.92975e+08	0	1.50933e+07
1.93051e+08	0	1.50724e+07
1.93127e+08	0	1.50516e+07
1.93202e+08	0	1.50309e+07
1.93278e+08	0	1.50101e+07
1.93353e+08	0	1.49894e+07
1.93428e+08	0	1.49687e+07
1.93503e+08	0	1.49481e+07
1.93577e+08	0	1.49274e+07
1.93651e+08	0	1.49068e+07
1.93726e+08	0	1.48862e+07
1.93799e+08	0	1.48657e+07
1.93873e+08	0	1.48452e+07
1.93947e+08	0	1.48247e+07
1.9402e+08	0	1.48042e+07
1.94093e+08	0	1.47837e+07
1.94166e+08	0	1.47633e+07
1.94238e+08	0	1.47429e+07
1.94311e+08	0	1.47225e+07
1.94383e+08	0	1.47022e+07
1.94455e+08	0	1.46819e+07
1.94527e+08	0	1.46616e+07
1.94598e+08	0	1.46413e+07
1.9467e+08	0	1.46211e+07
1.94741e+08	0	1.46009e+07
1.94812e+08	0	1.45807e+07
1.94883e+08	0	1.45606e+07
1.94953e+08	0	1.45404e+07
1.95024e+08	0	1.45203e+07
1.95094e+08	0	1.45003e+07
1.95164e+08	0	1.44802e+07
1.95234e+08	0	1.44602e+07
1.95304e+08	0	1.44402e+07
1.95373e+08	0	1.44202e+07
1.95442e+08	0	1.44003e+07
1.95511e+08	0	1.43804e+07
1.9558e+08	0	1.43605e+07
1.95649e+08	0	1.43406e+07
1.95717e+08	0	1.43208e+07
1.95786e+08	0	1.43009e+07
1.95854e+08	0	1.42812e+07
1.95922e+08	0	1.42614e+07
1.95989e+08	0	1.42417e+07
1.96057e+08	0	1.42219e+07
1.96124e+08	0	1.42023e+07
1.96191e+08	0	1.41826e+07
1.96258e+08	0	1.4163e+07
1.96325e+08	0	1.41434e+07
1.96392e+08	0	1.41238e+07
1.96458e+08	0	1.41042e+07
1.96524e+08	0	1.40847e+07
1.9659e+08	0	1.40652e+07
1.96656e+08	0	1.40457e+07
1.96722e+08	0	1.40263e+07
1.96787e+08	0	1.40069e+07
1.96853e+08	0	1.39875e+07
1.96918e+08	0	1.39681e+07
1.96983e+08	0	1.39487e+07
1.97048e+08	0	1.39294e+07
1.97112e+08	0	1.39101e+07
1.97177e+08	0	1.38908e+07
1.97241e+08	0	1.38716e+07
1.97305e+08	0	1.38524e+07
1.97369e+08	0	1.38332e+07
1.97433e+08	0	1.3814e+07
1.97496e+08	0	1.37949e+07
1.9756e+08	0	1.37758e+07
1.97623e+08	0	1.37567e+07
1.97686e+08	0	1.37376e+07
1.97749e+08	0	1.37186e+07
1.97811e+08	0	1.36995e+07
1.97874e+08	0	1.36805e+07
1.97936e+08	0	1.36616e+07
1.97998e+08	0	1.36426e+07
1.9806e+08	0	1.36237e+07
1.98122e+08	0	1.36048e+07
1.98184e+08	0	1.3586e+07
1.98245e+08	0	1.35671e+07
1.98307e+08	0	1.35483e+07
1.98368e+08	0	1.35295e+07
1.98429e+08	0	1.35107e+07
1.9849e+08	0	1.3492e+07
1.9855e+08	0	1.34733e+07
1.98611e+08	0	1.34546e+07
1.98671e+08	0	1.34359e+07
1.98731e+08	0	1.34173e+07
1.98791e+08	0	1.33987e+07
1.98851e+08	0	1.33801e+07
1.98911e+08	0	1.33615e+07
1.98971e+08	0	1.3343e+07
1.9903e+08	0	1.33245e+07
1.99089e+08	0	1.3306e+07
1.99148e+08	0	1.32875e+07
1.99207e+08	0	1.32691e+07
1.99266e+08	0	1.32506e+07
1.99324e+08	0	1.32322e+07
1.99383e+08	0	1.32139e+07
1.99441e+08	0	1.31955e+07
1.99499e+08	0	1.31772e+07
1.99557e+08	0	1.31589e+07
1.99615e+08	0	1.31406e+07
1.99673e+08	0	1.31224e+07
1.9973e+08	0	1.31042e+07
1.99787e+08	0	1.3086e+07
1.99845e+08	0	1.30678e+07
1.99902e+08	0	1.30496e+07
1.99959e+08	0	1.30315e+07
2.00015e+08	0	1.30134e+07
2.00072e+08	0	1.29953e+07
2.00128e+08	0	1.29773e+07
2.00185e+08	0	1.29593e+07
2.00241e+08	0	1.29412e+07
2.00297e+08	0	1.29233e+07
2.00352e+08	0	1.29053e+07
2.00408e+08	0	1.28874e+07
2.00464e+08	0	1.28695e+07
2.00519e+08	0	1.28516e+07
2.00574e+08	0	1.28337e+07
2.00629e+08	0	1.28159e+07
2.00684e+08	0	1.27981e+07
2.00739e+08	0	1.27803e+07
2.00794e+08	0	1.27625e+07
2.00848e+08	0	1.27448e+07
2.00903e+08	0	1.27271e+07
2.00957e+08	0	1.27094e+07
2.01011e+08	0	1.26917e+07
2.01065e+08	0	1.26741e+07
2.01119e+08	0	1.26564e+07
2.01172e+08	0	1.26388e+07
2.01226e+08	0	1.26213e+07
2.01279e+08	0	1.26037e+07
2.01333e+08	0	1.25862e+07
2.01386e+08	0	1.25687e+07
2.01439e+08	0	1.25512e+07
2.01491e+08	0	1.25337e+07
2.01544e+08	0	1.25163e+07
2.01597e+08	0	1.24989e+07
2.01649e+08	0	1.24815e+07
2.01701e+08	0	1.24641e+07
2.01754e+08	0	1.24468e+07
2.01806e+08	0	1.24295e+07
2.01857e+08	0	1.24122e+07
2.01909e+08	0	1.23949e+07
2.01961e+08	0	1.23777e+07
2.02012e+08	0	1.23605e+07
2.02064e+08	0	1.23433e+07
2.02115e+08	0	1.23261e+07
2.02166e+08	0	1.23089e+07
2.02217e+08	0	1.22918e+07
2.02268e+08	0	1.22747e+07
2.02318e+08	0	1.22576e+07
2.02369e+08	0	1.22405e+07
2.02419e+08	0	1.22235e+07
2.02469e+08	0	1.22065e+07
2.0252e+08	0	1.21895e+07
2.0257e+08	0	1.21725e+07
2.0262e+08	0	1.21556e+07
2.02669e+08	0	1.21386e+07
2.02719e+08	0	1.21217e+07
2.02768e+08	0	1.21049e+07
2.02818e+08	0	1.2088e+07
2.02867e+08	0	1.20712e+07
2.02916e+08	0	1.20544e+07
2.02965e+08	0	1.20376e+07
2.03014e+08	0	1.20208e+07
2.03063e+08	0	1.20041e+07
2.03112e+08	0	1.19874e+07
2.0316e+08	0	1.19707e+07
2.03208e+08	0	1.1954e+07
2.03257e+08	0	1.19373e+07
2.03305e+08	0	1.19207e+07
2.03353e+08	0	1.19041e+07
2.03401e+08	0	1.18875e+07
2.03449e+08	0	1.18709e+07
2.03496e+08	0	1.18544e+07
2.03544e+08	0	1.18379e+07
2.03591e+08	0	1.18214e+07
2.03638e+08	0	1.18049e+07
2.03686e+08	0	1.17885e+07
2.03733e+08	0	1.1772e+07
2.0378e+08	0	1.17556e+07
2.03826e+08	0	1.17393e+07
2.03873e+08	0	1.17229e+07
2.0392e+08	0	1.17066e+07
2.03966e+08	0	1.16902e+07
2.04013e+08	0	1.16739e+07
2.04059e+08	0	1.16577e+07
2.04105e+08	0	1.16414e+07
2.04151e+08	0	1.16252e+07
2.04197e+08	0	1.1609e+07
2.04243e+08	0	1.15928e+07
2.04288e+08	0	1.15766e+07
2.04334e+08	0	1.15605e+07
2.04379e+08	0	1.15444e+07
2.04424e+08	0	1.15283e+07
2.0447e+08	0	1.15122e+07
2.04515e+08	0	1.14962e+07
2.0456e+08	0	1.14801e+07
2.04605e+08	0	1.14641e+07
2.04649e+08	0	1.14481e+07
2.04694e+08	0	1.14322e+07
2.04739e+08	0	1.14162e+07
2.04783e+08	0	1.14003e+07
2.04827e+08	0	1.13844e+07
2.04871e+08	0	1.13685e+07
2.04916e+08	0	1.13527e+07
2.0496e+08	0	1.13368e+07
2.05003e+08	0	1.1321e+07
2.05047e+08	0	1.13052e+07
2.05091e+08	0	1.12894e+07
2.05134e+08	0	1.12737e+07
2.05178e+08	0	1.1258e+07
2.05221e+08	0	1.12423e+07
2.05264e+08	0	1.12266e+07
2.05308e+08	0	1.12109e+07
2.05351e+08	0	1.11953e+07
2.05393e+08	0	1.11796e+07
2.05436e+08	0	1.1164e+07
2.05479e+08	0	1.11485e+07
2.05522e+08	0	1.11329e+07
2.05564e+08	0	1.11174e+07
2.05606e+08	0	1.11018e+07
2.05649e+08	0	1.10863e+07
2.05691e+08	0	1.10709e+07
2.05733e+08	0	1.10554e+07
2.05775e+08	0	1.104e+07
2.05817e+08	0	1.10246e+07
2.05859e+08	0	1.10092e+07
2.059e+08	0	1.09938e+07
2.05942e+08	0	1.09785e+07
2.05983e+08	0	1.09631e+07
2.06025e+08	0	1.09478e+07
2.06066e+08	0	1.09326e+07
2.06107e+08	0	1.09173e+07
2.06148e+08	0	1.0902e+07
2.06189e+08	0	1.08868e+07
2.0623e+08	0	1.08716e+07
2.06271e+08	0	1.08564e+07
2.06311e+08	0	1.08413e+07
2.06352e+08	0	1.08261e+07
2.06393e+08	0	1.0811e+07
2.06433e+08	0	1.07959e+07
2.06473e+08	0	1.07808e+07
2.06513e+08	0	1.07658e+07
2.06553e+08	0	1.07508e+07
2.06593e+08	0	1.07357e+07
2.06633e+08	0	1.07207e+07
2.06673e+08	0	1.07058e+07
2.06713e+08	0	1.06908e+07
2.06753e+08	0	1.06759e+07
2.06792e+08	0	1.0661e+07
2.06831e+08	0	1.06461e+07
2.06871e+08	0	1.06312e+07
2.0691e+08	0	1.06163e+07
2.06949e+08	0	1.06015e+07
2.06988e+08	0	1.05867e+07
2.07027e+08	0	1.05719e+07
2.07066e+08	0	1.05571e+07
2.07105e+08	0	1.05424e+07
2.07144e+08	0	1.05277e+07
2.07182e+08	0	1.05129e+07
2.07221e+08	0	1.04983e+07
2.07259e+08	0	1.04836e+07
2.07297e+08	0	1.04689e+07
2.07336e+08	0	1.04543e+07
2.07374e+08	0	1.04397e+07
2.07412e+08	0	1.04251e+07
2.0745e+08	0	1.04105e+07
2.07488e+08	0	1.0396e+07
2.07525e+08	0	1.03814e+07
2.07563e+08	0	1.03669e+07
2.07601e+08	0	1.03524e+07
2.07638e+08	0	1.0338e+07
2.07676e+08	0	1.03235e+07
2.07713e+08	0	1.03091e+07
2.0775e+08	0	1.02947e+07
2.07787e+08	0	1.02803e+07
2.07824e+08	0	1.02659e+07
2.07861e+08	0	1.02516e+07
2.07898e+08	0	1.02372e+07
2.07935e+08	0	1.02229e+07
2.07972e+08	0	1.02086e+07
2.08009e+08	0	1.01943e+07
2.08045e+08	0	1.01801e+07
2.08082e+08	0	1.01659e+07
2.08118e+08	0	1.01516e+07
2.08154e+08	0	1.01374e+07
2.0819e+08	0	1.01233e+07
2.08227e+08	0	1.01091e+07
2.08263e+08	0	1.0095e+07
2.08299e+08	0	1.00809e+07
2.08335e+08	0	1.00668e+07
2.0837e+08	0	1.00527e+07
2.08406e+08	0	1.00386e+07
2.08442e+08	0	1.00246e+07
2.08477e+08	0	1.00106e+07
2.08513e+08	0	9.99656e+06
2.08548e+08	0	9.98257e+06
2.08583e+08	0	9.96861e+06
2.08619e+08	0	9.95467e+06
2.08654e+08	0	9.94074e+06
2.08689e+08	0	9.92683e+06
2.08724e+08	0	9.91295e+06
2.08759e+08	0	9.89908e+06
2.08794e+08	0	9.88523e+06
2.08828e+08	0	9.8714e+06
2.08863e+08	0	9.85759e+06
2.08898e+08	0	9.8438e+06
2.08932e+08	0	9.83002e+06
2.08967e+08	0	9.81627e+06
2.09001e+08	0	9.80253e+06
2.09035e+08	0	9.78882e+06
2.0907e+08	0	9.77512e+06
2.09104e+08	0	9.76144e+06
2.09138e+08	0	9.74778e+06
2.09172e+08	0	9.73414e+06
2.09206e+08	0	9.72052e+06
2.09239e+08	0	9.70691e+06
2.09273e+08	0	9.69333e+06
2.09307e+08	0	9.67976e+06
2.0934e+08	0	9.66621e+06
2.09374e+08	0	9.65269e+06
2.09407e+08	0	9.63917e+06
2.09441e+08	0	9.62568e+06
2.09474e+08	0	9.61221e+06
2.09507e+08	0	9.59876e+06
2.0954e+08	0	9.58532e+06
2.09573e+08	0	9.5719e+06
2.09606e+08	0	9.5585e+06
2.09639e+08	0	9.54512e+06
2.09672e+08	0	9.53176e+06
2.09705e+08	0	9.51842e+06
2.09738e+08	0	9.50509e+06
2.0977e+08	0	9.49178e+06
2.09803e+08	0	9.47849e+06
2.09835e+08	0	9.46522e+06
2.09868e+08	0	9.45197e+06
2.099e+08	0	9.43874e+06
2.09932e+08	0	9.42552e+06
2.09965e+08	0	9.41232e+06
2.09997e+08	0	9.39914e+06
2.10029e+08	0	9.38598e+06
2.10061e+08	0	9.37284e+06
2.10093e+08	0	9.35972e+06
2.10124e+08	0	9.34661e+06
2.10156e+08	0	9.33352e+06
2.10188e+08	0	9.32045e+06
2.1022e+08	0	9.3074e+06
2.10251e+08	0	9.29436e+06
2.10283e+08	0	9.28135e+06
2.10314e+08	0	9.26835e+06
2.10345e+08	0	9.25537e+06
2.10377e+08	0	9.2424e+06
2.10408e+08	0	9.22946e+06
2.10439e+08	0	9.21653e+06
2.1047e+08	0	9.20362e+06
2.10501e+08	0	9.19073e+06
2.10532e+08	0	9.17786e+06
2.10563e+08	0	9.165e+06
2.10594e+08	0	9.15216e+06
2.10624e+08	0	9.13934e+06
2.10655e+08	0	9.12654e+06
2.10686e+08	0	9.11375e+06
2.10716e+08	0	9.10098e+06
2.10747e+08	0	9.08823e+06
2.10777e+08	0	9.0755e+06
2.10807e+08	0	9.06279e+06
2.10838e+08	0	9.05009e+06
2.10868e+08	0	9.03741e+06
2.10898e+08	0	9.02475e+06
2.10928e+08	0	9.0121e+06
2.10958e+08	0	8.99948e+06
2.10988e+08	0	8.98687e+06
2.11018e+08	0	8.97427e+06
2.11048e+08	0	8.9617e+06
2.11078e+08	0	8.94914e+06
2.11107e+08	0	8.9366e+06
2.11137e+08	0	8.92408e+06
2.11166e+08	0	8.91157e+06
2.11196e+08	0	8.89909e+06
2.11225e+08	0	8.88661e+06
2.11255e+08	0	8.87416e+06
2.11284e+08	0	8.86172e+06
2.11313e+08	0	8.8493e+06
2.11342e+08	0	8.8369e+06
2.11372e+08	0	8.82452e+06
2.11401e+08	0	8.81215e+06
2.1143e+08	0	8.7998e+06
2.11459e+08	0	8.78746e+06
2.11487e+08	0	8.77515e+06
2.11516e+08	0	8.76285e+06
2.11545e+08	0	8.75056e+06
2.11574e+08	0	8.7383e+06
2.11602e+08	0	8.72605e+06
2.11631e+08	0	8.71382e+06
2.11659e+08	0	8.7016e+06
2.11688e+08	0	8.68941e+06
2.11716e+08	0	8.67722e+06
2.11745e+08	0	8.66506e+06
2.11773e+08	0	8.65291e+06
2.11801e+08	0	8.64078e+06
2.11829e+08	0	8.62867e+06
2.11857e+08	0	8.61657e+06
2.11885e+08	0	8.60449e+06
2.11913e+08	0	8.59243e+06
2.11941e+08	0	8.58038e+06
2.11969e+08	0	8.56835e+06
2.11997e+08	0	8.55634e+06
2.12025e+08	0	8.54434e+06
2.12052e+08	0	8.53236e+06
2.1208e+08	0	8.52039e+06
2.12107e+08	0	8.50845e+06
2.12135e+08	0	8.49652e+06
2.12162e+08	0	8.4846e+06
2.1219e+08	0	8.4727e+06
2.12217e+08	0	8.46082e+06
2.12244e+08	0	8.44896e+06
2.12272e+08	0	8.43711e+06
2.12299e+08	0	8.42528e+06
2.12326e+08	0	8.41346e+06
2.12353e+08	0	8.40166e+06
2.1238e+08	0	8.38988e+06
2.12407e+08	0	8.37811e+06
2.12434e+08	0	8.36636e+06
2.1246e+08	0	8.35463e+06
2.12487e+08	0	8.34291e+06
2.12514e+08	0	8.33121e+06
2.12541e+08	0	8.31953e+06
2.12567e+08	0	8.30786e+06
2.12594e+08	0	8.2962e+06
2.1262e+08	0	8.28457e+06
2.12647e+08	0	8.27295e+06
2.12673e+08	0	8.26134e+06
2.12699e+08	0	8.24975e+06
2.12726e+08	0	8.23818e+06
2.12752e+08	0	8.22663e+06
2.12778e+08	0	8.21508e+06
2.12804e+08	0	8.20356e+06
2.1283e+08	0	8.19205e+06
2.12856e+08	0	8.18056e+06
2.12882e+08	0	8.16908e+06
2.12908e+08	0	8.15762e+06
2.12934e+08	0	8.14618e+06
2.1296e+08	0	8.13475e+06
2.12985e+08	0	8.12334e+06
2.13011e+08	0	8.11194e+06
2.13037e+08	0	8.10056e+06
2.13062e+08	0	8.08919e+06
2.13088e+08	0	8.07784e+06
2.13113e+08	0	8.06651e+06
2.13139e+08	0	8.05519e+06
2.13164e+08	0	8.04389e+06
2.13189e+08	0	8.0326e+06
2.13215e+08	0	8.02133e+06
2.1324e+08	0	8.01008e+06
2.13265e+08	0	7.99884e+06
2.1329e+08	0	7.98761e+06
2.13315e+08	0	7.9764e+06
2.1334e+08	0	7.96521e+06
2.13365e+08	0	7.95403e+06
2.1339e+08	0	7.94287e+06
2.13415e+08	0	7.93172e+06
2.1344e+08	0	7.92059e+06
2.13465e+08	0	7.90948e+06
2.13489e+08	0	7.89838e+06
2.13514e+08	0	7.88729e+06
2.13539e+08	0	7.87622e+06
2.13563e+08	0	7.86517e+06
2.13588e+08	0	7.85413e+06
2.13612e+08	0	7.84311e+06
2.13637e+08	0	7.8321e+06
2.13661e+08	0	7.82111e+06
2.13685e+08	0	7.81013e+06
2.1371e+08	0	7.79917e+06
2.13734e+08	0	7.78822e+06
2.13758e+08	0	7.77729e+06
2.13782e+08	0	7.76637e+06
2.13806e+08	0	7.75547e+06
2.1383e+08	0	7.74458e+06
2.13854e+08	0	7.73371e+06
2.13878e+08	0	7.72286e+06
2.13902e+08	0	7.71201e+06
2.13926e+08	0	7.70119e+06
2.1395e+08	0	7.69038e+06
2.13973e+08	0	7.67958e+06
2.13997e+08	0	7.6688e+06
2.14021e+08	0	7.65803e+06
2.14044e+08	0	7.64728e+06
2.14068e+08	0	7.63655e+06
2.14091e+08	0	7.62583e+06
2.14115e+08	0	7.61512e+06
2.14138e+08	0	7.60443e+06
2.14162e+08	0	7.59375e+06
2.14185e+08	0	7.58309e+06
2.14208e+08	0	7.57244e+06
2.14231e+08	0	7.56181e+06
2.14255e+08	0	7.5512e+06
2.14278e+08	0	7.54059e+06
2.14301e+08	0	7.53001e+06
2.14324e+08	0	7.51943e+06
2.14347e+08	0	7.50887e+06
2.1437e+08	0	7.49833e+06
2.14393e+08	0	7.4878e+06
2.14416e+08	0	7.47729e+06
2.14439e+08	0	7.46679e+06
2.14461e+08	0	7.4563e+06
2.14484e+08	0	7.44583e+06
2.14507e+08	0	7.43538e+06
2.14529e+08	0	7.42493e+06
2.14552e+08	0	7.41451e+06
2.14575e+08	0	7.4041e+06
2.14597e+08	0	7.3937e+06
2.1462e+08	0	7.38331e+06
2.14642e+08	0	7.37295e+06
2.14664e+08	0	7.36259e+06
2.14687e+08	0	7.35225e+06
2.14709e+08	0	7.34193e+06
2.14731e+08	0	7.33161e+06
2.14754e+08	0	7.32132e+06
2.14776e+08	0	7.31103e+06
2.14798e+08	0	7.30077e+06
2.1482e+08	0	7.29051e+06
2.14842e+08	0	7.28027e+06
2.14864e+08	0	7.27005e+06
2.14886e+08	0	7.25984e+06
2.14908e+08	0	7.24964e+06
2.1493e+08	0	7.23946e+06
2.14952e+08	0	7.22929e+06
2.14973e+08	0	7.21913e+06
2.14995e+08	0	7.20899e+06
2.15017e+08	0	7.19887e+06
2.15038e+08	0	7.18875e+06
2.1506e+08	0	7.17866e+06
2.15082e+08	0	7.16857e+06
2.15103e+08	0	7.1585e+06
2.15125e+08	0	7.14845e+06
2.15146e+08	0	7.1384e+06
2.15168e+08	0	7.12838e+06
2.15189e+08	0	7.11836e+06
2.1521e+08	0	7.10836e+06
2.15232e+08	0	7.09838e+06
2.15253e+08	0	7.0884e+06
2.15274e+08	0	7.07844e+06
2.15295e+08	0	7.0685e+06
2.15316e+08	0	7.05857e+06
2.15337e+08	0	7.04865e+06
2.15359e+08	0	7.03875e+06
2.1538e+08	0	7.02886e+06
2.15401e+08	0	7.01899e+06
2.15421e+08	0	7.00912e+06
2.15442e+08	0	6.99928e+06
2.15463e+08	0	6.98944e+06
2.15484e+08	0	6.97962e+06
2.15505e+08	0	6.96981e+06
2.15526e+08	0	6.96002e+06
2.15546e+08	0	6.95024e+06
2.15567e+08	0	6.94048e+06
2.15588e+08	0	6.93072e+06
2.15608e+08	0	6.92098e+06
2.15629e+08	0	6.91126e+06
2.15649e+08	0	6.90155e+06
2.1567e+08	0	6.89185e+06
2.1569e+08	0	6.88217e+06
2.1571e+08	0	6.87249e+06
2.15731e+08	0	6.86284e+06
2.15751e+08	0	6.85319e+06
2.15771e+08	0	6.84356e+06
2.15792e+08	0	6.83395e+06
2.15812e+08	0	6.82434e+06
2.15832e+08	0	6.81475e+06
2.15852e+08	0	6.80517e+06
2.15872e+08	0	6.79561e+06
2.15892e+08	0	6.78606e+06
2.15912e+08	0	6.77652e+06
2.15932e+08	0	6.767e+06
2.15952e+08	0	6.75749e+06
2.15972e+08	0	6.74799e+06
2.15992e+08	0	6.73851e+06
2.16012e+08	0	6.72904e+06
2.16032e+08	0	6.71958e+06
2.16051e+08	0	6.71014e+06
2.16071e+08	0	6.7007e+06
2.16091e+08	0	6.69129e+06
2.1611e+08	0	6.68188e+06
2.1613e+08	0	6.67249e+06
2.16149e+08	0	6.66311e+06
2.16169e+08	0	6.65375e+06
2.16189e+08	0	6.64439e+06
2.16208e+08	0	6.63505e+06
2.16227e+08	0	6.62573e+06
2.16247e+08	0	6.61641e+06
2.16266e+08	0	6.60711e+06
2.16285e+08	0	6.59783e+06
2.16305e+08	0	6.58855e+06
2.16324e+08	0	6.57929e+06
2.16343e+08	0	6.57004e+06
2.16362e+08	0	6.56081e+06
2.16382e+08	0	6.55158e+06
2.16401e+08	0	6.54237e+06
2.1642e+08	0	6.53318e+06
2.16439e+08	0	6.52399e+06
2.16458e+08	0	6.51482e+06
2.16477e+08	0	6.50566e+06
2.16496e+08	0	6.49652e+06
2.16515e+08	0	6.48738e+06
2.16533e+08	0	6.47826e+06
2.16552e+08	0	6.46916e+06
2.16571e+08	0	6.46006e+06
2.1659e+08	0	6.45098e+06
2.16609e+08	0	6.44191e+06
2.16627e+08	0	6.43285e+06
2.16646e+08	0	6.42381e+06
2.16664e+08	0	6.41478e+06
2.16683e+08	0	6.40576e+06
2.16702e+08	0	6.39675e+06
2.1672e+08	0	6.38776e+06
2.16739e+08	0	6.37878e+06
2.16757e+08	0	6.36981e+06
2.16776e+08	0	6.36085e+06
2.16794e+08	0	6.35191e+06
2.16812e+08	0	6.34298e+06
2.16831e+08	0	6.33406e+06
2.16849e+08	0	6.32515e+06
2.16867e+08	0	6.31626e+06
2.16885e+08	0	6.30738e+06
2.16904e+08	0	6.29851e+06
2.16922e+08	0	6.28965e+06
2.1694e+08	0	6.28081e+06
2.16958e+08	0	6.27197e+06
2.16976e+08	0	6.26315e+06
2.16994e+08	0	6.25435e+06
2.17012e+08	0	6.24555e+06
2.1703e+08	0	6.23677e+06
2.17048e+08	0	6.228e+06
2.17066e+08	0	6.21924e+06
2.17084e+08	0	6.2105e+06
2.17101e+08	0	6.20176e+06
2.17119e+08	0	6.19304e+06
2.17137e+08	0	6.18433e+06
2.17155e+08	0	6.17563e+06
2.17173e+08	0	6.16695e+06
2.1719e+08	0	6.15828e+06
2.17208e+08	0	6.14961e+06
2.17225e+08	0	6.14097e+06
2.17243e+08	0	6.13233e+06
2.17261e+08	0	6.12371e+06
2.17278e+08	0	6.11509e+06
2.17296e+08	0	6.10649e+06
2.17313e+08	0	6.0979e+06
2.1733e+08	0	6.08933e+06
2.17348e+08	0	6.08076e+06
2.17365e+08	0	6.07221e+06
2.17383e+08	0	6.06367e+06
2.174e+08	0	6.05514e+06
2.17417e+08	0	6.04663e+06
2.17434e+08	0	6.03812e+06
2.17452e+08	0	6.02963e+06
2.17469e+08	0	6.02115e+06
2.17486e+08	0	6.01268e+06
2.17503e+08	0	6.00422e+06
2.1752e+08	0	5.99577e+06
2.17537e+08	0	5.98734e+06
2.17554e+08	0	5.97892e+06
2.17571e+08	0	5.97051e+06
2.17588e+08	0	5.96211e+06
2.17605e+08	0	5.95372e+06
2.17622e+08	0	5.94535e+06
2.17639e+08	0	5.93699e+06
2.17656e+08	0	5.92864e+06
2.17673e+08	0	5.9203e+06
2.17689e+08	0	5.91197e+06
2.17706e+08	0	5.90365e+06
2.17723e+08	0	5.89535e+06
2.1774e+08	0	5.88705e+06
2.17756e+08	0	5.87877e+06
2.17773e+08	0	5.8705e+06
2.17789e+08	0	5.86224e+06
2.17806e+08	0	5.854e+06
2.17823e+08	0	5.84576e+06
2.17839e+08	0	5.83754e+06
2.17856e+08	0	5.82932e+06
2.17872e+08	0	5.82112e+06
2.17889e+08	0	5.81293e+06
2.17905e+08	0	5.80476e+06
2.17921e+08	0	5.79659e+06
2.17938e+08	0	5.78843e+06
2.17954e+08	0	5.78029e+06
2.1797e+08	0	5.77216e+06
2.17987e+08	0	5.76404e+06
2.18003e+08	0	5.75593e+06
2.18019e+08	0	5.74783e+06
2.18035e+08	0	5.73974e+06
2.18051e+08	0	5.73167e+06
2.18067e+08	0	5.7236e+06
2.18084e+08	0	5.71555e+06
2.181e+08	0	5.70751e+06
2.18116e+08	0	5.69948e+06
2.18132e+08	0	5.69146e+06
2.18148e+08	0	5.68345e+06
2.18164e+08	0	5.67545e+06
2.1818e+08	0	5.66747e+06
2.18195e+08	0	5.65949e+06
2.18211e+08	0	5.65153e+06
2.18227e+08	0	5.64358e+06
2.18243e+08	0	5.63564e+06
2.18259e+08	0	5.62771e+06
2.18275e+08	0	5.61979e+06
2.1829e+08	0	5.61188e+06
2.18306e+08	0	5.60398e+06
2.18322e+08	0	5.5961e+06
2.18337e+08	0	5.58822e+06
2.18353e+08	0	5.58036e+06
2.18369e+08	0	5.57251e+06
2.18384e+08	0	5.56466e+06
2.184e+08	0	5.55683e+06
2.18415e+08	0	5.54901e+06
2.18431e+08	0	5.54121e+06
2.18446e+08	0	5.53341e+06
2.18462e+08	0	5.52562e+06
2.18477e+08	0	5.51784e+06
2.18493e+08	0	5.51008e+06
2.18508e+08	0	5.50233e+06
2.18523e+08	0	5.49458e+06
2.18539e+08	0	5.48685e+06
2.18554e+08	0	5.47913e+06
2.18569e+08	0	5.47142e+06
2.18584e+08	0	5.46372e+06
2.186e+08	0	5.45603e+06
2.18615e+08	0	5.44835e+06
2.1863e+08	0	5.44068e+06
2.18645e+08	0	5.43302e+06
2.1866e+08	0	5.42538e+06
2.18675e+08	0	5.41774e+06
2.1869e+08	0	5.41012e+06
2.18705e+08	0	5.4025e+06
2.1872e+08	0	5.3949e+06
2.18735e+08	0	5.38731e+06
2.1875e+08	0	5.37972e+06
2.18765e+08	0	5.37215e+06
2.1878e+08	0	5.36459e+06
2.18795e+08	0	5.35704e+06
2.1881e+08	0	5.3495e+06
2.18825e+08	0	5.34197e+06
2.18839e+08	0	5.33445e+06
2.18854e+08	0	5.32694e+06
2.18869e+08	0	5.31945e+06
2.18884e+08	0	5.31196e+06
2.18898e+08	0	5.30448e+06
2.18913e+08	0	5.29701e+06
2.18928e+08	0	5.28956e+06
2.18942e+08	0	5.28211e+06
2.18957e+08	0	5.27468e+06
2.18972e+08	0	5.26725e+06
2.18986e+08	0	5.25984e+06
2.19001e+08	0	5.25244e+06
2.19015e+08	0	5.24504e+06
2.1903e+08	0	5.23766e+06
2.19044e+08	0	5.23029e+06
2.19058e+08	0	5.22292e+06
2.19073e+08	0	5.21557e+06
2.19087e+08	0	5.20823e+06
2.19102e+08	0	5.2009e+06
2.19116e+08	0	5.19358e+06
2.1913e+08	0	5.18627e+06
2.19145e+08	0	5.17896e+06
2.19159e+08	0	5.17167e+06
2.19173e+08	0	5.16439e+06
2.19187e+08	0	5.15712e+06
2.19201e+08	0	5.14986e+06
2.19216e+08	0	5.14261e+06
2.1923e+08	0	5.13537e+06
2.19244e+08	0	5.12814e+06
2.19258e+08	0	5.12093e+06
2.19272e+08	0	5.11372e+06
2.19286e+08	0	5.10652e+06
2.193e+08	0	5.09933e+06
2.19314e+08	0	5.09215e+06
2.19328e+08	0	5.08498e+06
2.19342e+08	0	5.07782e+06
2.19356e+08	0	5.07067e+06
2.1937e+08	0	5.06353e+06
2.19384e+08	0	5.0564e+06
2.19398e+08	0	5.04929e+06
2.19412e+08	0	5.04218e+06
2.19425e+08	0	5.03508e+06
2.19439e+08	0	5.02799e+06
2.19453e+08	0	5.02091e+06
2.19467e+08	0	5.01384e+06
2.1948e+08	0	5.00678e+06
2.19494e+08	0	4.99973e+06
2.19508e+08	0	4.99269e+06
2.19521e+08	0	4.98566e+06
2.19535e+08	0	4.97864e+06
2.19549e+08	0	4.97163e+06
2.19562e+08	0	4.96463e+06
2.19576e+08	0	4.95764e+06
2.19589e+08	0	4.95066e+06
2.19603e+08	0	4.94369e+06
2.19616e+08	0	4.93673e+06
2.1963e+08	0	4.92978e+06
2.19643e+08	0	4.92284e+06
2.19657e+08	0	4.91591e+06
2.1967e+08	0	4.90899e+06
2.19684e+08	0	4.90207e+06
2.19697e+08	0	4.89517e+06
2.1971e+08	0	4.88828e+06
2.19724e+08	0	4.88139e+06
2.19737e+08	0	4.87452e+06
2.1975e+08	0	4.86766e+06
2.19763e+08	0	4.8608e+06
2.19777e+08	0	4.85396e+06
2.1979e+08	0	4.84712e+06
2.19803e+08	0	4.8403e+06
2.19816e+08	0	4.83348e+06
2.19829e+08	0	4.82667e+06
2.19843e+08	0	4.81988e+06
2.19856e+08	0	4.81309e+06
2.19869e+08	0	4.80631e+06
2.19882e+08	0	4.79954e+06
2.19895e+08	0	4.79279e+06
2.19908e+08	0	4.78604e+06
2.19921e+08	0	4.7793e+06
2.19934e+08	0	4.77257e+06
2.19947e+08	0	4.76585e+06
2.1996e+08	0	4.75913e+06
2.19973e+08	0	4.75243e+06
2.19986e+08	0	4.74574e+06
2.19998e+08	0	4.73906e+06
2.20011e+08	0	4.73238e+06
2.20024e+08	0	4.72572e+06
2.20037e+08	0	4.71906e+06
2.2005e+08	0	4.71242e+06
2.20063e+08	0	4.70578e+06
2.20075e+08	0	4.69915e+06
2.20088e+08	0	4.69253e+06
2.20101e+08	0	4.68592e+06
2.20113e+08	0	4.67933e+06
2.20126e+08	0	4.67274e+06
2.20139e+08	0	4.66615e+06
2.20151e+08	0	4.65958e+06
2.20164e+08	0	4.65302e+06
2.20177e+08	0	4.64647e+06
2.20189e+08	0	4.63992e+06
2.20202e+08	0	4.63339e+06
2.20214e+08	0	4.62686e+06
2.20227e+08	0	4.62035e+06
2.20239e+08	0	4.61384e+06
2.20252e+08	0	4.60734e+06
2.20264e+08	0	4.60085e+06
2.20276e+08	0	4.59437e+06
2.20289e+08	0	4.5879e+06
2.20301e+08	0	4.58144e+06
2.20314e+08	0	4.57498e+06
2.20326e+08	0	4.56854e+06
2.20338e+08	0	4.56211e+06
2.20351e+08	0	4.55568e+06
2.20363e+08	0	4.54926e+06
2.20375e+08	0	4.54285e+06
2.20387e+08	0	4.53646e+06
2.204e+08	0	4.53007e+06
2.20412e+08	0	4.52369e+06
2.20424e+08	0	4.51731e+06
2.20436e+08	0	4.51095e+06
2.20448e+08	0	4.5046e+06
2.2046e+08	0	4.49825e+06
2.20472e+08	0	4.49192e+06
2.20485e+08	0	4.48559e+06
2.20497e+08	0	4.47927e+06
2.20509e+08	0	4.47296e+06
2.20521e+08	0	4.46666e+06
2.20533e+08	0	4.46037e+06
2.20545e+08	0	4.45408e+06
2.20557e+08	0	4.44781e+06
2.20569e+08	0	4.44154e+06
2.20581e+08	0	4.43529e+06
2.20592e+08	0	4.42904e+06
2.20604e+08	0	4.4228e+06
2.20616e+08	0	4.41657e+06
2.20628e+08	0	4.41035e+06
2.2064e+08	0	4.40414e+06
2.20652e+08	0	4.39793e+06
2.20664e+08	0	4.39174e+06
2.20675e+08	0	4.38555e+06
2.20687e+08	0	4.37937e+06
2.20699e+08	0	4.3732e+06
2.20711e+08	0	4.36704e+06
2.20722e+08	0	4.36089e+06
2.20734e+08	0	4.35475e+06
2.20746e+08	0	4.34861e+06
2.20757e+08	0	4.34249e+06
2.20769e+08	0	4.33637e+06
2.2078e+08	0	4.33026e+06
2.20792e+08	0	4.32416e+06
2.20804e+08	0	4.31807e+06
2.20815e+08	0	4.31198e+06
2.20827e+08	0	4.30591e+06
2.20838e+08	0	4.29984e+06
2.2085e+08	0	4.29378e+06
2.20861e+08	0	4.28774e+06
2.20873e+08	0	4.28169e+06
2.20884e+08	0	4.27566e+06
2.20896e+08	0	4.26964e+06
2.20907e+08	0	4.26362e+06
2.20918e+08	0	4.25762e+06
2.2093e+08	0	4.25162e+06
2.20941e+08	0	4.24563e+06
2.20952e+08	0	4.23965e+06
2.20964e+08	0	4.23367e+06
2.20975e+08	0	4.22771e+06
2.20986e+08	0	4.22175e+06
2.20998e+08	0	4.2158e+06
2.21009e+08	0	4.20986e+06
2.2102e+08	0	4.20393e+06
2.21031e+08	0	4.19801e+06
2.21042e+08	0	4.19209e+06
2.21054e+08	0	4.18619e+06
2.21065e+08	0	4.18029e+06
2.21076e+08	0	4.1744e+06
2.21087e+08	0	4.16852e+06
2.21098e+08	0	4.16264e+06
2.21109e+08	0	4.15678e+06
2.2112e+08	0	4.15092e+06
2.21131e+08	0	4.14507e+06
2.21142e+08	0	4.13923e+06
2.21153e+08	0	4.1334e+06
2.21164e+08	0	4.12758e+06
2.21175e+08	0	4.12176e+06
2.21186e+08	0	4.11595e+06
2.21197e+08	0	4.11015e+06
2.21208e+08	0	4.10436e+06
2.21219e+08	0	4.09858e+06
2.2123e+08	0	4.0928e+06
2.21241e+08	0	4.08704e+06
2.21252e+08	0	4.08128e+06
2.21263e+08	0	4.07553e+06
2.21274e+08	0	4.06978e+06
2.21284e+08	0	4.06405e+06
2.21295e+08	0	4.05832e+06
2.21306e+08	0	4.0526e+06
2.21317e+08	0	4.04689e+06
2.21327e+08	0	4.04119e+06
2.21338e+08	0	4.0355e+06
2.21349e+08	0	4.02981e+06
2.2136e+08	0	4.02413e+06
2.2137e+08	0	4.01846e+06
2.21381e+08	0	4.0128e+06
2.21392e+08	0	4.00714e+06
2.21402e+08	0	4.0015e+06
2.21413e+08	0	3.99586e+06
2.21423e+08	0	3.99023e+06
2.21434e+08	0	3.9846e+06
2.21445e+08	0	3.97899e+06
2.21455e+08	0	3.97338e+06
2.21466e+08	0	3.96778e+06
2.21476e+08	0	3.96219e+06
2.21487e+08	0	3.95661e+06
2.21497e+08	0	3.95103e+06
2.21508e+08	0	3.94546e+06
2.21518e+08	0	3.9399e+06
2.21528e+08	0	3.93435e+06
2.21539e+08	0	3.92881e+06
2.21549e+08	0	3.92327e+06
2.2156e+08	0	3.91774e+06
2.2157e+08	0	3.91222e+06
2.2158e+08	0	3.90671e+06
2.21591e+08	0	3.9012e+06
2.21601e+08	0	3.8957e+06
2.21611e+08	0	3.89021e+06
2.21622e+08	0	3.88473e+06
2.21632e+08	0	3.87925e+06
2.21642e+08	0	3.87379e+06
2.21652e+08	0	3.86833e+06
2.21663e+08	0	3.86288e+06
2.21673e+08	0	3.85743e+06
2.21683e+08	0	3.852e+06
2.21693e+08	0	3.84657e+06
2.21703e+08	0	3.84115e+06
2.21713e+08	0	3.83573e+06
2.21724e+08	0	3.83033e+06
2.21734e+08	0	3.82493e+06
2.21744e+08	0	3.81954e+06
2.21754e+08	0	3.81415e+06
2.21764e+08	0	3.80878e+06
2.21774e+08	0	3.80341e+06
2.21784e+08	0	3.79805e+06
2.21794e+08	0	3.7927e+06
2.21804e+08	0	3.78735e+06
2.21814e+08	0	3.78201e+06
2.21824e+08	0	3.77668e+06
2.21834e+08	0	3.77136e+06
2.21844e+08	0	3.76604e+06
2.21854e+08	0	3.76074e+06
2.21864e+08	0	3.75544e+06
2.21874e+08	0	3.75014e+06
2.21883e+08	0	3.74486e+06
2.21893e+08	0	3.73958e+06
2.21903e+08	0	3.73431e+06
2.21913e+08	0	3.72904e+06
2.21923e+08	0	3.72379e+06
2.21933e+08	0	3.71854e+06
2.21942e+08	0	3.7133e+06
2.21952e+08	0	3.70806e+06
2.21962e+08	0	3.70284e+06
2.21972e+08	0	3.69762e+06
2.21981e+08	0	3.69241e+06
2.21991e+08	0	3.6872e+06
2.22001e+08	0	3.682e+06
2.2201e+08	0	3.67681e+06
2.2202e+08	0	3.67163e+06
2.2203e+08	0	3.66646e+06
2.22039e+08	0	3.66129e+06
2.22049e+08	0	3.65613e+06
2.22059e+08	0	3.65097e+06
2.22068e+08	0	3.64583e+06
2.22078e+08	0	3.64069e+06
2.22087e+08	0	3.63556e+06
2.22097e+08	0	3.63043e+06
2.22106e+08	0	3.62531e+06
2.22116e+08	0	3.6202e+06
2.22125e+08	0	3.6151e+06
2.22135e+08	0	3.61e+06
2.22144e+08	0	3.60492e+06
2.22154e+08	0	3.59983e+06
2.22163e+08	0	3.59476e+06
2.22173e+08	0	3.58969e+06
2.22182e+08	0	3.58463e+06
2.22192e+08	0	3.57958e+06
2.22201e+08	0	3.57453e+06
2.2221e+08	0	3.56949e+06
2.2222e+08	0	3.56446e+06
2.22229e+08	0	3.55944e+06
2.22238e+08	0	3.55442e+06
2.22248e+08	0	3.54941e+06
2.22257e+08	0	3.54441e+06
2.22266e+08	0	3.53941e+06
2.22276e+08	0	3.53442e+06
2.22285e+08	0	3.52944e+06
2.22294e+08	0	3.52446e+06
2.22303e+08	0	3.51949e+06
2.22313e+08	0	3.51453e+06
2.22322e+08	0	3.50958e+06
2.22331e+08	0	3.50463e+06
2.2234e+08	0	3.49969e+06
2.22349e+08	0	3.49476e+06
2.22358e+08	0	3.48983e+06
2.22368e+08	0	3.48491e+06
2.22377e+08	0	3.48e+06
2.22386e+08	0	3.47509e+06
2.22395e+08	0	3.47019e+06
2.22404e+08	0	3.4653e+06
2.22413e+08	0	3.46041e+06
2.22422e+08	0	3.45553e+06
2.22431e+08	0	3.45066e+06
2.2244e+08	0	3.4458e+06
2.22449e+08	0	3.44094e+06
2.22458e+08	0	3.43609e+06
2.22467e+08	0	3.43125e+06
2.22476e+08	0	3.42641e+06
2.22485e+08	0	3.42158e+06
2.22494e+08	0	3.41675e+06
2.22503e+08	0	3.41194e+06
2.22512e+08	0	3.40713e+06
2.22521e+08	0	3.40232e+06
2.2253e+08	0	3.39753e+06
2.22538e+08	0	3.39274e+06
2.22547e+08	0	3.38795e+06
2.22556e+08	0	3.38318e+06
2.22565e+08	0	3.37841e+06
2.22574e+08	0	3.37364e+06
2.22583e+08	0	3.36889e+06
2.22591e+08	0	3.36414e+06
2.226e+08	0	3.35939e+06
2.22609e+08	0	3.35466e+06
2.22618e+08	0	3.34993e+06
2.22626e+08	0	3.3452e+06
2.22635e+08	0	3.34049e+06
2.22644e+08	0	3.33578e+06
2.22653e+08	0	3.33107e+06
2.22661e+08	0	3.32638e+06
2.2267e+08	0	3.32169e+06
2.22679e+08	0	3.317e+06
2.22687e+08	0	3.31233e+06
2.22696e+08	0	3.30766e+06
2.22704e+08	0	3.30299e+06
2.22713e+08	0	3.29834e+06
2.22722e+08	0	3.29369e+06
2.2273e+08	0	3.28904e+06
2.22739e+08	0	3.2844e+06
2.22747e+08	0	3.27977e+06
2.22756e+08	0	3.27515e+06
2.22764e+08	0	3.27053e+06
2.22773e+08	0	3.26592e+06
2.22781e+08	0	3.26131e+06
2.2279e+08	0	3.25672e+06
2.22798e+08	0	3.25212e+06
2.22807e+08	0	3.24754e+06
2.22815e+08	0	3.24296e+06
2.22824e+08	0	3.23839e+06
2.22832e+08	0	3.23382e+06
2.22841e+08	0	3.22926e+06
2.22849e+08	0	3.22471e+06
2.22857e+08	0	3.22016e+06
2.22866e+08	0	3.21562e+06
2.22874e+08	0	3.21109e+06
2.22882e+08	0	3.20656e+06
2.22891e+08	0	3.20204e+06
2.22899e+08	0	3.19752e+06
2.22907e+08	0	3.19301e+06
2.22916e+08	0	3.18851e+06
2.22924e+08	0	3.18401e+06
2.22932e+08	0	3.17952e+06
2.22941e+08	0	3.17504e+06
2.22949e+08	0	3.17056e+06
2.22957e+08	0	3.16609e+06
2.22965e+08	0	3.16163e+06
2.22974e+08	0	3.15717e+06
2.22982e+08	0	3.15272e+06
2.2299e+08	0	3.14827e+06
2.22998e+08	0	3.14383e+06
2.23006e+08	0	3.1394e+06
2.23014e+08	0	3.13497e+06
2.23023e+08	0	3.13055e+06
2.23031e+08	0	3.12614e+06
2.23039e+08	0	3.12173e+06
2.23047e+08	0	3.11733e+06
2.23055e+08	0	3.11293e+06
2.23063e+08	0	3.10854e+06
2.23071e+08	0	3.10416e+06
2.23079e+08	0	3.09978e+06
2.23087e+08	0	3.09541e+06
2.23095e+08	0	3.09104e+06
2.23103e+08	0	3.08668e+06
2.23111e+08	0	3.08233e+06
2.23119e+08	0	3.07799e+06
2.23127e+08	0	3.07364e+06
2.23135e+08	0	3.06931e+06
2.23143e+08	0	3.06498e+06
2.23151e+08	0	3.06066e+06
2.23159e+08	0	3.05634e+06
2.23167e+08	0	3.05203e+06
2.23175e+08	0	3.04773e+06
2.23183e+08	0	3.04343e+06
2.23191e+08	0	3.03914e+06
2.23199e+08	0	3.03485e+06
2.23206e+08	0	3.03057e+06
2.23214e+08	0	3.0263e+06
2.23222e+08	0	3.02203e+06
2.2323e+08	0	3.01777e+06
2.23238e+08	0	3.01351e+06
2.23246e+08	0	3.00926e+06
2.23253e+08	0	3.00502e+06
2.23261e+08	0	3.00078e+06
2.23269e+08	0	2.99655e+06
2.23277e+08	0	2.99232e+06
2.23284e+08	0	2.9881e+06
2.23292e+08	0	2.98389e+06
2.233e+08	0	2.97968e+06
2.23308e+08	0	2.97548e+06
2.23315e+08	0	2.97128e+06
2.23323e+08	0	2.96709e+06
2.23331e+08	0	2.96291e+06
2.23338e+08	0	2.95873e+06
2.23346e+08	0	2.95456e+06
2.23354e+08	0	2.95039e+06
2.23361e+08	0	2.94623e+06
2.23369e+08	0	2.94207e+06
2.23376e+08	0	2.93792e+06
2.23384e+08	0	2.93378e+06
2.23392e+08	0	2.92964e+06
2.23399e+08	0	2.92551e+06
2.23407e+08	0	2.92138e+06
2.23414e+08	0	2.91726e+06
2.23422e+08	0	2.91315e+06
2.23429e+08	0	2.90904e+06
2.23437e+08	0	2.90494e+06
2.23444e+08	0	2.90084e+06
2.23452e+08	0	2.89675e+06
2.23459e+08	0	2.89266e+06
2.23467e+08	0	2.88858e+06
2.23474e+08	0	2.88451e+06
2.23482e+08	0	2.88044e+06
2.23489e+08	0	2.87638e+06
2.23497e+08	0	2.87232e+06
2.23504e+08	0	2.86827e+06
2.23511e+08	0	2.86423e+06
2.23519e+08	0	2.86019e+06
2.23526e+08	0	2.85615e+06
2.23534e+08	0	2.85212e+06
2.23541e+08	0	2.8481e+06
2.23548e+08	0	2.84408e+06
2.23556e+08	0	2.84007e+06
2.23563e+08	0	2.83607e+06
2.2357e+08	0	2.83207e+06
2.23578e+08	0	2.82807e+06
2.23585e+08	0	2.82408e+06
2.23592e+08	0	2.8201e+06
2.23599e+08	0	2.81612e+06
2.23607e+08	0	2.81215e+06
2.23614e+08	0	2.80818e+06
2.23621e+08	0	2.80422e+06
2.23628e+08	0	2.80027e+06
2.23636e+08	0	2.79632e+06
2.23643e+08	0	2.79237e+06
2.2365e+08	0	2.78843e+06
2.23657e+08	0	2.7845e+06
2.23664e+08	0	2.78057e+06
2.23672e+08	0	2.77665e+06
2.23679e+08	0	2.77273e+06
2.23686e+08	0	2.76882e+06
2.23693e+08	0	2.76492e+06
2.237e+08	0	2.76102e+06
2.23707e+08	0	2.75712e+06
2.23714e+08	0	2.75323e+06
2.23722e+08	0	2.74935e+06
2.23729e+08	0	2.74547e+06
2.23736e+08	0	2.7416e+06
2.23743e+08	0	2.73773e+06
2.2375e+08	0	2.73387e+06
2.23757e+08	0	2.73002e+06
2.23764e+08	0	2.72616e+06
2.23771e+08	0	2.72232e+06
2.23778e+08	0	2.71848e+06
2.23785e+08	0	2.71464e+06
2.23792e+08	0	2.71081e+06
2.23799e+08	0	2.70699e+06
2.23806e+08	0	2.70317e+06
2.23813e+08	0	2.69936e+06
2.2382e+08	0	2.69555e+06
2.23827e+08	0	2.69175e+06
2.23834e+08	0	2.68795e+06
2.23841e+08	0	2.68416e+06
2.23847e+08	0	2.68037e+06
2.23854e+08	0	2.67659e+06
2.23861e+08	0	2.67282e+06
2.23868e+08	0	2.66905e+06
2.23875e+08	0	2.66528e+06
2.23882e+08	0	2.66152e+06
2.23889e+08	0	2.65777e+06
2.23896e+08	0	2.65402e+06
2.23902e+08	0	2.65027e+06
2.23909e+08	0	2.64654e+06
2.23916e+08	0	2.6428e+06
2.23923e+08	0	2.63907e+06
2.2393e+08	0	2.63535e+06
2.23936e+08	0	2.63163e+06
2.23943e+08	0	2.62792e+06
2.2395e+08	0	2.62421e+06
2.23957e+08	0	2.62051e+06
2.23963e+08	0	2.61682e+06
2.2397e+08	0	2.61312e+06
2.23977e+08	0	2.60944e+06
2.23984e+08	0	2.60576e+06
2.2399e+08	0	2.60208e+06
2.23997e+08	0	2.59841e+06
2.24004e+08	0	2.59474e+06
2.2401e+08	0	2.59108e+06
2.24017e+08	0	2.58743e+06
2.24024e+08	0	2.58378e+06
2.2403e+08	0	2.58013e+06
2.24037e+08	0	2.57649e+06
2.24043e+08	0	2.57286e+06
2.2405e+08	0	2.56923e+06
2.24057e+08	0	2.56561e+06
2.24063e+08	0	2.56199e+06
2.2407e+08	0	2.55837e+06
2.24076e+08	0	2.55476e+06
2.24083e+08	0	2.55116e+06
2.24089e+08	0	2.54756e+06
2.24096e+08	0	2.54397e+06
2.24103e+08	0	2.54038e+06
2.24109e+08	0	2.53679e+06
2.24116e+08	0	2.53321e+06
2.24122e+08	0	2.52964e+06
2.24129e+08	0	2.52607e+06
2.24135e+08	0	2.52251e+06
2.24142e+08	0	2.51895e+06
2.24148e+08	0	2.51539e+06
2.24154e+08	0	2.51185e+06
2.24161e+08	0	2.5083e+06
2.24167e+08	0	2.50476e+06
2.24174e+08	0	2.50123e+06
2.2418e+08	0	2.4977e+06
2.24187e+08	0	2.49418e+06
2.24193e+08	0	2.49066e+06
2.24199e+08	0	2.48714e+06
2.24206e+08	0	2.48364e+06
2.24212e+08	0	2.48013e+06
2.24218e+08	0	2.47663e+06
2.24225e+08	0	2.47314e+06
2.24231e+08	0	2.46965e+06
2.24238e+08	0	2.46616e+06
2.24244e+08	0	2.46269e+06
2.2425e+08	0	2.45921e+06
2.24256e+08	0	2.45574e+06
2.24263e+08	0	2.45228e+06
2.24269e+08	0	2.44882e+06
2.24275e+08	0	2.44536e+06
2.24282e+08	0	2.44191e+06
2.24288e+08	0	2.43847e+06
2.24294e+08	0	2.43503e+06
2.243e+08	0	2.43159e+06
2.24307e+08	0	2.42816e+06
2.24313e+08	0	2.42473e+06
2.24319e+08	0	2.42131e+06
2.24325e+08	0	2.4179e+06
2.24331e+08	0	2.41449e+06
2.24338e+08	0	2.41108e+06
2.24344e+08	0	2.40768e+06
2.2435e+08	0	2.40428e+06
2.24356e+08	0	2.40089e+06
2.24362e+08	0	2.3975e+06
2.24368e+08	0	2.39412e+06
2.24375e+08	0	2.39074e+06
2.24381e+08	0	2.38737e+06
2.24387e+08	0	2.384e+06
2.24393e+08	0	2.38063e+06
2.24399e+08	0	2.37728e+06
2.24405e+08	0	2.37392e+06
2.24411e+08	0	2.37057e+06
2.24417e+08	0	2.36723e+06
2.24423e+08	0	2.36389e+06
2.24429e+08	0	2.36055e+06
2.24435e+08	0	2.35722e+06
2.24441e+08	0	2.3539e+06
2.24447e+08	0	2.35057e+06
2.24453e+08	0	2.34726e+06
2.24459e+08	0	2.34395e+06
2.24465e+08	0	2.34064e+06
2.24471e+08	0	2.33734e+06
2.24477e+08	0	2.33404e+06
2.24483e+08	0	2.33074e+06
2.24489e+08	0	2.32746e+06
2.24495e+08	0	2.32417e+06
2.24501e+08	0	2.32089e+06
2.24507e+08	0	2.31762e+06
2.24513e+08	0	2.31435e+06
2.24519e+08	0	2.31108e+06
2.24525e+08	0	2.30782e+06
2.24531e+08	0	2.30457e+06
2.24537e+08	0	2.30131e+06
2.24543e+08	0	2.29807e+06
2.24548e+08	0	2.29482e+06
2.24554e+08	0	2.29159e+06
2.2456e+08	0	2.28835e+06
2.24566e+08	0	2.28512e+06
2.24572e+08	0	2.2819e+06
2.24578e+08	0	2.27868e+06
2.24584e+08	0	2.27546e+06
2.24589e+08	0	2.27225e+06
2.24595e+08	0	2.26905e+06
2.24601e+08	0	2.26584e+06
2.24607e+08	0	2.26265e+06
2.24613e+08	0	2.25945e+06
2.24618e+08	0	2.25627e+06
2.24624e+08	0	2.25308e+06
2.2463e+08	0	2.2499e+06
2.24636e+08	0	2.24673e+06
2.24641e+08	0	2.24356e+06
2.24647e+08	0	2.24039e+06
2.24653e+08	0	2.23723e+06
2.24659e+08	0	2.23407e+06
2.24664e+08	0	2.23092e+06
2.2467e+08	0	2.22777e+06
2.24676e+08	0	2.22463e+06
2.24681e+08	0	2.22149e+06
2.24687e+08	0	2.21836e+06
2.24693e+08	0	2.21523e+06
2.24698e+08	0	2.2121e+06
2.24704e+08	0	2.20898e+06
2.2471e+08	0	2.20586e+06
2.24715e+08	0	2.20275e+06
2.24721e+08	0	2.19964e+06
2.24726e+08	0	2.19654e+06
2.24732e+08	0	2.19344e+06
2.24738e+08	0	2.19034e+06
2.24743e+08	0	2.18725e+06
2.24749e+08	0	2.18416e+06
2.24754e+08	0	2.18108e+06
2.2476e+08	0	2.178e+06
2.24766e+08	0	2.17493e+06
2.24771e+08	0	2.17186e+06
2.24777e+08	0	2.1688e+06
2.24782e+08	0	2.16574e+06
2.24788e+08	0	2.16268e+06
2.24793e+08	0	2.15963e+06
2.24799e+08	0	2.15658e+06
2.24804e+08	0	2.15354e+06
2.2481e+08	0	2.1505e+06
2.24815e+08	0	2.14746e+06
2.24821e+08	0	2.14443e+06
2.24826e+08	0	2.14141e+06
2.24832e+08	0	2.13839e+06
2.24837e+08	0	2.13537e+06
2.24843e+08	0	2.13235e+06
2.24848e+08	0	2.12935e+06
2.24853e+08	0	2.12634e+06
2.24859e+08	0	2.12334e+06
2.24864e+08	0	2.12034e+06
2.2487e+08	0	2.11735e+06
2.24875e+08	0	2.11436e+06
2.2488e+08	0	2.11138e+06
2.24886e+08	0	2.1084e+06
2.24891e+08	0	2.10542e+06
2.24897e+08	0	2.10245e+06
2.24902e+08	0	2.09949e+06
2.24907e+08	0	2.09652e+06
2.24913e+08	0	2.09356e+06
2.24918e+08	0	2.09061e+06
2.24923e+08	0	2.08766e+06
2.24929e+08	0	2.08471e+06
2.24934e+08	0	2.08177e+06
2.24939e+08	0	2.07883e+06
2.24945e+08	0	2.0759e+06
2.2495e+08	0	2.07297e+06
2.24955e+08	0	2.07005e+06
2.2496e+08	0	2.06712e+06
2.24966e+08	0	2.06421e+06
2.24971e+08	0	2.06129e+06
2.24976e+08	0	2.05838e+06
2.24981e+08	0	2.05548e+06
2.24987e+08	0	2.05258e+06
2.24992e+08	0	2.04968e+06
2.24997e+08	0	2.04679e+06
2.25002e+08	0	2.0439e+06
2.25008e+08	0	2.04102e+06
2.25013e+08	0	2.03814e+06
2.25018e+08	0	2.03526e+06
2.25023e+08	0	2.03239e+06
2.25028e+08	0	2.02952e+06
2.25034e+08	0	2.02665e+06
2.25039e+08	0	2.02379e+06
2.25044e+08	0	2.02094e+06
2.25049e+08	0	2.01809e+06
2.25054e+08	0	2.01524e+06
2.25059e+08	0	2.01239e+06
2.25064e+08	0	2.00955e+06
2.25069e+08	0	2.00672e+06
2.25075e+08	0	2.00389e+06
2.2508e+08	0	2.00106e+06
2.25085e+08	0	1.99823e+06
2.2509e+08	0	1.99541e+06
2.25095e+08	0	1.9926e+06
2.251e+08	0	1.98979e+06
2.25105e+08	0	1.98698e+06
2.2511e+08	0	1.98417e+06
2.25115e+08	0	1.98137e+06
2.2512e+08	0	1.97858e+06
2.25125e+08	0	1.97578e+06
2.2513e+08	0	1.97299e+06
2.25135e+08	0	1.97021e+06
2.2514e+08	0	1.96743e+06
2.25145e+08	0	1.96465e+06
2.2515e+08	0	1.96188e+06
2.25155e+08	0	1.95911e+06
2.2516e+08	0	1.95635e+06
2.25165e+08	0	1.95359e+06
2.2517e+08	0	1.95083e+06
2.25175e+08	0	1.94807e+06
2.2518e+08	0	1.94533e+06
2.25185e+08	0	1.94258e+06
2.2519e+08	0	1.93984e+06
2.25195e+08	0	1.9371e+06
2.252e+08	0	1.93437e+06
2.25205e+08	0	1.93164e+06
2.2521e+08	0	1.92891e+06
2.25215e+08	0	1.92619e+06
2.2522e+08	0	1.92347e+06
2.25225e+08	0	1.92075e+06
