16-12				
p	q	astrain	rstrain1	rstrain2
1007.053533	16.7566	0	0	0
1009.450433	23.9473	-4.66E-07	0	-2.0355E-05
1008.598433	23.9473	-4.66E-07	0	0
1008.598433	23.9473	-4.66E-07	0	0
1015.789233	45.5197	0.000027427	0	-2.0355E-05
1015.300267	59.8928	2.6715E-05	3.61E-07	-2E-05
1020.583067	59.9012	5.5783E-05	0	-2.0355E-05
1025.376933	74.2828	5.4855E-05	0	-2.0355E-05
1026.228933	74.2828	5.4855E-05	0	-2.0355E-05
1025.376933	74.2828	5.4855E-05	0	0
1028.625833	81.4735	8.3677E-05	0	-2.0355E-05
1033.4197	95.8551	0.000082745	0	-2.0355E-05
1028.625833	81.4735	8.3677E-05	0	-2.0355E-05
1034.964667	103.046	0.00011157	-2.0248E-05	-2.0355E-05
1045.404333	131.809	0.000109707	-2.0248E-05	0
1030.170767	88.6643	0.00014179	0	-2.0355E-05
1035.816667	103.046	0.000140858	0	-2.0355E-05
1032.930667	110.228	0.000140612	-1.9886E-05	-2E-05
1042.155333	124.618	0.000168752	0	-2.0355E-05
1046.949333	139	0.00016782	-2.0248E-05	-2.0355E-05
1045.404333	131.809	0.000168286	-2.0248E-05	-2.0355E-05
1034.475667	117.419	0.000198725	-1.9886E-05	-2E-05
1046.949333	139	0.000197108	-2.0248E-05	-2.0355E-05
1046.949333	139	0.000226396	0	-2.0355E-05
1049.346	146.19	0.00022593	0	-2.0355E-05
1056.537	167.763	0.000253823	-2.0248E-05	-2.0355E-05
1056.537	167.763	0.000224535	-2.0248E-05	-2.0355E-05
1059.786	174.954	0.000253357	-2.0248E-05	-2.0355E-05
1066.976667	196.526	0.000251963	-2.0248E-05	-2.0355E-05
1061.330667	182.144	0.000252892	-2.0248E-05	-2.0355E-05
1061.330667	182.144	0.000282179	-2.0248E-05	-2.0355E-05
1066.976667	196.526	0.000310539	-2.0248E-05	-2.0355E-05
1064.579667	189.335	0.000311005	-2.0248E-05	-0.000040717
1068.521667	203.717	0.000310073	-2.0248E-05	-2.0355E-05
1068.032667	218.09	0.000338652	-1.9886E-05	-2E-05
1070.918333	210.907	0.000338895	-2.0248E-05	-2.0355E-05
1070.918333	210.907	0.000338895	-2.0248E-05	-2.0355E-05
1068.521667	203.717	0.000339361	-2.0248E-05	-2.0355E-05
1063.238667	203.708	0.000368872	-1.9886E-05	-2E-05
1078.109333	232.48	0.000366788	-2.0248E-05	-2.0355E-05
1082.903	246.861	0.000395148	-2.0248E-05	-2.0355E-05
1081.358333	239.671	0.000366322	-2.0248E-05	-2.0355E-05
1080.506333	239.671	0.000424902	-2.0248E-05	-2.0355E-05
1080.506333	239.671	0.00039561	-2.0248E-05	-2.0355E-05
1090.094	268.434	0.000423038	-2.0248E-05	-2.0355E-05
1094.887667	282.815	0.000451397	-2.0248E-05	-0.000040717
1088.06	275.616	0.000422792	-1.9886E-05	-4.0355E-05
1093.342667	275.624	0.000451863	-2.0248E-05	-2.0355E-05
1090.094	268.434	0.000481617	-2.0248E-05	-2.0355E-05
1094.887667	282.815	0.000480685	-2.0248E-05	-0.000040717
1100.533667	297.197	0.000479753	-2.0248E-05	-2.0355E-05
1105.327333	311.578	0.000508113	-2.0248E-05	-0.000040717
1100.533667	297.197	0.000509041	-2.0248E-05	-0.000040717
1102.078667	304.388	0.000508575	-2.0248E-05	-2.0355E-05
1109.269333	325.96	0.000536469	-2.0248E-05	-0.000040717
1114.915	340.341	0.000535537	-2.0248E-05	-0.000040717
1107.235333	333.142	0.000536223	-1.9886E-05	-4.0355E-05
1112.518333	333.151	0.000536003	-2.0248E-05	-0.000040717
1114.063	340.341	0.000564828	-2.0248E-05	-0.000040717
1117.312	347.532	0.00059365	-2.0248E-05	-0.000040717
1116.46	347.532	0.00059365	-2.0248E-05	-0.000040717
1121.254	361.914	0.000592718	-2.0248E-05	-0.000040717
1126.047667	376.295	0.00059179	-2.0248E-05	-0.000040717
1121.254	361.914	0.000622006	-2.0248E-05	-0.000040717
1124.503	369.105	0.000621544	-2.0248E-05	-0.000040717
1118.368	369.096	0.000621763	-1.9886E-05	-4.0355E-05
1130.841667	390.677	0.000649434	-2.0248E-05	-0.000040717
1135.635333	405.058	0.000648506	-2.0248E-05	-0.000040717
1126.899667	376.295	0.000650366	-2.0248E-05	-0.000040717
1136.487333	405.058	0.000677793	-2.0248E-05	-0.000040717
1135.635333	405.058	0.000677793	-4.0489E-05	-0.000040717
1138.032333	412.249	0.000706615	-4.0489E-05	-0.000040717
1136.487333	405.058	0.000707081	-4.0489E-05	-0.000040717
1146.075	433.821	0.000734509	-2.0248E-05	-0.000040717
1140.429333	419.44	0.000706149	-2.0248E-05	-0.000040717
1138.032333	412.249	0.000735903	-2.0248E-05	-0.000040717
1140.429333	419.44	0.000735437	-2.0248E-05	-0.000040717
1145.223	433.821	0.000763797	-4.0489E-05	-0.000040717
1145.223	433.821	0.000763797	-4.0489E-05	-0.000040717
1144.734333	448.195	0.000763085	-4.0134E-05	-4.0355E-05
1150.017	448.203	0.000792153	-2.0248E-05	-0.000040717
1153.266	455.394	0.000791687	-4.0489E-05	-0.000040717
1154.811	462.585	0.000820512	-2.0248E-05	-0.000040717
1160.456667	476.966	0.00081958	-4.0489E-05	-0.000040717
1158.059667	469.775	0.000820046	-4.0489E-05	-0.000040717
1156.719	484.149	0.000819334	-4.0134E-05	-4.0355E-05
1159.604667	476.966	0.00081958	-4.0489E-05	-0.000040717
1162.853667	484.157	0.000848402	-4.0489E-05	-0.000040717
1164.398667	491.348	0.00084794	-4.0489E-05	-0.000040717
1172.441333	512.92	0.00087583	-4.0489E-05	-0.000040717
1169.192333	505.729	0.000876296	-2.0248E-05	-6.1071E-05
1169.192333	505.729	0.000876296	-4.0489E-05	-0.000040717
1170.044333	505.729	0.000905584	-4.0489E-05	-0.000040717
1173.986333	520.111	0.000904655	-4.0489E-05	-6.1071E-05
1172.441333	512.92	0.000934409	-4.0489E-05	-0.000040717
1166.306667	512.912	0.000934629	-4.0134E-05	-4.0355E-05
1177.235333	527.302	0.000933477	-4.0489E-05	-6.1071E-05
1183.574	548.874	0.000961371	-4.0489E-05	-0.000040717
1182.029	541.683	0.000961833	-4.0489E-05	-0.000040717
1188.367667	563.255	0.000960439	-4.0489E-05	-6.1071E-05
1184.426	548.874	0.000990659	-4.0489E-05	-6.1071E-05
1191.616667	570.446	0.000989261	-4.0489E-05	-6.1071E-05
1193.161667	577.637	0.000988795	-4.0489E-05	-6.1071E-05
1183.085	563.247	0.001019224	-4.0134E-05	-6.0717E-05
1196.410667	584.828	0.001017627	-4.0489E-05	-6.1071E-05
1197.955667	592.019	0.001046446	-4.0489E-05	-6.1071E-05
1195.558667	584.828	0.001046911	-4.0489E-05	-6.1071E-05
1192.672667	592.01	0.001046679	-4.0134E-05	-6.0717E-05
1200.352333	599.209	0.001075264	-4.0489E-05	-6.1071E-05
1205.998333	613.591	0.001074332	-4.0489E-05	-6.1071E-05
1210.792	627.972	0.001102685	-4.0489E-05	-6.1071E-05
1207.543333	620.782	0.001103151	-4.0489E-05	-6.1071E-05
1203.112333	620.773	0.001103384	-6.0375E-05	-6.0717E-05
1212.337	635.163	0.001102219	-4.0489E-05	-6.1071E-05
1213.189	635.163	0.001102219	-4.0489E-05	-6.1071E-05
1207.906333	635.155	0.001131737	-4.0134E-05	-6.0717E-05
1217.131	649.545	0.001159857	-4.0489E-05	-6.1071E-05
1221.924667	663.926	0.001158958	-0.000060736	-6.1071E-05
1217.494	663.918	0.001159158	-4.0134E-05	-6.0717E-05
1226.718667	678.308	0.001158026	-0.000060736	-6.1071E-05
1221.924667	663.926	0.001158958	-0.000060736	-6.1071E-05
1229.115667	685.499	0.001186845	-0.000060736	-6.1071E-05
1231.512333	692.689	0.001215664	-0.000060736	-8.1433E-05
1237.158333	707.071	0.001214732	-0.000060736	-6.1071E-05
1237.158333	707.071	0.001214732	-0.000060736	-6.1071E-05
1236.306333	707.071	0.001244016	-0.000060736	-6.1071E-05
1239.555333	714.262	0.00124355	-0.000060736	-6.1071E-05
1245.894	735.834	0.001271437	-0.000060736	-8.1433E-05
1241.1	721.452	0.001243085	-0.000060736	-6.1071E-05
1250.688	750.216	0.001270506	-4.0489E-05	-8.1433E-05
1250.688	750.216	0.00129979	-0.000060736	-6.1071E-05
1253.936667	757.406	0.001299324	-0.000060736	-8.1433E-05
1250.688	750.216	0.00129979	-0.000060736	-8.1433E-05
1255.481667	764.597	0.001328143	-0.000060736	-8.1433E-05
1256.333667	764.597	0.001328143	-0.000060736	-8.1433E-05
1253.448	771.78	0.00132791	-6.0375E-05	-8.1071E-05
1257.878667	771.788	0.001327677	-0.000060736	-8.1433E-05
1260.638667	793.352	0.001355797	-6.0375E-05	-8.1071E-05
1262.672333	786.169	0.001326745	-0.000060736	-6.1071E-05
1267.466333	800.551	0.001355131	-0.000060736	-8.1433E-05
1267.466333	800.551	0.001384416	-0.000060736	-8.1433E-05
1270.715333	807.742	0.001413234	-0.000060736	-8.1433E-05
1265.432333	807.733	0.001384149	-8.0623E-05	-8.1071E-05
1282.7	843.696	0.001410905	-8.0977E-05	-8.1433E-05
1274.168	836.496	0.001411604	-8.0623E-05	-8.1071E-05
1281.848	843.696	0.001440189	-0.000060736	-8.1433E-05
1279.451	836.505	0.001440655	-0.000060736	-8.1433E-05
1283.756	865.26	0.001439025	-8.0623E-05	-8.1071E-05
1286.641667	858.077	0.001468542	-8.0977E-05	-8.1433E-05
1296.229333	886.84	0.001466679	-8.0977E-05	-0.000101794
1289.401667	879.641	0.001496662	-8.0623E-05	-8.1071E-05
1297.081333	886.84	0.001495963	-8.0977E-05	-0.000101794
1301.875333	901.222	0.001524349	-8.0977E-05	-0.000101794
1298.626333	894.031	0.001495497	-8.0977E-05	-0.000101794
1298.626333	894.031	0.001524815	-8.0977E-05	-0.000101794
1306.669	915.603	0.001552702	-8.0977E-05	-0.000101794
1309.066	922.794	0.001522951	-8.0977E-05	-0.000101794
1305.328333	929.977	0.00155197	-8.0623E-05	-0.000101433
1316.256667	944.366	0.001580123	-8.0977E-05	-0.000101794
1313.008	937.176	0.001580589	-8.0977E-05	-0.000101794
1317.801667	951.557	0.001579657	-8.0977E-05	-0.000101794
1312.519	951.549	0.00157989	-8.0623E-05	-0.000101433
1315.404667	944.366	0.001580123	-8.0977E-05	-0.000101794
1324.503667	987.503	0.001606845	-8.0623E-05	-0.000101433
1329.786333	987.511	0.001635897	-8.0977E-05	-0.000101794
1330.638333	987.511	0.001635897	-8.0977E-05	-0.000101794
1330.148	1001.88	0.001635198	-8.0623E-05	-0.000101433
1337.828	1009.08	0.001663783	-8.0977E-05	-0.000101794
1346.566	1037.85	0.00166192	-0.000101225	-0.000101794
1331.696	1009.08	0.001664016	-0.000100864	-0.000121794
1336.976	1009.08	0.001663783	-8.0977E-05	-0.000101794
1344.169333	1030.66	0.001691704	-0.000101225	-0.000122149
1351.359333	1052.23	0.00171959	-0.000101225	-0.000122149
1346.566	1037.85	0.001720522	-0.000101225	-0.000122149
1353.756	1059.42	0.001719124	-0.000101225	-0.000122149
1352.211333	1052.23	0.00171959	-0.000101225	-0.000122149
1364.194667	1088.18	0.001746545	-0.000101225	-0.000122149
1359.401333	1073.8	0.001747477	-0.000101225	-0.000122149
1363.342667	1088.18	0.001746545	-0.000101225	-0.000122149
1361.798	1080.99	0.001776296	-0.000101225	-0.000122149
1376.181333	1124.14	0.001802785	-0.000101225	-0.000122149
1368.136	1102.56	0.001804183	-0.000101225	-0.000122149
1384.916	1152.9	0.001830206	-0.000121473	-0.000122149
1378.088	1145.7	0.001830905	-0.000100864	-0.000121794
1384.916	1152.9	0.001830206	-0.000101225	-0.000122149
1374.839333	1138.51	0.001831371	-0.000100864	-0.000121794
1388.164667	1160.09	0.001859058	-0.000101225	-0.000122149
1388.164667	1160.09	0.001859058	-0.000101225	-0.000122149
1387.312667	1160.09	0.001859058	-0.000121473	-0.00014251
1392.958	1174.47	0.001858126	-0.000121473	-0.000122149
1399.296	1196.04	0.001886013	-0.000121473	-0.00014251
1402.544667	1203.23	0.001885547	-0.000121473	-0.00014251
1400.148	1196.04	0.001915298	-0.000121473	-0.00014251
1399.296	1196.04	0.001886013	-0.000121473	-0.00014251
1404.092667	1210.43	0.001914366	-0.000121473	-0.00014251
1411.282667	1232	0.001942253	-0.000121473	-0.00014251
1401.692667	1203.23	0.001944116	-0.000121473	-0.00014251
1419.324667	1253.57	0.001970139	-0.000121473	-0.00014251
1416.928	1246.38	0.001970605	-0.000121473	-0.00014251
1418.472667	1253.57	0.001970139	-0.000121473	-0.00014251
1423.266	1267.95	0.001969208	-0.000121473	-0.00014251
1419.324667	1253.57	0.001999424	-0.000121473	-0.00014251
1433.704667	1296.71	0.001996629	-0.000121473	-0.00014251
1428.911333	1282.33	0.002026845	-0.000141714	-0.00014251
1431.308	1289.52	0.002026379	-0.000121473	-0.00014251
1432.852667	1296.71	0.002025946	-0.000121473	-0.00014251
1432.852667	1296.71	0.002055231	-0.000141714	-0.00014251
1432.852667	1296.71	0.002055231	-0.000121473	-0.00014251
1442.442667	1325.48	0.002082652	-0.000141714	-0.00014251
1440.046	1318.29	0.002053833	-0.000141714	-0.00014251
1440.898	1318.29	0.002083118	-0.000141714	-0.00014251
1449.632667	1347.05	0.002081254	-0.000141714	-0.00014251
1446.746	1354.23	0.002110306	-0.000141359	-0.000142149
1452.029333	1354.24	0.002110073	-0.000141714	-0.000162865
1459.219333	1375.81	0.00213796	-0.000141714	-0.000162865
1454.426	1361.43	0.002138892	-0.000141714	-0.000162865
1456.822667	1368.62	0.002138426	-0.000121473	-0.000162865
1451.539333	1368.61	0.002167943	-0.000141359	-0.00016251
1461.616	1383	0.002166778	-0.000141714	-0.000162865
1461.129333	1397.38	0.00216608	-0.000141359	-0.00016251
1461.616	1383	0.002196063	-0.000141714	-0.000162865
1474.454667	1418.96	0.002193733	-0.000141714	-0.000162865
1472.058	1411.77	0.002194199	-0.000141714	-0.000162865
1471.206	1411.77	0.002223517	-0.000141714	-0.000162865
1471.206	1411.77	0.002223517	-0.000141714	-0.000162865
1475.999333	1426.15	0.002222585	-0.000141714	-0.000162865
1480.792667	1440.53	0.002221654	-0.000141714	-0.000162865
1490.379333	1469.29	0.002249075	-0.000141714	-0.000162865
1487.982667	1462.1	0.00224954	-0.000141714	-0.000183227
1484.041333	1447.72	0.002279757	-0.000141714	-0.000183227
1491.231333	1469.29	0.002278359	-0.000161961	-0.000183227
1490.379333	1469.29	0.002278359	-0.000141714	-0.000183227
1502.366	1505.25	0.00227603	-0.000161961	-0.000183227
1495.172667	1483.67	0.002306712	-0.000161961	-0.000183227
1502.366	1505.25	0.002334599	-0.000141714	-0.000183227
1511.952667	1534.01	0.002332735	-0.000161961	-0.000183227
1509.556	1526.82	0.002333201	-0.000161961	-0.000183227
1512.804667	1534.01	0.00236202	-0.000161961	-0.000183227
1509.556	1526.82	0.002362486	-0.000161961	-0.000183227
1514.349333	1541.2	0.002390872	-0.000161961	-0.000183227
1514.349333	1541.2	0.002390872	-0.000161961	-0.000183227
1519.994667	1555.58	0.00238994	-0.000161961	-0.000183227
1511.462667	1548.38	0.00241989	-0.000141359	-0.000182865
1529.584667	1584.35	0.002417361	-0.000161961	-0.000203581
1528.732667	1584.35	0.002417361	-0.000161961	-0.000183227
1528.732667	1584.35	0.002417361	-0.000161961	-0.000183227
1533.526	1598.73	0.002445713	-0.000161961	-0.000183227
1534.378	1598.73	0.002445713	-0.000161961	-0.000183227
1534.378	1598.73	0.002445713	-0.000161961	-0.000183227
1545.509333	1634.68	0.002472669	-0.000182202	-0.000203581
1533.036	1613.1	0.002503584	-0.0001616	-0.000203227
1540.716	1620.3	0.0024736	-0.000182202	-0.000203581
1548.758	1641.87	0.002501487	-0.000182202	-0.000203581
1558.344667	1670.63	0.002528908	-0.000182202	-0.000183227
1547.416	1656.24	0.002530073	-0.000181848	-0.000203227
1553.551333	1656.25	0.00252984	-0.000182202	-0.000203581
1555.461333	1677.82	0.002528675	-0.000181848	-0.000203227
1560.254667	1692.2	0.002557028	-0.000181848	-0.000203227
1571.876	1713.78	0.002555431	-0.000182202	-0.000203581
1571.876	1713.78	0.002555431	-0.000182202	-0.000203581
1572.728	1713.78	0.002584715	-0.000182202	-0.000203581
1583.859333	1749.73	0.00261167	-0.000182202	-0.000223943
1569.479333	1706.59	0.002585181	-0.000182202	-0.000223943
1593.449333	1778.5	0.002639091	-0.000182202	-0.000223943
1581.462667	1742.54	0.002612136	-0.000182202	-0.000223943
1579.066	1735.35	0.002612602	-0.000182202	-0.000203581
1586.621333	1771.3	0.00263979	-0.000202095	-0.000203227
1593.449333	1778.5	0.002639091	-0.00020245	-0.000223943
1591.052667	1771.31	0.002639557	-0.000182202	-0.000223943
1595.846	1785.69	0.00266791	-0.00020245	-0.000223943
1599.094667	1792.88	0.002696728	-0.00020245	-0.000223943
1595.846	1785.69	0.00266791	-0.00020245	-0.000223943
1601.491333	1800.07	0.002696263	-0.00020245	-0.000223943
1600.639333	1800.07	0.002696263	-0.00020245	-0.000223943
1607.829333	1821.64	0.002724183	-0.00020245	-0.000223943
1615.019333	1843.21	0.00275207	-0.00020245	-0.000223943
1612.622667	1836.02	0.002723251	-0.00020245	-0.000223943
1615.871333	1843.21	0.00275207	-0.00020245	-0.000223943
1609.736	1843.2	0.002781554	-0.000202095	-0.000243943
1615.019333	1843.21	0.002781354	-0.00020245	-0.000244298
1627.858	1879.17	0.002779025	-0.00020245	-0.000244298
1629.402667	1886.36	0.002807843	-0.000222698	-0.000244298
1617.416	1850.4	0.002810173	-0.00020245	-0.000244298
1639.841333	1915.12	0.00280598	-0.000222698	-0.000244298
1634.196	1900.74	0.002836196	-0.000222698	-0.000244298
1638.989333	1915.12	0.00280598	-0.000222698	-0.000244298
1638.989333	1915.12	0.002835264	-0.000222698	-0.000244298
1641.386	1922.31	0.002864083	-0.000222698	-0.000244298
1648.089333	1958.26	0.002861986	-0.000222336	-0.000264298
1653.372667	1958.27	0.002891071	-0.000222698	-0.000264659
1658.166	1972.65	0.002890139	-0.000222698	-0.000264659
1653.372667	1958.27	0.002891071	-0.000222698	-0.000264659
1658.166	1972.65	0.002919424	-0.000222698	-0.000264659
1653.734667	1972.64	0.002890339	-0.000222336	-0.000264298
1668.604667	2001.41	0.00291756	-0.000222698	-0.000264659
1663.811333	1987.03	0.002947777	-0.000222698	-0.000264659
1677.339333	2030.17	0.002944981	-0.000222698	-0.000264659
1674.942667	2022.98	0.002945447	-0.000222698	-0.000264659
1674.942667	2022.98	0.002974732	-0.000242939	-0.000264659
1678.191333	2030.17	0.002974266	-0.000242939	-0.000264659
1676.852667	2044.55	0.002973567	-0.000242584	-0.000264298
1684.532667	2051.75	0.003002153	-0.000242939	-0.000264659
1694.971333	2080.51	0.003029574	-0.000242939	-0.000264659
1696.516	2087.7	0.003029108	-0.000242939	-0.000285014
1694.119333	2080.51	0.003029574	-0.000222698	-0.000264659
1697.368	2087.7	0.003029108	-0.000242939	-0.000285014
1701.309333	2102.08	0.003057494	-0.000242939	-0.000285014
1706.954667	2116.46	0.003056562	-0.000242939	-0.000285014
1716.544667	2145.23	0.003083983	-0.000242939	-0.000285014
1711.748	2130.84	0.00305563	-0.000242939	-0.000285014
1704.558	2109.27	0.003057028	-0.000242939	-0.000285014
1723.734667	2166.8	0.00311187	-0.000242939	-0.000285014
1720.486	2159.61	0.003083051	-0.000263186	-0.000285014
1718.089333	2152.42	0.003112802	-0.000263186	-0.000285014
1730.924667	2188.37	0.003110472	-0.000263186	-0.000305375
1727.676	2181.18	0.003140223	-0.000263186	-0.000305375
1737.262667	2209.94	0.003138359	-0.000283434	-0.000305375
1734.866	2202.75	0.003168109	-0.000263186	-0.000305375
1737.262667	2209.94	0.003167644	-0.000263186	-0.000305375
1750.101333	2245.9	0.003194599	-0.000263186	-0.000305375
1742.421333	2238.7	0.003166013	-0.000262825	-0.000305014
1737.628	2224.32	0.003196229	-0.000262825	-0.000305014
1750.101333	2245.9	0.003223916	-0.000263186	-0.000305375
1756.439333	2267.47	0.003222519	-0.000263186	-0.000305375
1747.214667	2253.08	0.00322365	-0.000283072	-0.000305014
1755.949333	2281.84	0.003221787	-0.000283072	-0.000305014
1752.498	2253.09	0.003223451	-0.000283434	-0.000305375
1763.139333	2303.41	0.003278991	-0.000283072	-0.000305014
1766.878	2296.23	0.003279224	-0.000263186	-0.00032573
1769.274667	2303.42	0.003278758	-0.000283434	-0.00032573
1768.422667	2303.42	0.003278758	-0.000283434	-0.00032573
1768.422667	2303.42	0.003308043	-0.000283434	-0.00032573
1773.216	2317.8	0.003307111	-0.000283434	-0.000305375
1785.202667	2353.76	0.003304782	-0.000283434	-0.00032573
1775.978	2339.37	0.003335231	-0.000283072	-0.000325375
1797.186	2389.71	0.003331737	-0.000283434	-0.00032573
1790.848	2368.14	0.003333134	-0.000283434	-0.00032573
1789.996	2368.14	0.003362419	-0.000283434	-0.00032573
1790.848	2368.14	0.003362419	-0.000283434	-0.000346091
1802.831333	2404.09	0.003389407	-0.000283434	-0.000346091
1802.831333	2404.09	0.003389407	-0.000303675	-0.000346091
1804.376	2411.28	0.003388941	-0.000303675	-0.000346091
1806.776	2418.48	0.003388476	-0.000303675	-0.000346091
1811.569333	2432.86	0.003416828	-0.000303675	-0.000346091
1808.682667	2440.04	0.003416562	-0.00030332	-0.00034573
1813.966	2440.05	0.003445647	-0.000303675	-0.000346091
1825.949333	2476	0.003443317	-0.000303675	-0.000346091
1823.062667	2483.18	0.003472369	-0.00030332	-0.00034573
1825.949333	2476	0.003472602	-0.000303675	-0.000346091
1836.388	2504.76	0.003500023	-0.000303675	-0.000346091
1837.936	2511.96	0.003499557	-0.000303675	-0.000366446
1828.346	2483.19	0.003501421	-0.000303675	-0.000366446
1840.332667	2519.15	0.003499091	-0.000323923	-0.000346091
1848.374667	2540.72	0.003526978	-0.000323923	-0.000366446
1845.126	2533.53	0.003527444	-0.000323923	-0.000366446
1844.636	2547.9	0.003526745	-0.000323561	-0.000366091
1850.771333	2547.91	0.00355583	-0.000323923	-0.000366446
1850.771333	2547.91	0.00355583	-0.000323923	-0.000366446
1866.696	2598.24	0.003552569	-0.000323923	-0.000366446
1864.299333	2591.05	0.003582319	-0.000323923	-0.000366446
1862.754667	2583.86	0.003582785	-0.000323923	-0.000366446
1856.619333	2583.85	0.003612303	-0.000323561	-0.000366091
1869.096	2605.44	0.003610672	-0.000344164	-0.000366446
1864.664667	2605.43	0.003610905	-0.000323561	-0.000366091
1878.682667	2634.2	0.003608808	-0.000344164	-0.000386808
1874.741333	2619.82	0.003639025	-0.000323923	-0.000386808
1878.192667	2648.57	0.003637394	-0.000343809	-0.000386446
1883.476	2648.58	0.003666446	-0.000344164	-0.000386808
1887.779333	2677.33	0.003664815	-0.000343809	-0.000386446
1896.311333	2684.53	0.003693434	-0.000344164	-0.000386808
1891.031333	2684.53	0.003693634	-0.000343809	-0.000386446
1895.459333	2684.53	0.003693434	-0.000344164	-0.000386808
1895.459333	2684.53	0.003722718	-0.000344164	-0.000386808
1905.049333	2713.3	0.003720855	-0.000344164	-0.000386808
1915.488	2742.06	0.003718991	-0.000344164	-0.000407162
1912.239333	2734.87	0.003748742	-0.000344164	-0.000407162
1913.091333	2734.87	0.003719457	-0.000344164	-0.000407162
1919.429333	2756.44	0.003747344	-0.000344164	-0.000407162
1912.239333	2734.87	0.003778026	-0.000364411	-0.000407162
1932.268	2792.4	0.003774299	-0.000364411	-0.000386808
1929.868	2785.2	0.003774765	-0.000364411	-0.000407162
1924.222667	2770.82	0.003804981	-0.000364411	-0.000407162
1931.416	2792.4	0.003803584	-0.000364411	-0.000407162
1941.854667	2821.16	0.003831005	-0.000364411	-0.000427524
1933.322667	2813.96	0.003831704	-0.000364056	-0.000406808
1930.926	2806.77	0.003832169	-0.000384297	-0.000427162
1948.192667	2842.73	0.003829607	-0.000384659	-0.000427524
1943.399333	2828.35	0.003859857	-0.000364411	-0.000427524
1957.779333	2871.49	0.003857061	-0.000384659	-0.000427524
1957.779333	2871.49	0.003886346	-0.000384659	-0.000427524
1955.382667	2864.3	0.003886812	-0.000384659	-0.000427524
1967.369333	2900.26	0.003913767	-0.000384659	-0.000427524
1962.576	2885.88	0.003885414	-0.000384659	-0.000427524
1962.576	2885.88	0.003914699	-0.000384659	-0.000427524
1969.766	2907.45	0.003913301	-0.000384659	-0.000447879
1973.014667	2914.64	0.003942119	-0.000384659	-0.000447879
1979.352667	2936.21	0.003940722	-0.000384659	-0.000447879
1984.146	2950.59	0.003969075	-0.000384659	-0.000447879
1978.862667	2950.58	0.003969308	-0.000384297	-0.000447524
1989.791333	2964.97	0.003968143	-0.0004049	-0.000447879
1994.588	2979.36	0.003996496	-0.0004049	-0.000447879
1991.336	2972.16	0.003996961	-0.0004049	-0.000447879
1989.791333	2964.97	0.003997427	-0.0004049	-0.000447879
1998.529333	2993.74	0.004024882	-0.0004049	-0.00046824
2008.116	3022.5	0.004023018	-0.0004049	-0.00046824
2005.719333	3015.31	0.004052768	-0.0004049	-0.00046824
2008.116	3022.5	0.004052303	-0.0004049	-0.00046824
2008.116	3022.5	0.004052303	-0.0004049	-0.00046824
2023.348	3065.64	0.004049507	-0.000425147	-0.00046824
2029.689333	3087.22	0.004077394	-0.000425147	-0.00046824
2032.938	3094.41	0.004106213	-0.000425147	-0.00046824
2028.144667	3080.03	0.004107144	-0.000425147	-0.00046824
2025.748	3072.84	0.00410761	-0.000425147	-0.00046824
2036.389333	3123.16	0.004133867	-0.000424786	-0.00048824
2036.879333	3108.79	0.004105281	-0.000425147	-0.000488595
2029.199333	3101.59	0.004135264	-0.000424786	-0.00048824
2041.672667	3123.17	0.004133634	-0.000425147	-0.000488595
2039.638	3130.35	0.004133401	-0.000424786	-0.00048824
2052.111333	3151.93	0.004161055	-0.000425147	-0.000488595
2051.259333	3151.93	0.004190372	-0.000425147	-0.000488595
2048.376	3159.12	0.004190106	-0.000424786	-0.00048824
2068.039333	3202.27	0.004216396	-0.000425147	-0.000508956
2053.659333	3159.13	0.004219191	-0.000445395	-0.000508956
2061.701333	3180.7	0.004217793	-0.000445395	-0.000508956
2072.832667	3216.65	0.004215464	-0.000445395	-0.000508956
2063.246	3187.89	0.004217327	-0.000445395	-0.000508956
2077.626	3231.03	0.004243817	-0.000445395	-0.000508956
2082.419333	3245.41	0.004272169	-0.000445395	-0.000508956
2082.419333	3245.41	0.004272169	-0.000465636	-0.000508956
2080.022667	3238.22	0.004272635	-0.000445395	-0.000508956
2088.068	3259.8	0.004300522	-0.000445395	-0.000508956
2080.388	3252.6	0.004271936	-0.000465281	-0.000528956
2099.199333	3295.75	0.004298193	-0.000465636	-0.000529311
2099.199333	3295.75	0.004298193	-0.000465636	-0.000529311
2103.992667	3310.13	0.004326579	-0.000465636	-0.000529311
2111.182667	3331.7	0.004354466	-0.000465636	-0.000529311
2101.958	3317.31	0.004355597	-0.000465281	-0.000528956
2115.979333	3346.09	0.004353534	-0.000465636	-0.000529311
2116.831333	3346.09	0.004382818	-0.000485884	-0.000529311
2127.962667	3382.04	0.004380489	-0.000485884	-0.000549672
2127.962667	3382.04	0.004380489	-0.000485884	-0.000549672
2124.021333	3367.66	0.004381421	-0.000485884	-0.000549672
2120.282667	3374.84	0.004410472	-0.000485522	-0.000549311
2137.549333	3410.8	0.00440791	-0.000465636	-0.000549672
2123.531333	3382.03	0.004410006	-0.000485522	-0.000549311
2132.756	3396.42	0.004438126	-0.000485884	-0.000549672
2147.991333	3439.57	0.004435331	-0.000506125	-0.000549672
2152.784667	3453.95	0.004463684	-0.000506125	-0.000549672
2151.932667	3453.95	0.004463684	-0.000485884	-0.000549672
2159.122667	3475.52	0.004491604	-0.000485884	-0.000570027
2155.181333	3461.14	0.004492535	-0.000506125	-0.000570027
2162.371333	3482.71	0.004520422	-0.000506125	-0.000570027
2156.236	3482.7	0.004520622	-0.00050577	-0.000569672
2171.958	3511.47	0.004518559	-0.000506125	-0.000570027
2166.312667	3497.09	0.004519491	-0.000506125	-0.000570027
2174.354667	3518.66	0.004547377	-0.000506125	-0.000590389
2178.299333	3533.05	0.004546446	-0.000526372	-0.000590389
2185.489333	3554.62	0.004574332	-0.000526372	-0.000590389
2185.489333	3554.62	0.004574332	-0.000506125	-0.000590389
2183.092667	3547.43	0.004574798	-0.000526372	-0.000590389
2197.472667	3590.57	0.004572003	-0.000526372	-0.000590389
2191.134667	3569	0.004602685	-0.000526372	-0.000590389
2205.514667	3612.14	0.00459989	-0.000526372	-0.000590389
2204.662667	3612.14	0.00459989	-0.00054662	-0.000590389
2203.118	3604.95	0.00462964	-0.000526372	-0.000610743
2204.176	3626.52	0.00465776	-0.000526018	-0.000610389
2215.104667	3640.91	0.004656629	-0.00054662	-0.000610743
2207.911333	3619.33	0.004658026	-0.000526372	-0.000610743
2223.349333	3684.04	0.004654033	-0.000546259	-0.000610389
2226.236	3676.86	0.004683584	-0.00054662	-0.000610743
2223.839333	3669.67	0.00468405	-0.00054662	-0.000631105
2231.394667	3705.62	0.004711238	-0.000546259	-0.000630743
2235.822667	3705.62	0.00468172	-0.00054662	-0.000631105
2247.809333	3741.58	0.00473796	-0.000566861	-0.000631105
2247.809333	3741.58	0.004708675	-0.00054662	-0.000631105
2247.809333	3741.58	0.004708675	-0.000566861	-0.000631105
2254.999333	3763.15	0.004765847	-0.000566861	-0.000631105
2244.922667	3748.76	0.004737727	-0.000566506	-0.000630743
2256.906	3784.71	0.004793966	-0.000566506	-0.000630743
2265.438	3791.91	0.004793301	-0.000566861	-0.00065146
2272.141333	3827.86	0.004791171	-0.000586747	-0.000651105
2277.424667	3827.87	0.004790971	-0.000566861	-0.00065146
2279.821333	3835.06	0.00481979	-0.000587109	-0.00065146
2275.028	3820.68	0.004820722	-0.000587109	-0.00065146
2296.598	3885.39	0.004845813	-0.000587109	-0.000671821
2288.556	3863.82	0.004847211	-0.000587109	-0.000671821
2287.011333	3856.63	0.004847677	-0.000587109	-0.000671821
2300.539333	3899.77	0.004844882	-0.000587109	-0.000671821
2291.804667	3871.01	0.004846745	-0.000587109	-0.00065146
2307.732667	3921.35	0.004872768	-0.000607356	-0.000671821
2310.981333	3928.54	0.004901587	-0.000607356	-0.000692176
2305.336	3914.16	0.004873234	-0.000607356	-0.000671821
2324.509333	3971.68	0.004928109	-0.000607356	-0.000692176
2322.964667	3964.49	0.004928575	-0.000607356	-0.000692176
2326.906	3978.87	0.004927644	-0.000607356	-0.000692176
2336.496	4007.64	0.004955065	-0.000607356	-0.000692176
2329.302667	3986.06	0.004956462	-0.000627597	-0.000692176
2331.699333	3993.25	0.004955996	-0.000627597	-0.000712537
2344.538	4029.21	0.004982951	-0.000627597	-0.000712537
2353.272667	4057.97	0.004981088	-0.000627597	-0.000712537
2356.521333	4065.16	0.004980622	-0.000627597	-0.000712537
2354.124667	4057.97	0.004981088	-0.000627597	-0.000712537
2353.272667	4057.97	0.005010372	-0.000627597	-0.000712537
2375.698	4122.69	0.005035464	-0.000647845	-0.000732892
2363.711333	4086.73	0.005037793	-0.000647845	-0.000732892
2377.242667	4129.88	0.005034998	-0.000647845	-0.000732892
2377.604667	4144.25	0.005063584	-0.000647483	-0.000732537
2374.356	4137.06	0.005034765	-0.000647483	-0.000752892
2392.474667	4173.02	0.00506152	-0.000647845	-0.000753253
2394.874667	4180.22	0.005090339	-0.000668086	-0.000753253
2398.816	4194.6	0.005089407	-0.000668086	-0.000753253
2401.212667	4201.79	0.005088941	-0.000668086	-0.000753253
2404.461333	4208.98	0.005088476	-0.000688334	-0.000753253
2422.782667	4266.5	0.005114033	-0.000668086	-0.000773608
2406.006	4216.17	0.005117294	-0.000688334	-0.000773608
2422.782667	4266.5	0.005143317	-0.000668086	-0.000773608
2430.828	4288.08	0.00514192	-0.000688334	-0.000773608
2429.976	4288.08	0.00514192	-0.000688334	-0.000773608
2429.976	4288.08	0.005171204	-0.000688334	-0.00079397
2432.372667	4295.27	0.005170738	-0.000688334	-0.00079397
2439.562667	4316.84	0.005198625	-0.000708581	-0.00079397
2453.942667	4359.98	0.005195863	-0.000708581	-0.00079397
2453.942667	4359.98	0.005195863	-0.000708581	-0.00079397
2456.342667	4367.18	0.005224682	-0.000708581	-0.000814324
2452.398	4352.79	0.005225614	-0.000708581	-0.000814324
2458.739333	4374.37	0.005253501	-0.000708581	-0.000814324
2468.326	4403.13	0.005251637	-0.000728822	-0.000814324
2480.309333	4439.08	0.005249308	-0.000728822	-0.000834686
2476.368	4424.7	0.005279524	-0.000728822	-0.000834686
2476.368	4424.7	0.005279524	-0.000728822	-0.000834686
2495.544667	4482.23	0.005275797	-0.000728822	-0.000834686
2489.899333	4467.85	0.005276728	-0.00074907	-0.000834686
2499.486	4496.61	0.005304149	-0.00074907	-0.000855041
2504.279333	4510.99	0.005332502	-0.00074907	-0.000855041
2501.882667	4503.8	0.005303684	-0.00074907	-0.000855041
2506.676	4518.18	0.005332036	-0.00074907	-0.000855041
2512.321333	4532.56	0.005331105	-0.000769311	-0.000855041
2528.249333	4582.9	0.005357161	-0.000769311	-0.000875402
2519.514667	4554.14	0.005359025	-0.000769311	-0.000875402
2525.000667	4575.71	0.005386911	-0.000769311	-0.000875402
2533.042667	4597.28	0.005385514	-0.000769311	-0.000875402
2530.646	4590.09	0.005415264	-0.000769311	-0.000875402
2537.836	4611.66	0.005413867	-0.000789558	-0.000875402
2549.822667	4647.62	0.005411537	-0.000789558	-0.000895764
2545.026	4633.23	0.005441753	-0.000789558	-0.000895764
2554.616	4662	0.00543989	-0.000789558	-0.000895764
2549.822667	4647.62	0.005440822	-0.000789558	-0.000895764
2549.822667	4647.62	0.005440822	-0.000789558	-0.000895764
2547.422667	4640.42	0.005470572	-0.000789558	-0.000895764
2552.219333	4654.81	0.00546964	-0.000789558	-0.000895764
2554.616	4662	0.005498459	-0.000809806	-0.000916118
2554.616	4662	0.005498459	-0.000789558	-0.000916118
2559.409333	4676.38	0.005497527	-0.000809806	-0.000916118
2557.864667	4669.19	0.005527311	-0.000809806	-0.000916118
2564.202667	4690.76	0.005525913	-0.000809806	-0.000916118
2566.599333	4697.95	0.005525447	-0.000809806	-0.000916118
2580.982667	4741.1	0.005551936	-0.000809806	-0.000916118
2569.358	4719.51	0.005553534	-0.000809445	-0.000915764
2571.392667	4712.33	0.0055538	-0.000830047	-0.000916118
2576.186	4726.71	0.005582153	-0.000809806	-0.000916118
2578.948	4748.28	0.005610273	-0.000809445	-0.000936118
2586.628	4755.48	0.005609574	-0.000830047	-0.00093648
2579.434667	4733.9	0.005581687	-0.000830047	-0.00093648
2595.362667	4784.24	0.00560771	-0.000830047	-0.00093648
2580.492667	4755.47	0.005609807	-0.000829692	-0.000936118
2588.534667	4777.04	0.005637694	-0.000829692	-0.000936118
2597.759333	4791.43	0.005636529	-0.000830047	-0.00093648
2605.801333	4813	0.005664416	-0.000830047	-0.000956834
2600.156	4798.62	0.005665347	-0.000830047	-0.000956834
2600.518	4812.99	0.005693933	-0.000849933	-0.00095648
2603.404667	4805.81	0.005694199	-0.000850295	-0.000956834
2605.801333	4813	0.005693733	-0.000850295	-0.000956834
2608.198	4820.19	0.005693268	-0.000850295	-0.000956834
2610.594667	4827.38	0.005722086	-0.000850295	-0.000956834
2614.539333	4841.77	0.005721154	-0.000850295	-0.000956834
2614.539333	4841.77	0.005721154	-0.000850295	-0.000956834
2617.788	4848.96	0.005749973	-0.000850295	-0.000956834
2626.522667	4877.72	0.005777394	-0.000850295	-0.000977196
2619.332667	4856.15	0.005749507	-0.000850295	-0.000977196
2633.712667	4899.29	0.005775996	-0.000870542	-0.000977196
2632.168	4892.1	0.005776462	-0.000870542	-0.000977196
2631.316	4892.1	0.005805747	-0.000870542	-0.000977196
2634.564667	4899.29	0.005775996	-0.000870542	-0.000977196
2643.302667	4928.06	0.005803417	-0.000870542	-0.000997551
2639.358	4913.67	0.005833634	-0.000870542	-0.000997551
2655.286	4964.01	0.005830406	-0.000890783	-0.000997551
2648.096	4942.44	0.005861088	-0.000890783	-0.000997551
2650.002667	4964	0.00585989	-0.000890429	-0.000997196
2657.682667	4971.2	0.005859224	-0.000890783	-0.000997551
2652.889333	4956.82	0.005860156	-0.000890783	-0.000997551
2636.961333	4906.48	0.0058341	-0.000890783	-0.000997551
2632.168	4892.1	0.005835031	-0.000890783	-0.000997551
2626.522667	4877.72	0.005835963	-0.000890783	-0.000997551
2612.142667	4834.58	0.005838758	-0.000890783	-0.000997551
2607.346	4820.19	0.005810406	-0.000870542	-0.000997551
2593.818	4777.05	0.005783916	-0.000870542	-0.000997551
2588.172667	4762.67	0.005784848	-0.000870542	-0.000997551
2583.379333	4748.29	0.00578578	-0.000870542	-0.000997551
2583.379333	4748.29	0.00578578	-0.000870542	-0.000977196
2568.996	4705.14	0.005759291	-0.000870542	-0.000977196
2564.202667	4690.76	0.005760223	-0.000870542	-0.000977196
2552.219333	4654.81	0.005762519	-0.000870542	-0.000977196
2548.274667	4640.42	0.005734166	-0.000870542	-0.000977196
2542.629333	4626.04	0.005735098	-0.000870542	-0.000977196
2537.836	4611.66	0.00573603	-0.000850295	-0.000977196
2533.042667	4597.28	0.005736961	-0.000850295	-0.000977196
2514.718	4539.75	0.005711404	-0.000850295	-0.000956834
2523.456	4568.52	0.00570954	-0.000850295	-0.000956834
2512.321333	4532.56	0.005682585	-0.000850295	-0.000956834
2500.338	4496.61	0.005684915	-0.000850295	-0.000956834
2491.806	4489.41	0.005656296	-0.000849933	-0.00095648
2485.954667	4453.46	0.005629108	-0.000850295	-0.000956834
2488.354667	4460.66	0.005628642	-0.000850295	-0.000956834
2485.102667	4453.46	0.005629108	-0.000850295	-0.000956834
2463.042667	4403.12	0.005603317	-0.000829692	-0.00095648
2461.136	4381.56	0.005604482	-0.000830047	-0.00093648
2458.739333	4374.37	0.005604948	-0.000830047	-0.000956834
2444.356	4331.22	0.005578459	-0.000830047	-0.00093648
2453.942667	4359.98	0.005576595	-0.000830047	-0.00093648
2450.001333	4345.6	0.005577527	-0.000830047	-0.00093648
2434.769333	4302.46	0.005551038	-0.000830047	-0.00093648
2427.579333	4280.89	0.005552436	-0.000830047	-0.00093648
2415.958	4259.31	0.005554033	-0.000809445	-0.000936118
2420.386	4259.31	0.005524549	-0.000809806	-0.00093648
2408.402667	4223.36	0.00549756	-0.000809806	-0.000916118
2406.006	4216.17	0.005527344	-0.000809806	-0.000916118
2394.022667	4180.22	0.005500356	-0.000809806	-0.000916118
2382.036	4144.26	0.005473401	-0.000809806	-0.000916118
2379.639333	4137.07	0.005473867	-0.000809806	-0.000916118
2370.904667	4108.31	0.00547573	-0.000789558	-0.000916118
2367.656	4101.12	0.005476196	-0.000789558	-0.000916118
2342.141333	4022.02	0.005422752	-0.000789558	-0.000895764
2334.461333	4014.82	0.005452702	-0.000789204	-0.000895402
2336.006	4022.01	0.005452236	-0.000789204	-0.000895402
2309.639333	3942.91	0.005398792	-0.000789204	-0.000895402
2320.568	3957.3	0.005426911	-0.000789558	-0.000895764
2310.981333	3928.54	0.005399491	-0.000789558	-0.000875402
2296.598	3885.39	0.005373001	-0.000789558	-0.000875402
2293.349333	3878.2	0.005373467	-0.000769311	-0.000875402
2295.746	3885.39	0.005373001	-0.000769311	-0.000875402
2271.779333	3813.49	0.005348376	-0.000769311	-0.000875402
2271.779333	3813.49	0.00537766	-0.000769311	-0.000875402
2247.319333	3755.95	0.005323018	-0.000748708	-0.000875041
2254.999333	3763.15	0.005322352	-0.00074907	-0.000875402
2236.674667	3705.62	0.005326046	-0.00074907	-0.000855041
2240.619333	3720.01	0.005325148	-0.00074907	-0.000855041
2228.632667	3684.05	0.005298159	-0.00074907	-0.000855041
2210.311333	3626.53	0.005301887	-0.00074907	-0.000855041
2201.779333	3619.33	0.005302585	-0.000728467	-0.000834324
2199.869333	3597.76	0.005274466	-0.000728822	-0.000834686
2186.341333	3554.62	0.005277261	-0.000728822	-0.000834686
2163.916	3489.9	0.005252169	-0.000728822	-0.000814324
2168.709333	3504.28	0.005251238	-0.000728822	-0.000834686
2159.122667	3475.52	0.005253101	-0.000708581	-0.000834686
2151.932667	3453.95	0.005225181	-0.000708581	-0.000814324
2137.062667	3425.18	0.005197993	-0.00070822	-0.00081397
2127.962667	3382.04	0.005200555	-0.000708581	-0.000814324
2117.886	3367.65	0.005172436	-0.00070822	-0.00081397
2123.169333	3367.66	0.005201487	-0.000708581	-0.000814324
2108.786	3324.51	0.005174998	-0.000708581	-0.00079397
2094.768	3295.74	0.005147777	-0.00070822	-0.000793608
2092.009333	3274.18	0.005148975	-0.000688334	-0.00079397
2080.022667	3238.22	0.00512202	-0.000688334	-0.00079397
2076.081333	3223.84	0.005152236	-0.000688334	-0.00079397
2059.304667	3173.51	0.005126179	-0.000688334	-0.000773608
2051.259333	3151.93	0.005098293	-0.000688334	-0.000773608
2053.659333	3159.13	0.005097827	-0.000668086	-0.000773608
2037.731333	3108.79	0.005071803	-0.000668086	-0.000773608
2018.554667	3051.26	0.00507553	-0.000668086	-0.000753253
2017.702667	3051.26	0.00507553	-0.000668086	-0.000753253
2017.702667	3051.26	0.00507553	-0.000668086	-0.000753253
1998.529333	2993.74	0.005049973	-0.000647845	-0.000753253
1998.529333	2993.74	0.005049973	-0.000647845	-0.000753253
1996.132667	2986.55	0.005021154	-0.000647845	-0.000753253
1984.146	2950.59	0.005023451	-0.000647845	-0.000732892
1984.146	2950.59	0.005023451	-0.000647845	-0.000732892
1974.559333	2921.83	0.00499603	-0.000627597	-0.000753253
1950.099333	2864.29	0.00499999	-0.000627242	-0.000732537
1952.986	2857.11	0.004970938	-0.000627597	-0.000712537
1951.441333	2849.92	0.004971404	-0.000627597	-0.000732892
1945.796	2835.54	0.004972336	-0.000627597	-0.000712537
1939.458	2813.97	0.004944449	-0.000607356	-0.000712537
1920.281333	2756.44	0.004948176	-0.000607356	-0.000712537
1917.884667	2749.25	0.004948642	-0.000607356	-0.000712537
1914.636	2742.06	0.004919823	-0.000607356	-0.000712537
1895.459333	2684.53	0.004894233	-0.000607356	-0.000692176
1895.459333	2684.53	0.004894233	-0.000607356	-0.000692176
1878.192667	2648.57	0.004896795	-0.000606995	-0.000691821
1873.399333	2634.19	0.004868442	-0.000586747	-0.000691821
1878.682667	2634.2	0.004897494	-0.000587109	-0.000671821
1860.358	2576.67	0.004842652	-0.000587109	-0.000671821
1862.754667	2583.86	0.004871471	-0.000587109	-0.000671821
1847.032667	2555.09	0.004844249	-0.000586747	-0.00067146
1847.522667	2540.72	0.004844981	-0.000587109	-0.000671821
1848.374667	2540.72	0.004815697	-0.000587109	-0.000671821
1836.388	2504.76	0.004818026	-0.000566861	-0.000671821
1828.346	2483.19	0.004790106	-0.000566861	-0.000671821
1824.404667	2468.81	0.004791038	-0.000566861	-0.00065146
1813.966	2440.05	0.004763617	-0.000566861	-0.00065146
1813.966	2440.05	0.004763617	-0.000566861	-0.00065146
1798.038	2389.71	0.004766878	-0.000566861	-0.000631105
1794.789333	2382.52	0.00473806	-0.000566861	-0.000631105
1793.244667	2375.33	0.004738525	-0.00054662	-0.000631105
1785.202667	2353.76	0.004710639	-0.00054662	-0.000631105
1785.202667	2353.76	0.004739923	-0.00054662	-0.000631105
1761.232667	2281.85	0.004715298	-0.000526372	-0.000631105
1753.552667	2274.65	0.004686679	-0.000546259	-0.000630743
1758.346	2289.03	0.004685747	-0.000546259	-0.000610389
1751.646	2253.09	0.004687843	-0.000526372	-0.000610743
1740.511333	2217.13	0.004660888	-0.000526372	-0.000610743
1735.718	2202.75	0.00466182	-0.000526372	-0.000610743
1727.676	2181.18	0.004633933	-0.000526372	-0.000610743
1727.676	2181.18	0.004633933	-0.000526372	-0.000610743
1713.296	2138.04	0.004607444	-0.000506125	-0.000590389
1700.819333	2116.45	0.004609041	-0.00050577	-0.000590027
1706.102667	2116.46	0.004608842	-0.000506125	-0.000590389
1702.161333	2102.08	0.004609773	-0.000506125	-0.000590389
1697.368	2087.7	0.004581421	-0.000506125	-0.000590389
1696.516	2087.7	0.004581421	-0.000506125	-0.000570027
1675.794667	2022.98	0.004556296	-0.000506125	-0.000570027
1674.942667	2022.98	0.004556296	-0.000485884	-0.000570027
1667.262667	2015.78	0.004556995	-0.000485522	-0.000569672
1670.149333	2008.6	0.004557228	-0.000485884	-0.000570027
1656.131333	1979.83	0.00453004	-0.000485522	-0.000569672
1651.824667	1951.07	0.004502386	-0.000485884	-0.000549672
1663.811333	1987.03	0.004500056	-0.000485884	-0.000549672
1642.238	1922.31	0.004504249	-0.000485884	-0.000549672
1638.989333	1915.12	0.004475431	-0.000465636	-0.000549672
1636.592667	1907.93	0.004475897	-0.000465636	-0.000549672
1627.006	1879.17	0.00447776	-0.000465636	-0.000549672
1620.664667	1857.59	0.004449873	-0.000465636	-0.000529311
1619.812667	1857.59	0.004449873	-0.000465636	-0.000529311
1615.019333	1843.21	0.004421487	-0.000465636	-0.000529311
1610.226	1828.83	0.004422419	-0.000445395	-0.000529311
1593.449333	1778.5	0.00442568	-0.000445395	-0.000529311
1588.652667	1764.11	0.004397327	-0.000445395	-0.000529311
1585.769333	1771.3	0.004397095	-0.000445034	-0.000508595
1571.876	1713.78	0.004371304	-0.000425147	-0.000508956
1574.272667	1720.97	0.004370838	-0.000425147	-0.000508956
1563.141333	1685.02	0.004373168	-0.000425147	-0.000508956
1560.744667	1677.83	0.004373634	-0.000425147	-0.000508956
1558.344667	1670.63	0.004344815	-0.000425147	-0.000488595
1536.774667	1605.92	0.004349008	-0.000425147	-0.000488595
1545.509333	1634.68	0.004347144	-0.0004049	-0.000488595
1536.774667	1605.92	0.00431969	-0.0004049	-0.00046824
1526.332667	1577.15	0.004292269	-0.0004049	-0.00046824
1521.052667	1577.15	0.004292502	-0.000404545	-0.00048824
1505.614667	1512.44	0.004296462	-0.000384659	-0.00046824
1500.821333	1498.06	0.004268109	-0.000384659	-0.00046824
1521.539333	1562.77	0.004293201	-0.000384659	-0.000447879
1503.218	1505.25	0.004267644	-0.000384659	-0.00046824
1489.892667	1483.67	0.004239956	-0.000384297	-0.000447524
1487.982667	1462.1	0.004241154	-0.000384659	-0.000447879
1487.982667	1462.1	0.004241154	-0.000384659	-0.000447879
1480.792667	1440.53	0.004213268	-0.000384659	-0.000447879
1473.964667	1433.33	0.004213933	-0.000384297	-0.000447524
1472.058	1411.77	0.004185813	-0.000364411	-0.000427524
1473.602667	1418.96	0.004185347	-0.000364411	-0.000447879
1452.029333	1354.24	0.00418954	-0.000364411	-0.000427524
1464.012667	1390.19	0.004187211	-0.000364411	-0.000427524
1447.236	1339.86	0.004161188	-0.000364411	-0.000427524
1444.839333	1332.67	0.004161654	-0.000344164	-0.000427524
1438.501333	1311.1	0.004133767	-0.000344164	-0.000407162
1425.662667	1275.14	0.004106812	-0.000344164	-0.000407162
1417.982667	1267.94	0.004107477	-0.000343809	-0.000406808
1417.982667	1267.94	0.004107477	-0.000343809	-0.000406808
1414.531333	1239.19	0.004079857	-0.000323923	-0.000407162
1412.134667	1232	0.004080322	-0.000323923	-0.000386808
1416.076	1246.38	0.004108675	-0.000323923	-0.000407162
1402.544667	1203.23	0.004082186	-0.000323923	-0.000386808
1399.296	1196.04	0.004053334	-0.000323923	-0.000386808
1394.502667	1181.66	0.004054266	-0.000323923	-0.000386808
1389.709333	1167.28	0.004055198	-0.000323923	-0.000386808
1375.329333	1124.14	0.004028709	-0.000323923	-0.000366446
1368.988	1102.56	0.004000822	-0.000303675	-0.000366446
1372.932667	1116.95	0.004029174	-0.000303675	-0.000366446
1370.532667	1109.75	0.004000356	-0.000303675	-0.000366446
1354.608	1059.42	0.003974332	-0.000303675	-0.000366446
1366.591333	1095.37	0.003972003	-0.000303675	-0.000366446
1352.211333	1052.23	0.003974798	-0.000303675	-0.000346091
1353.756	1059.42	0.003945048	-0.000303675	-0.000366446
1346.566	1037.85	0.003946446	-0.000283434	-0.000346091
1344.169333	1030.66	0.003946911	-0.000303675	-0.000346091
1341.769333	1023.46	0.003947377	-0.000283434	-0.000346091
1329.786333	987.511	0.003891105	-0.000283434	-0.000346091
1327.389333	980.32	0.003920855	-0.000283434	-0.000346091
1336.976	1009.08	0.003889707	-0.000283434	-0.000346091
1324.992667	973.13	0.003892036	-0.000263186	-0.000346091
1322.595667	965.939	0.003892502	-0.000263186	-0.00032573
1318.653667	951.557	0.003864149	-0.000263186	-0.00032573
1303.783333	922.786	0.003866246	-0.000262825	-0.000325375
1303.420333	908.413	0.00383766	-0.000263186	-0.00032573
1305.817	915.603	0.003837194	-0.000263186	-0.000305375
1299.478333	894.031	0.003809308	-0.000263186	-0.000305375
1298.626333	894.031	0.003809308	-0.000263186	-0.00032573
1289.038667	865.268	0.003811171	-0.000242939	-0.000305375
1284.244667	850.886	0.003782818	-0.000242939	-0.000285014
1276.565	843.687	0.003783484	-0.000242584	-0.000305014
1280.303	836.505	0.003783717	-0.000242939	-0.000305375
1274.657	822.123	0.003755364	-0.000242939	-0.000305375
1274.657	822.123	0.003755364	-0.000242939	-0.000305375
1265.069333	793.36	0.003757228	-0.000222698	-0.000285014
1270.715333	807.742	0.003727011	-0.000242939	-0.000285014
1250.199	764.589	0.00373004	-0.000222336	-0.000284659
1255.481667	764.597	0.003700522	-0.000222698	-0.000285014
1253.936667	757.406	0.003730273	-0.000222698	-0.000285014
1241.1	721.452	0.003703317	-0.000222698	-0.000264659
1236.306333	707.071	0.003674965	-0.000222698	-0.000264659
1241.952	721.452	0.003674033	-0.000222698	-0.000264659
1235.817333	721.444	0.003674233	-0.000202095	-0.000264298
1233.909333	699.88	0.003646146	-0.000222698	-0.000264659
1219.527667	656.735	0.003648941	-0.00020245	-0.000264659
1210.303333	642.346	0.003620788	-0.000202095	-0.000243943
1210.303333	642.346	0.003620788	-0.000202095	-0.000243943
1197.955667	592.019	0.003623817	-0.000182202	-0.000244298
1190.275667	584.819	0.003595231	-0.000181848	-0.000243943
1193.161667	577.637	0.003595464	-0.000182202	-0.000244298
1178.78	534.492	0.003568975	-0.000182202	-0.000223943
1173.497333	534.484	0.003598492	-0.000181848	-0.000223581
1173.986333	520.111	0.003540622	-0.000161961	-0.000223943
1208.395333	620.782	0.003592669	-0.000182202	-0.000223943
1214.245	656.727	0.003590572	-0.000181848	-0.000223581
1244.349	728.643	0.003614998	-0.000182202	-0.000223943
1257.878667	771.788	0.003612203	-0.000182202	-0.000244298
1275.509	822.123	0.003638226	-0.00020245	-0.000244298
1277.054	829.314	0.00363776	-0.000182202	-0.000244298
1289.038667	865.268	0.003635431	-0.00020245	-0.000264659
1287.493667	858.077	0.003665181	-0.00020245	-0.000244298
1294.684667	879.65	0.003663783	-0.00020245	-0.000244298
1306.669	915.603	0.003661454	-0.00020245	-0.000264659
1317.801667	951.557	0.003659124	-0.00020245	-0.000264659
1318.653667	951.557	0.003688409	-0.00020245	-0.000264659
1320.198667	958.748	0.003717261	-0.000222698	-0.000264659
1322.595667	965.939	0.003687477	-0.00020245	-0.000264659
1336.976	1009.08	0.003743284	-0.000222698	-0.000264659
1329.296	1001.88	0.003714665	-0.000222336	-0.000264298
1347.418	1037.85	0.003741421	-0.00020245	-0.000264659
1345.021333	1030.66	0.003741887	-0.000222698	-0.000264659
1353.756	1059.42	0.003740023	-0.00020245	-0.000264659
1364.194667	1088.18	0.003767444	-0.000222698	-0.000285014
1359.401333	1073.8	0.003768376	-0.000222698	-0.000285014
1365.739333	1095.37	0.003796263	-0.000222698	-0.000264659
1375.329333	1124.14	0.003794399	-0.000222698	-0.000264659
1370.046	1124.13	0.003823916	-0.000222336	-0.000284659
1387.312667	1160.09	0.003850672	-0.000222698	-0.000285014
1390.561333	1167.28	0.003820888	-0.000222698	-0.000285014
1394.502667	1181.66	0.003849274	-0.000222698	-0.000285014
1402.544667	1203.23	0.003847877	-0.000222698	-0.000285014
1404.944667	1210.43	0.003876695	-0.000222698	-0.000285014
1405.999333	1231.99	0.003846213	-0.000242584	-0.000284659
1420.869333	1260.76	0.003902718	-0.000242939	-0.000305375
1420.379333	1275.13	0.00390202	-0.000242584	-0.000305014
1426.514667	1275.14	0.003872502	-0.000242939	-0.000285014
1437.649333	1311.1	0.003899457	-0.000242939	-0.000305375
1443.294667	1325.48	0.00392781	-0.000242939	-0.000305375
1447.236	1339.86	0.003926878	-0.000242939	-0.000305375
1452.881333	1354.24	0.003955231	-0.000242939	-0.000305375
1456.822667	1368.62	0.003954299	-0.000242939	-0.000305375
1464.864667	1390.19	0.003952902	-0.000242939	-0.000305375
1471.206	1411.77	0.004010106	-0.000242939	-0.000305375
1480.792667	1440.53	0.003978958	-0.000263186	-0.000305375
1477.906	1447.71	0.003978692	-0.000262825	-0.000305014
1485.586	1454.91	0.004007311	-0.000263186	-0.00032573
1490.379333	1469.29	0.004006379	-0.000263186	-0.00032573
1494.686	1498.05	0.004034033	-0.000262825	-0.000325375
1502.366	1505.25	0.004033334	-0.000283434	-0.00032573
1516.746	1548.39	0.004059823	-0.000263186	-0.00032573
1514.349333	1541.2	0.004060289	-0.000263186	-0.00032573
1515.201333	1541.2	0.004060289	-0.000263186	-0.00032573
1521.904667	1577.15	0.004058193	-0.000283072	-0.000325375
1541.568	1620.3	0.004084482	-0.000263186	-0.000346091
1539.171333	1613.11	0.004084948	-0.000283434	-0.000346091
1543.112667	1627.49	0.004113301	-0.000283434	-0.000346091
1543.964667	1627.49	0.004113301	-0.000263186	-0.000346091
1557.492667	1670.63	0.004110506	-0.000283434	-0.000346091
1567.934667	1699.4	0.004137926	-0.000283434	-0.000346091
1567.934667	1699.4	0.004137926	-0.000303675	-0.000346091
1567.444667	1713.77	0.004166512	-0.000283072	-0.00034573
1574.272667	1720.97	0.004165813	-0.000303675	-0.000346091
1581.462667	1742.54	0.0041937	-0.000303675	-0.000346091
1583.859333	1749.73	0.004193234	-0.000303675	-0.000366446
1598.242667	1792.88	0.004190439	-0.000303675	-0.000366446
1606.284667	1814.45	0.004218359	-0.000303675	-0.000366446
1603.036	1807.26	0.004189507	-0.000303675	-0.000366446
1619.812667	1857.59	0.004244848	-0.000303675	-0.000366446
1617.416	1850.4	0.004245314	-0.000303675	-0.000366446
1622.212667	1864.79	0.004244382	-0.000303675	-0.000366446
1629.402667	1886.36	0.004272269	-0.000303675	-0.000366446
1630.254667	1886.36	0.004272269	-0.000303675	-0.000386808
1636.592667	1907.93	0.004270872	-0.000303675	-0.000386808
1648.576	1943.88	0.004297827	-0.000323923	-0.000386808
1645.692667	1951.07	0.004297594	-0.000323561	-0.000386446
1655.769333	1965.46	0.004296429	-0.000323923	-0.000386808
1671.001333	2008.6	0.004322918	-0.000323923	-0.000386808
1673.398	2015.79	0.004322452	-0.000323923	-0.000386808
1677.339333	2030.17	0.00432152	-0.000323923	-0.000386808
1685.384667	2051.75	0.004349441	-0.000323923	-0.000386808
1690.178	2066.13	0.004348509	-0.000344164	-0.000407162
1689.326	2066.13	0.004377793	-0.000323923	-0.000407162
1709.351333	2123.65	0.004374066	-0.000344164	-0.000407162
1705.616	2130.84	0.004373833	-0.000343809	-0.000406808
1710.409333	2145.22	0.004402186	-0.000343809	-0.000406808
1726.131333	2173.99	0.00440009	-0.000344164	-0.000407162
1734.866	2202.75	0.00442751	-0.000344164	-0.000427524
1737.262667	2209.94	0.004427045	-0.000344164	-0.000427524
1738.114667	2209.94	0.004427045	-0.000344164	-0.000427524
1742.421333	2238.7	0.004425414	-0.000364056	-0.000427162
1766.878	2296.23	0.004450772	-0.000344164	-0.000427524
1762.084667	2281.85	0.004480988	-0.000364411	-0.000427524
1766.026	2296.23	0.004480056	-0.000364411	-0.000427524
1776.468	2325	0.004478193	-0.000364411	-0.000427524
1778.864667	2332.19	0.004507011	-0.000364411	-0.000447879
1791.902667	2389.7	0.004503517	-0.000384297	-0.000447524
1794.789333	2382.52	0.004533035	-0.000384659	-0.000447879
1804.376	2411.28	0.004501887	-0.000384659	-0.000447879
1812.421333	2432.86	0.004529773	-0.000384659	-0.000447879
1820.666	2475.99	0.004556496	-0.000384297	-0.000467879
1811.569333	2432.86	0.004559058	-0.000384659	-0.000447879
1829.198	2483.19	0.00455583	-0.000384659	-0.00046824
1838.788	2511.96	0.004583251	-0.000384659	-0.00046824
1833.139333	2497.57	0.004584183	-0.000384659	-0.00046824
1838.788	2511.96	0.004612535	-0.000384659	-0.00046824
1857.109333	2569.48	0.004608808	-0.0004049	-0.00046824
1859.506	2576.67	0.004608342	-0.0004049	-0.000488595
1864.299333	2591.05	0.004607411	-0.0004049	-0.00046824
1859.019333	2591.05	0.004636928	-0.000404545	-0.00048824
1878.682667	2634.2	0.004663184	-0.0004049	-0.000488595
1881.079333	2641.39	0.004633434	-0.000425147	-0.000488595
1885.382667	2670.14	0.004661088	-0.000404545	-0.00048824
1897.856	2691.72	0.004659457	-0.000425147	-0.000488595
1895.459333	2684.53	0.004659923	-0.000425147	-0.000488595
1912.239333	2734.87	0.004715264	-0.000425147	-0.000508956
1917.032667	2749.25	0.004714332	-0.000425147	-0.000508956
1921.826	2763.63	0.004713401	-0.000425147	-0.000508956
1916.542667	2763.62	0.0047136	-0.000424786	-0.000508595
1929.016	2785.2	0.004741288	-0.000445395	-0.000508956
1941.854667	2821.16	0.004738958	-0.000445395	-0.000508956
1938.606	2813.97	0.004768709	-0.000445395	-0.000508956
1936.209333	2806.78	0.00473989	-0.000445395	-0.000508956
1963.428	2885.88	0.004793334	-0.000445395	-0.000529311
1963.428	2885.88	0.00476405	-0.000445395	-0.000529311
1979.352667	2936.21	0.004819391	-0.000445395	-0.000529311
1989.791333	2964.97	0.004817527	-0.000465636	-0.000529311
1986.542667	2957.78	0.004817993	-0.000465636	-0.000529311
1988.939333	2964.97	0.004817527	-0.000465636	-0.000549672
1994.588	2979.36	0.00484588	-0.000465636	-0.000549672
1998.529333	2993.74	0.004844948	-0.000465636	-0.000549672
2016.158	3044.07	0.004841687	-0.000465636	-0.000549672
2012.422667	3051.26	0.004870738	-0.000465281	-0.000549311
2017.702667	3051.26	0.004841221	-0.000465636	-0.000549672
2027.292667	3080.03	0.004868642	-0.000485884	-0.000549672
2028.144667	3080.03	0.004897926	-0.000485884	-0.000549672
2042.524667	3123.17	0.004924416	-0.000485884	-0.000570027
2052.111333	3151.93	0.004922585	-0.000485884	-0.000570027
2048.376	3159.12	0.004922319	-0.000485522	-0.000569672
2064.098	3187.89	0.004920256	-0.000485884	-0.000570027
2080.874667	3238.22	0.004946279	-0.000485884	-0.000590389
2079.536	3252.6	0.00494558	-0.00050577	-0.000590027
2079.536	3252.6	0.004974865	-0.000485522	-0.000590027
2079.536	3252.6	0.00494558	-0.00050577	-0.000590027
2108.786	3324.51	0.004969973	-0.000506125	-0.000590389
2111.548	3346.08	0.004998093	-0.00050577	-0.000610389
2115.979333	3346.09	0.00499786	-0.000526372	-0.000610743
2121.624667	3360.47	0.004996928	-0.000526372	-0.000610743
2128.814667	3382.04	0.005024848	-0.000526372	-0.000610743
2141.856	3439.56	0.005021321	-0.000526018	-0.000610389
2149.046	3461.13	0.005049208	-0.000526018	-0.000630743
2151.932667	3453.95	0.005049474	-0.000526372	-0.000631105
2159.974667	3475.52	0.005077361	-0.00054662	-0.000631105
2159.122667	3475.52	0.005048076	-0.00054662	-0.000631105
2185.489333	3554.62	0.005072236	-0.00054662	-0.000631105
2185.489333	3554.62	0.00510152	-0.00054662	-0.000631105
2192.679333	3576.19	0.005100123	-0.00054662	-0.00065146
2199.869333	3597.76	0.00512801	-0.000566861	-0.00065146
2195.076	3583.38	0.005128941	-0.000566861	-0.00065146
2219.898	3655.29	0.005124316	-0.000566861	-0.00065146
2231.881333	3691.24	0.005151271	-0.000566861	-0.000671821
2224.691333	3669.67	0.005152669	-0.000566861	-0.00065146
2245.412667	3734.39	0.005148476	-0.000587109	-0.000671821
2249.716	3763.14	0.005176129	-0.000586747	-0.00067146
2251.058	3748.77	0.005176828	-0.000587109	-0.000671821
2257.396	3770.34	0.005175431	-0.000587109	-0.000671821
2255.851333	3763.15	0.005175897	-0.000587109	-0.000671821
2283.762667	3849.44	0.005228875	-0.000587109	-0.000692176
2288.556	3863.82	0.005227943	-0.000607356	-0.000692176
2287.011333	3856.63	0.005228409	-0.000607356	-0.000692176
2314.922667	3942.92	0.005252136	-0.000607356	-0.000712537
2307.732667	3921.35	0.005253534	-0.000607356	-0.000712537
2319.716	3957.3	0.005251204	-0.000627597	-0.000712537
2322.112667	3964.49	0.005280023	-0.000627597	-0.000712537
2320.568	3957.3	0.005280489	-0.000627597	-0.000712537
2338.892667	4014.83	0.005306046	-0.000627597	-0.000732892
2348.841333	4057.96	0.005303484	-0.000627242	-0.000732537
2360.462667	4079.54	0.005331138	-0.000647845	-0.000732892
2368.508	4101.12	0.00532974	-0.000627597	-0.000753253
2384.432667	4151.45	0.005326512	-0.000668086	-0.000753253
2384.432667	4151.45	0.005326512	-0.000647845	-0.000753253
2390.078	4165.83	0.005354865	-0.000647845	-0.000753253
2396.419333	4187.41	0.005353467	-0.000647845	-0.000773608
2402.064667	4201.79	0.00538182	-0.000668086	-0.000773608
2415.592667	4244.93	0.005379025	-0.000668086	-0.000773608
2421.238	4259.31	0.005378093	-0.000688334	-0.000773608
2432.372667	4295.27	0.005405048	-0.000668086	-0.000773608
2435.621333	4302.46	0.005433867	-0.000668086	-0.00079397
2425.544667	4288.07	0.005435031	-0.000687972	-0.000793608
2435.131333	4316.83	0.005433168	-0.000687972	-0.000793608
2446.752667	4338.41	0.005460855	-0.000688334	-0.00079397
2445.208	4331.22	0.005432003	-0.000688334	-0.00079397
2453.942667	4359.98	0.005459457	-0.000688334	-0.00079397
2455.852667	4381.55	0.005487544	-0.000687972	-0.000793608
2457.194667	4367.18	0.005488276	-0.000688334	-0.000814324
2460.646	4395.93	0.005486612	-0.00070822	-0.000793608
2482.706	4446.27	0.005512436	-0.000708581	-0.000814324
2489.899333	4467.85	0.005511038	-0.000708581	-0.000814324
2487.502667	4460.66	0.005540788	-0.000708581	-0.000814324
2485.468	4467.84	0.005540555	-0.00070822	-0.00081397
2492.296	4475.04	0.005539857	-0.000728822	-0.000834686
2491.806	4489.41	0.005568442	-0.000728467	-0.000834324
2491.806	4489.41	0.005568442	-0.000728467	-0.000834324
2504.279333	4510.99	0.005596096	-0.000728822	-0.000834686
2519.514667	4554.14	0.005564016	-0.000728822	-0.000834686
2521.911333	4561.33	0.005592868	-0.000728822	-0.000834686
2521.059333	4561.33	0.005622153	-0.000728822	-0.000834686
2526.704667	4575.71	0.005621221	-0.00074907	-0.000855041
2525.852667	4575.71	0.005621221	-0.000728822	-0.000855041
2528.249333	4582.9	0.005620755	-0.00074907	-0.000855041
2536.291333	4604.47	0.005648642	-0.00074907	-0.000855041
2550.674667	4647.62	0.005645847	-0.00074907	-0.000855041
2549.332667	4661.99	0.005674432	-0.000748708	-0.000854686
2549.332667	4661.99	0.005674432	-0.000748708	-0.000854686
2560.261333	4676.38	0.005702552	-0.00074907	-0.000875402
2557.864667	4669.19	0.005673733	-0.00074907	-0.000875402
2564.202667	4690.76	0.00570162	-0.000769311	-0.000875402
2577.038	4726.71	0.005728609	-0.00074907	-0.000875402
2566.961333	4712.32	0.00572974	-0.000768956	-0.000875041
2578.582667	4733.9	0.005757427	-0.000769311	-0.000875402
2578.582667	4733.9	0.005757427	-0.000769311	-0.000875402
2588.172667	4762.67	0.005755564	-0.000769311	-0.000875402
2583.379333	4748.29	0.005756496	-0.000769311	-0.000875402
2588.172667	4762.67	0.005784848	-0.000769311	-0.000895764
2593.818	4777.05	0.005783916	-0.000769311	-0.000895764
2593.818	4777.05	0.005783916	-0.000769311	-0.000895764
2592.966	4777.05	0.005813201	-0.000789558	-0.000895764
2592.966	4777.05	0.005813201	-0.000769311	-0.000895764
2600.156	4798.62	0.005811803	-0.000789558	-0.000895764
2604.949333	4813	0.005840156	-0.000789558	-0.000895764
2601.008	4798.62	0.005841088	-0.000789558	-0.000895764
2609.742667	4827.38	0.005839224	-0.000789558	-0.000916118
2620.184667	4856.15	0.005866645	-0.000809806	-0.000916118
2619.332667	4856.15	0.005866645	-0.000789558	-0.000916118
2621.729333	4863.34	0.005895497	-0.000809806	-0.000916118
2622.581333	4863.34	0.005895497	-0.000789558	-0.000916118
2626.522667	4877.72	0.00592385	-0.000809806	-0.000916118
2626.522667	4877.72	0.00592385	-0.000809806	-0.000916118
2626.522667	4877.72	0.00592385	-0.000789558	-0.000916118
2634.564667	4899.29	0.005951737	-0.000809806	-0.000916118
2629.771333	4884.91	0.005923384	-0.000809806	-0.000916118
2645.699333	4935.25	0.005978692	-0.000809806	-0.00093648
2639.358	4913.67	0.005950805	-0.000809806	-0.00093648
2653.741333	4956.82	0.005977294	-0.000809806	-0.00093648
2653.741333	4956.82	0.005977294	-0.000830047	-0.00093648
2655.286	4964.01	0.006006113	-0.000809806	-0.00093648
2652.889333	4956.82	0.006006579	-0.000830047	-0.00093648
2658.534667	4971.2	0.006005647	-0.000830047	-0.00093648
2663.328	4985.58	0.006034	-0.000830047	-0.000956834
2660.931333	4978.39	0.006034466	-0.000830047	-0.000956834
2665.724667	4992.77	0.006062852	-0.000830047	-0.000956834
2664.872667	4992.77	0.006062852	-0.000830047	-0.000956834
2673.972667	5035.91	0.006060256	-0.000829692	-0.00095648
2681.652667	5043.11	0.006088875	-0.000830047	-0.000956834
2681.652667	5043.11	0.006088875	-0.000830047	-0.000956834
2684.049333	5050.3	0.006088409	-0.000850295	-0.000956834
2686.446	5057.49	0.006117228	-0.000850295	-0.000956834
2684.049333	5050.3	0.006117694	-0.000850295	-0.000956834
2688.352667	5079.05	0.006116063	-0.000849933	-0.00095648
2688.842667	5064.68	0.006116762	-0.000850295	-0.000977196
2696.032667	5086.25	0.006144649	-0.000850295	-0.000977196
2701.678	5100.63	0.006173001	-0.000870542	-0.000977196
2708.871333	5122.21	0.006171604	-0.000870542	-0.000977196
2705.622667	5115.02	0.00617207	-0.000870542	-0.000977196
2708.019333	5122.21	0.006171604	-0.000870542	-0.000997551
2702.736	5122.2	0.006201121	-0.000870181	-0.000997196
2712.812667	5136.59	0.006199956	-0.000870542	-0.000997551
2716.061333	5143.78	0.006228808	-0.000870542	-0.000997551
2712.812667	5136.59	0.006229274	-0.000870542	-0.000997551
2716.061333	5143.78	0.006228808	-0.000870542	-0.000997551
2717.968	5165.34	0.006256895	-0.000870181	-0.000976834
2727.192667	5179.73	0.006255763	-0.000870542	-0.000997551
2730.441333	5186.92	0.006255298	-0.000890783	-0.001017912
2731.986	5194.11	0.006284116	-0.000890783	-0.001017912
2734.386	5201.31	0.00628365	-0.000890783	-0.001017912
2737.634667	5208.5	0.006312469	-0.000890783	-0.001017912
2742.428	5222.88	0.006282253	-0.000890783	-0.001017912
2743.972667	5230.07	0.006311071	-0.000890783	-0.001017912
2741.576	5222.88	0.006311537	-0.000890783	-0.001017912
2746.369333	5237.26	0.00633989	-0.000911031	-0.001038267
2746.369333	5237.26	0.00633989	-0.000911031	-0.001017912
2748.766	5244.45	0.006339424	-0.000911031	-0.001038267
2748.766	5244.45	0.006368709	-0.000911031	-0.001038267
2753.069333	5273.2	0.006367078	-0.00091067	-0.001037912
2763.146	5287.59	0.006365913	-0.000911031	-0.001038267
2763.146	5287.59	0.006395231	-0.000911031	-0.001038267
2765.546	5294.79	0.006394765	-0.000911031	-0.001058628
2767.942667	5301.98	0.006423584	-0.000931272	-0.001058628
2772.736	5316.36	0.006422652	-0.000931272	-0.001058628
2778.381333	5330.74	0.00642172	-0.000931272	-0.001058628
2777.529333	5330.74	0.006451005	-0.000931272	-0.001058628
2789.512667	5366.69	0.006448675	-0.000931272	-0.001078983
2795.158	5381.07	0.006477028	-0.000931272	-0.001078983
2790.364667	5366.69	0.00647796	-0.00095152	-0.001078983
2798.612667	5409.83	0.006504682	-0.000951165	-0.001078628
2794.306	5381.07	0.006506312	-0.00095152	-0.001078983
2794.306	5381.07	0.006506312	-0.00095152	-0.001078983
2802.351333	5402.65	0.006504915	-0.00095152	-0.001099345
2799.102667	5395.46	0.006505381	-0.00095152	-0.001099345
2811.938	5431.41	0.006532336	-0.000971767	-0.001099345
2813.482667	5438.6	0.00653187	-0.000971767	-0.001099345
2811.086	5431.41	0.006532336	-0.000971767	-0.001119699
2820.672667	5460.17	0.00655979	-0.000971767	-0.001099345
2820.672667	5460.17	0.00655979	-0.000971767	-0.001119699
2820.672667	5460.17	0.006589075	-0.000971767	-0.001119699
2830.262667	5488.94	0.006616496	-0.000992008	-0.001119699
2820.186	5474.55	0.006617627	-0.000991653	-0.001119345
2817.789333	5467.36	0.006618093	-0.000991653	-0.001119345
2837.452667	5510.51	0.006615098	-0.000992008	-0.001140061
2825.466	5474.55	0.006617427	-0.000992008	-0.001119699
2850.288	5546.46	0.006671337	-0.001012256	-0.001140061
2850.288	5546.46	0.006671337	-0.001012256	-0.001140061
2841.756	5539.26	0.006672036	-0.001011894	-0.001160061
2845.004667	5546.45	0.00667157	-0.001011894	-0.001160061
2854.229333	5560.84	0.00669969	-0.001012256	-0.001160415
2844.152667	5546.45	0.006700855	-0.001032142	-0.001160061
2854.229333	5560.84	0.00669969	-0.001032504	-0.001160415
2863.819333	5589.61	0.006727144	-0.001032504	-0.001160415
2868.122667	5618.36	0.006725481	-0.001032142	-0.001180415
2873.406	5618.37	0.006754565	-0.001032504	-0.001180777
2865.726	5611.17	0.006755231	-0.001032142	-0.001180415
2871.009333	5611.18	0.006755031	-0.001032504	-0.001180777
2876.654667	5625.56	0.006783384	-0.001052744	-0.001201132
2874.258	5618.37	0.00678385	-0.001052744	-0.001201132
2875.802667	5625.56	0.006783384	-0.001052744	-0.001201132
2891.038	5668.71	0.006809873	-0.001052744	-0.001201132
2880.961333	5654.32	0.006811038	-0.00105239	-0.001200777
2898.228	5690.28	0.006808476	-0.001072992	-0.001221493
2894.489333	5697.46	0.006837527	-0.001072631	-0.001221132
2899.772667	5697.47	0.006837294	-0.001072992	-0.001221493
2898.228	5690.28	0.00683776	-0.001072992	-0.001221493
2904.566	5711.85	0.006865647	-0.001072992	-0.001241848
2900.624667	5697.47	0.006866579	-0.001093233	-0.001241848
2906.962667	5719.04	0.006865181	-0.001093233	-0.001241848
2901.679333	5719.03	0.006894699	-0.001092878	-0.001241493
2903.021333	5704.66	0.006895431	-0.001093233	-0.001221493
2918.946	5754.99	0.006921454	-0.001093233	-0.001241848
2915.004667	5740.61	0.006922386	-0.001113481	-0.001262209
2926.139333	5776.57	0.006920056	-0.001113481	-0.001241848
2923.742667	5769.38	0.006949807	-0.001113481	-0.001262209
2923.742667	5769.38	0.006949807	-0.001113481	-0.001262209
2920.856	5776.56	0.006949574	-0.001113126	-0.001261848
2935.726	5805.33	0.006947477	-0.001133728	-0.001282564
2940.519333	5819.71	0.00697583	-0.001133728	-0.001282564
2935.726	5805.33	0.007006046	-0.001133728	-0.001282564
2930.442667	5805.32	0.006976995	-0.001113126	-0.001282209
2952.506	5855.67	0.00703207	-0.001133728	-0.001302925
2942.916	5826.9	0.007004649	-0.001153969	-0.001302925
2952.506	5855.67	0.00703207	-0.001153969	-0.001302925
2945.312667	5834.09	0.007033467	-0.001153969	-0.001302925
2958.151333	5870.05	0.007060456	-0.001153969	-0.00132328
2945.678	5848.47	0.007032768	-0.001153615	-0.001322925
2966.886	5898.81	0.007087877	-0.001153969	-0.00132328
2965.341333	5891.62	0.007059058	-0.001174217	-0.00132328
2957.299333	5870.05	0.00708974	-0.001174217	-0.00132328
2974.928	5920.38	0.007115763	-0.001174217	-0.001343642
2976.472667	5927.57	0.007086013	-0.001194465	-0.001343642
2969.282667	5906	0.007116695	-0.001194465	-0.001343642
2974.076	5920.38	0.007115763	-0.001194465	-0.001343642
2989.311333	5963.53	0.007142253	-0.001194465	-0.001343642
2982.118	5941.95	0.00714365	-0.001194465	-0.001363996
2989.311333	5963.53	0.007171537	-0.001214706	-0.001363996
2991.218	5985.09	0.007170372	-0.001214351	-0.001363642
3000.442667	5999.48	0.007169208	-0.001214706	-0.001384358
2998.898	5992.29	0.007198958	-0.001214706	-0.001384358
2990.366	5985.09	0.007199657	-0.001214351	-0.001383996
3005.236	6013.86	0.007226878	-0.001234953	-0.001384358
2992.762667	5992.28	0.007199191	-0.001234592	-0.001383996
3000.442667	5999.48	0.00722781	-0.001234953	-0.001404713
3010.881333	6028.24	0.007255231	-0.001234953	-0.001404713
3005.236	6013.86	0.007256163	-0.001234953	-0.001404713
3022.868	6064.2	0.007282186	-0.001255194	-0.001404713
3024.412667	6071.39	0.00728172	-0.001255194	-0.001425074
3025.264667	6071.39	0.00728172	-0.001255194	-0.001425074
3024.412667	6071.39	0.00728172	-0.001275442	-0.001425074
3024.412667	6071.39	0.007311005	-0.001255194	-0.001445429
3025.264667	6071.39	0.007311005	-0.001255194	-0.001445429
3026.319333	6092.95	0.00730984	-0.001275081	-0.001445074
3029.206	6085.77	0.007339357	-0.001275442	-0.001445429
3039.644667	6114.53	0.007337494	-0.001275442	-0.001445429
3035.909333	6121.72	0.007366545	-0.001295328	-0.001465429
3042.041333	6121.72	0.007337028	-0.00129569	-0.00146579
3048.382667	6143.3	0.007394233	-0.00129569	-0.00146579
3048.382667	6143.3	0.007394233	-0.00129569	-0.001486145
3048.382667	6143.3	0.007394233	-0.00129569	-0.00146579
3048.382667	6143.3	0.007394233	-0.001315931	-0.001486145
3061.218	6179.25	0.007391903	-0.001315931	-0.001486145
3050.779333	6150.49	0.007423051	-0.001315931	-0.001486145
3050.779333	6150.49	0.007423051	-0.001315931	-0.001506506
3058.821333	6172.06	0.007421654	-0.001336178	-0.001506506
3053.176	6157.68	0.007422585	-0.001336178	-0.001506506
3060.366	6179.25	0.007450472	-0.001336178	-0.001506506
3072.349333	6215.2	0.007477427	-0.001336178	-0.001526861
3064.672667	6208.01	0.007478126	-0.001335817	-0.001526506
3069.466	6222.39	0.007506479	-0.001356064	-0.001526506
3069.952667	6208.01	0.007507178	-0.001356419	-0.001526861
3073.201333	6215.2	0.007506712	-0.001356419	-0.001526861
3084.336	6251.16	0.007533667	-0.001356419	-0.001547223
3080.394667	6236.78	0.007505314	-0.001376667	-0.001547223
3086.242667	6272.72	0.007532502	-0.001376312	-0.001567223
3093.922667	6279.92	0.007561121	-0.001376667	-0.001567577
3079.052667	6251.15	0.0075339	-0.001396553	-0.001567223
3096.319333	6287.11	0.007560655	-0.001396915	-0.001567577
3097.171333	6287.11	0.00758994	-0.001396915	-0.001587939
3098.716	6294.3	0.007589474	-0.001396915	-0.001587939
3101.112667	6301.49	0.007589008	-0.001396915	-0.001587939
3105.909333	6315.88	0.007617361	-0.001417155	-0.001608294
3101.964667	6301.49	0.007618293	-0.001417155	-0.001608294
3122.686	6366.21	0.007643384	-0.001417155	-0.001608294
3116.348	6344.64	0.007644782	-0.001437403	-0.001608294
3120.289333	6359.02	0.00764385	-0.001437403	-0.001628655
3116.348	6344.64	0.007644782	-0.001437403	-0.001628655
3112.609333	6351.82	0.007644549	-0.001437042	-0.001628294
3117.892667	6351.83	0.007673599	-0.001437403	-0.00164901
3122.686	6366.21	0.007672669	-0.001457651	-0.00164901
3122.686	6366.21	0.007701949	-0.001457651	-0.00164901
3122.686	6366.21	0.007701949	-0.001457651	-0.00164901
3127.479333	6380.59	0.007701019	-0.001477892	-0.00164901
3127.479333	6380.59	0.007730339	-0.001477892	-0.001669371
3130.241333	6402.16	0.007729139	-0.001477537	-0.00166901
3139.466	6416.55	0.007757299	-0.001477892	-0.001669371
3141.862667	6423.74	0.007756829	-0.001498139	-0.001689733
3139.466	6416.55	0.007786579	-0.001498139	-0.001689733
3136.579333	6423.73	0.007786309	-0.001497778	-0.001689371
3149.904667	6445.31	0.007784719	-0.00151838	-0.001689733
3149.052667	6445.31	0.007813999	-0.00151838	-0.001710087
3142.714667	6423.74	0.007786109	-0.00151838	-0.001710087
3156.242667	6466.88	0.007812599	-0.00151838	-0.001710087
3151.449333	6452.5	0.007842819	-0.00151838	-0.001710087
3165.829333	6495.64	0.007840019	-0.001538628	-0.001730449
3159.004667	6488.45	0.007870009	-0.001538273	-0.001730087
3161.036	6481.26	0.007840959	-0.001538628	-0.001730449
3161.036	6481.26	0.007870239	-0.001538628	-0.001750804
3168.229333	6502.84	0.007898129	-0.001558876	-0.001750804
3169.081333	6502.84	0.007898129	-0.001558876	-0.001750804
3162.946	6502.83	0.007898359	-0.001558514	-0.001770804
3166.681333	6495.64	0.007898589	-0.001579117	-0.001771165
3173.874667	6517.22	0.007897199	-0.001579117	-0.001771165
3164.284667	6488.45	0.007928379	-0.001579117	-0.001771165
3185.006	6553.17	0.007953469	-0.001599364	-0.00179152
3177.326	6545.97	0.007954129	-0.001599003	-0.001791165
3177.816	6531.6	0.007954869	-0.001599364	-0.00179152
3175.781333	6538.78	0.007983919	-0.001599003	-0.001791165
3180.212667	6538.79	0.007983679	-0.001599364	-0.001811881
3185.006	6553.17	0.007982749	-0.001619612	-0.001811881
3192.196	6574.74	0.008010639	-0.001619612	-0.001811881
3181.064667	6538.79	0.007983679	-0.001619612	-0.001832236
3192.196	6574.74	0.008039919	-0.001619612	-0.001832236
3199.389333	6596.32	0.008038529	-0.001639853	-0.001832236
3196.989333	6589.12	0.008038989	-0.001639853	-0.001852598
3204.182667	6610.7	0.008066879	-0.001639853	-0.001852598
3194.106	6596.31	0.008068039	-0.001639498	-0.001852236
3207.431333	6617.89	0.008066409	-0.001660101	-0.001872952
3207.431333	6617.89	0.008066409	-0.001660101	-0.001872952
3204.182667	6610.7	0.008096199	-0.001660101	-0.001872952
3213.769333	6639.46	0.008094329	-0.001680342	-0.001893314
3220.959333	6661.03	0.008122219	-0.001680342	-0.001893314
3220.959333	6661.03	0.008122219	-0.001680342	-0.001893314
3218.562667	6653.84	0.008122689	-0.001700589	-0.001893314
3218.562667	6653.84	0.008151969	-0.001700589	-0.001913668
3214.621333	6639.46	0.008152899	-0.001700589	-0.001913668
3228.149333	6682.6	0.008150109	-0.001720837	-0.00193403
3224.208	6668.22	0.008180319	-0.001720837	-0.00193403
3221.811333	6661.03	0.008180789	-0.001720837	-0.00193403
3228.514667	6696.98	0.008178689	-0.001720475	-0.001933668
3226.604667	6675.41	0.008209139	-0.001720837	-0.001954385
3218.562667	6653.84	0.008181259	-0.001741078	-0.001954385
3230.549333	6689.8	0.008208209	-0.001741078	-0.001974746
3218.072667	6668.21	0.008209839	-0.001740723	-0.001974385
3238.591333	6711.37	0.008236099	-0.001761325	-0.001974746
3240.136	6718.56	0.008264919	-0.001761325	-0.001974746
3243.384667	6725.75	0.008264449	-0.001781573	-0.001995101
3240.988	6718.56	0.008264919	-0.001781573	-0.001995101
3243.384667	6725.75	0.008293769	-0.001781573	-0.001995101
3243.384667	6725.75	0.008264449	-0.001781573	-0.001995101
3252.119333	6754.51	0.008291899	-0.001801814	-0.002015462
3257.764667	6768.89	0.008320259	-0.001801814	-0.002015462
3256.912667	6768.89	0.008320259	-0.001801814	-0.002035817
3261.709333	6783.28	0.008348609	-0.001822062	-0.002035817
3256.912667	6768.89	0.008349539	-0.001822062	-0.002035817
3255.368	6761.7	0.008350009	-0.001822062	-0.002056179
3264.106	6790.47	0.008377429	-0.001842303	-0.002056179
3256.912667	6768.89	0.008378829	-0.00186255	-0.002056179
3271.296	6812.04	0.008376029	-0.001842303	-0.002076533
3261.709333	6783.28	0.008377889	-0.00186255	-0.002076533
3254.881333	6776.08	0.008407879	-0.001862189	-0.002076179
3264.106	6790.47	0.008406709	-0.00186255	-0.002096895
3272.148	6812.04	0.008434599	-0.001882798	-0.002096895
3268.899333	6804.85	0.008435069	-0.001882798	-0.002117249
3276.941333	6826.42	0.008433669	-0.001882798	-0.002117249
3274.544667	6819.23	0.008463419	-0.001903039	-0.002137611
3276.941333	6826.42	0.008433669	-0.001903039	-0.002117249
3276.089333	6826.42	0.008462989	-0.001903039	-0.002137611
3279.338	6833.61	0.008491799	-0.001923287	-0.002137611
3276.089333	6826.42	0.008492269	-0.001923287	-0.002157966
3288.072667	6862.37	0.008489939	-0.001923287	-0.002157966
3291.321333	6869.56	0.008518759	-0.001943534	-0.002178327
3295.266	6883.95	0.008547109	-0.001943534	-0.002178327
3284.131333	6847.99	0.008520159	-0.001963775	-0.002178327
3284.131333	6847.99	0.008520159	-0.001963775	-0.002178327
3292.869333	6876.76	0.008547579	-0.001963775	-0.002198682
3290.469333	6869.56	0.008577329	-0.001963775	-0.002198682
3290.469333	6869.56	0.008577329	-0.001984023	-0.002219043
3288.072667	6862.37	0.008577789	-0.001984023	-0.002219043
3298.514667	6891.14	0.008605219	-0.002004264	-0.002239398
3292.869333	6876.76	0.008606149	-0.002004264	-0.002239398
3288.072667	6862.37	0.008607079	-0.002004264	-0.002239398
3310.498	6927.09	0.008632169	-0.002024512	-0.002259759
3307.249333	6919.9	0.008632639	-0.002024512	-0.002259759
3308.101333	6919.9	0.008632639	-0.002044759	-0.002259759
3309.646	6927.09	0.008661489	-0.002044759	-0.002280114
3303.308	6905.52	0.008662889	-0.002044759	-0.002280114
3300.059333	6898.33	0.008663319	-0.002065	-0.002300476
3305.704667	6912.71	0.008691699	-0.002065	-0.002300476
3303.308	6905.52	0.008692169	-0.002065	-0.002300476
3320.084667	6955.85	0.008688909	-0.002085248	-0.00232083
3312.894667	6934.28	0.008690309	-0.002085248	-0.00232083
3312.894667	6934.28	0.008719589	-0.002085248	-0.002341192
3305.704667	6912.71	0.008720989	-0.002085248	-0.002341192
3309.156	6941.46	0.008748639	-0.002105134	-0.00234083
3319.232667	6955.85	0.008747479	-0.002125736	-0.002361547
3319.232667	6955.85	0.008776759	-0.002125736	-0.002361547
3319.232667	6955.85	0.008747479	-0.002125736	-0.002361547
3319.232667	6955.85	0.008776759	-0.002125736	-0.002381908
3311.552667	6948.65	0.008777459	-0.002145623	-0.002381547
3326.426	6977.43	0.008804649	-0.002145984	-0.002402263
3311.552667	6948.65	0.008806749	-0.00216587	-0.002401908
3322.481333	6963.04	0.008834869	-0.002166225	-0.002402263
3332.071333	6991.81	0.008832999	-0.002186473	-0.002422624
3331.219333	6991.81	0.008862319	-0.002186473	-0.002422624
3321.629333	6963.04	0.008864149	-0.002186473	-0.002422624
3328.822667	6984.62	0.008862749	-0.002186473	-0.002442979
3329.184667	6998.99	0.008891339	-0.002206359	-0.002442624
3324.029333	6970.24	0.008863679	-0.002226961	-0.00246334
3329.674667	6984.62	0.008892069	-0.00220672	-0.00246334
3325.936	6991.8	0.008891799	-0.002226607	-0.00248334
3326.788	6991.8	0.008891799	-0.002246848	-0.00248334
3325.936	6991.8	0.008921089	-0.002246848	-0.00248334
3331.219333	6991.81	0.008920889	-0.002247209	-0.002504057
3330.729333	7006.18	0.008920159	-0.002267095	-0.002503702
3331.219333	6991.81	0.008950169	-0.00226745	-0.002504057
3339.261333	7013.38	0.008948779	-0.002287698	-0.002524418
3347.996	7042.14	0.008976199	-0.002287698	-0.002524418
3345.599333	7034.95	0.008976659	-0.002287698	-0.002544773
3337.919333	7027.75	0.009006649	-0.002287343	-0.002544418
3340.806	7020.57	0.009006879	-0.002328186	-0.002565134
3331.219333	6991.81	0.009008739	-0.002328186	-0.002565134
3325.936	6991.8	0.009008979	-0.002327832	-0.002564773
3325.936	6991.8	0.009008979	-0.002327832	-0.002585134
3345.599333	7034.95	0.009064519	-0.002348434	-0.002605851
3344.054667	7027.76	0.009064979	-0.002348434	-0.002605851
3344.054667	7027.76	0.009064979	-0.002368682	-0.002605851
3336.374667	7020.56	0.009065679	-0.00236832	-0.002625851
3340.806	7020.57	0.009065449	-0.002368682	-0.002626205
3345.599333	7034.95	0.009093829	-0.002368682	-0.002626205
3359.982667	7078.1	0.009120319	-0.002388923	-0.002646567
3346.451333	7034.95	0.009093829	-0.00240917	-0.002666921
3359.982667	7078.1	0.009149609	-0.00240917	-0.002666921
3358.438	7070.91	0.009150069	-0.002429411	-0.002687283
3359.982667	7078.1	0.009149609	-0.002429411	-0.002687283
3312.042667	6934.28	0.009100319	-0.002429411	-0.002666921
3338.409333	7013.38	0.009153799	-0.002449659	-0.002707638
3252.971333	6754.51	0.009082689	-0.002449659	-0.002687283
3351.244667	7049.33	0.009180759	-0.002490147	-0.002727999
3346.451333	7034.95	0.009210969	-0.002490147	-0.002748354
3340.806	7020.57	0.009182619	-0.002490147	-0.002748354
3355.189333	7063.72	0.009209109	-0.002490147	-0.002748354
3342.712667	7042.13	0.009240019	-0.002510034	-0.002768354
3350.392667	7049.33	0.009239329	-0.002510395	-0.002768715
3344.054667	7027.76	0.009240719	-0.002510395	-0.00278907
3357.586	7070.91	0.009237929	-0.002530643	-0.00278907
3362.379333	7085.29	0.009266279	-0.002550884	-0.00278907
3357.586	7070.91	0.009267209	-0.002550884	-0.002809432
3357.586	7070.91	0.009296499	-0.002571131	-0.002809432
3359.982667	7078.1	0.009296029	-0.002571131	-0.002829786
3358.438	7070.91	0.009296499	-0.002591372	-0.002829786
3357.586	7070.91	0.009325809	-0.002591372	-0.002850148
3357.948	7085.28	0.009325079	-0.002611259	-0.002849786
3362.379333	7085.29	0.009324879	-0.00261162	-0.002870502
3357.586	7070.91	0.009355099	-0.00261162	-0.002870502
3358.438	7070.91	0.009325809	-0.002631868	-0.002890864
3354.699333	7078.09	0.009354829	-0.002651754	-0.002890502
3352.789333	7056.52	0.009356029	-0.002652109	-0.002890864
3362.379333	7085.29	0.009383449	-0.002652109	-0.002911219
3365.628	7092.48	0.009382989	-0.002672356	-0.00293158
3350.392667	7049.33	0.009385779	-0.002672356	-0.00293158
3347.509333	7056.52	0.009414799	-0.002692243	-0.00295158
3365.628	7092.48	0.009412269	-0.002712845	-0.002951935
3364.776	7092.48	0.009441549	-0.002712845	-0.002972296
3362.379333	7085.29	0.009442019	-0.002733093	-0.002972296
3354.699333	7078.09	0.009442719	-0.002732731	-0.002971935
3359.492667	7092.47	0.009471069	-0.002732731	-0.002992296
3357.096	7085.28	0.009442249	-0.002752979	-0.003012651
3352.302667	7070.9	0.009501749	-0.00277322	-0.003012651
3357.586	7070.91	0.009501519	-0.002773581	-0.003033367
3369.569333	7106.86	0.009499189	-0.002793829	-0.003053729
3356.041333	7063.72	0.009501989	-0.002793829	-0.003053729
3352.302667	7070.9	0.009531039	-0.002813715	-0.003073729
3370.421333	7106.86	0.009557789	-0.00281407	-0.003074084
3369.569333	7106.86	0.009528479	-0.002834317	-0.003094445
3364.776	7092.48	0.009558729	-0.002854558	-0.003094445
3359.982667	7078.1	0.009559659	-0.002854558	-0.0031148
3358.438	7070.91	0.009560119	-0.002874807	-0.0031148
3357.586	7070.91	0.009589409	-0.002874807	-0.003135161
3356.041333	7063.72	0.009589869	-0.002895052	-0.003135161
3368.024667	7099.67	0.009616829	-0.002895052	-0.003155516
3352.302667	7070.9	0.009589609	-0.002914939	-0.003175516
3350.392667	7049.33	0.009620089	-0.002935542	-0.003175877
3355.189333	7063.72	0.009648439	-0.002935542	-0.003196232
3348.848	7042.14	0.009649839	-0.002935542	-0.003196232
3357.586	7070.91	0.009647979	-0.002955787	-0.003216594
3357.586	7070.91	0.009647979	-0.002976032	-0.003236948
3345.599333	7034.95	0.009679589	-0.002976032	-0.003236948
3350.392667	7049.33	0.009678659	-0.003016522	-0.00325731
3351.244667	7049.33	0.009707939	-0.003016522	-0.003277671
3345.599333	7034.95	0.009708879	-0.003016522	-0.003277671
3352.302667	7070.9	0.009736059	-0.003036409	-0.003297671
3341.658	7020.57	0.009709809	-0.003057013	-0.003298026
3339.261333	7013.38	0.009739559	-0.003077258	-0.003318384
3340.806	7020.57	0.009739089	-0.003077258	-0.003318384
3340.806	7020.57	0.009739089	-0.003097503	-0.003338743
3331.219333	6991.81	0.009770239	-0.003097503	-0.003359101
3327.278	6977.43	0.009771169	-0.003117748	-0.003359101
3325.936	6991.8	0.009799759	-0.003137635	-0.003399459
3340.806	7020.57	0.009797659	-0.003158239	-0.003399817
3319.232667	6955.85	0.009801849	-0.003158239	-0.003399817
3329.674667	6984.62	0.009799989	-0.003178483	-0.003440533
3307.249333	6919.9	0.009833469	-0.003178483	-0.003440533
3322.481333	6963.04	0.009859959	-0.003218973	-0.003460891
3314.439333	6941.47	0.009832069	-0.003239219	-0.00348125
3304.852667	6912.71	0.009863219	-0.003259464	-0.003501608
3288.924667	6862.37	0.009866479	-0.003259464	-0.00348125
3292.869333	6876.76	0.009865549	-0.003279709	-0.003521966
3293.231333	6891.13	0.009894129	-0.003299596	-0.003541966
3285.676	6855.18	0.009896229	-0.003320199	-0.003562683
3288.072667	6862.37	0.009895759	-0.003320199	-0.003583041
3280.882667	6840.8	0.009926449	-0.003340445	-0.003603399
3276.089333	6826.42	0.009927379	-0.003380935	-0.003623757
3276.089333	6826.42	0.009927379	-0.003380935	-0.003644116
3279.338	6833.61	0.009956229	-0.003421425	-0.003664474
3266.502667	6797.66	0.009958529	-0.003421425	-0.003684832
3257.764667	6768.89	0.009960389	-0.00344167	-0.003684832
3254.516	6761.7	0.009960859	-0.00348216	-0.003725548
3247.326	6740.13	0.009991539	-0.003502405	-0.003745906
3240.136	6718.56	0.009992939	-0.00352265	-0.003766264
3240.988	6718.56	0.009992939	-0.003542896	-0.003806981
3225.752667	6675.41	0.010025019	-0.003583386	-0.003827339
3230.549333	6689.8	0.010024079	-0.003623876	-0.003868055
3220.959333	6661.03	0.010025949	-0.003644121	-0.003908772
3201.296	6617.88	0.010058259	-0.003704498	-0.003969488
3180.212667	6538.79	0.010033869	-0.003765592	-0.004051279
3134.669333	6402.16	0.010071999	-0.003968043	-0.004295577
1494.320667	1483.67	0.010068139	-0.006033046	-0.005130262
1509.556	1526.82	0.010094669	-0.006012798	-0.005130262
1519.142667	1555.58	0.010092799	-0.006012798	-0.005130262
1535.922667	1605.92	0.010089539	-0.006012798	-0.005130262
1545.509333	1634.68	0.010116959	-0.006012798	-0.005130262
1550.302667	1649.06	0.010116029	-0.006012798	-0.005130262
1559.892667	1677.83	0.010143449	-0.006033046	-0.005130262
1562.289333	1685.02	0.010113699	-0.006033046	-0.005130262
1583.859333	1749.73	0.010168079	-0.006033046	-0.005150623
1579.066	1735.35	0.010169009	-0.006033046	-0.005150623
1592.959333	1792.87	0.010165509	-0.006032684	-0.005150262
1605.432667	1814.45	0.010193199	-0.006053293	-0.005150623
1611.078	1828.83	0.010192269	-0.006053293	-0.005150623
1612.622667	1836.02	0.010191799	-0.006053293	-0.005150623
1624.609333	1871.98	0.010218759	-0.006053293	-0.005170978
1631.309333	1907.92	0.010216659	-0.00607318	-0.005170623
1634.196	1900.74	0.010246179	-0.006073534	-0.005170978
1636.592667	1907.93	0.010245709	-0.006073534	-0.005170978
1655.769333	1965.46	0.010271269	-0.006073534	-0.005170978
1653.372667	1958.27	0.010242449	-0.006073534	-0.005170978
1666.208	1994.22	0.010269409	-0.006073534	-0.005191339
1668.604667	2001.41	0.010298229	-0.006073534	-0.005191339
1668.604667	2001.41	0.010298229	-0.006073534	-0.005191339
1673.398	2015.79	0.010297329	-0.006093782	-0.005191339
1682.132667	2044.55	0.010324749	-0.006093782	-0.005191339
1681.646	2058.93	0.010324019	-0.006093421	-0.005190978
1686.929333	2058.94	0.010323819	-0.006093782	-0.005191339
1691.722667	2073.32	0.010352169	-0.006093782	-0.005191339
1696.516	2087.7	0.010351239	-0.006093782	-0.005211694
1699.274667	2109.26	0.010379359	-0.006093421	-0.005211339
1696.026	2102.07	0.010379819	-0.006113668	-0.005211339
1718.089333	2152.42	0.010376329	-0.006114023	-0.005211694
1718.089333	2152.42	0.010376329	-0.006114023	-0.005211694
1715.202667	2159.6	0.010405379	-0.006113668	-0.005231694
1730.072667	2188.37	0.010403289	-0.006114023	-0.005232055
1732.469333	2195.56	0.010432099	-0.006114023	-0.005232055
1732.469333	2195.56	0.010432099	-0.006114023	-0.005232055
1744.456	2231.52	0.010429809	-0.006134271	-0.005232055
1746.852667	2238.71	0.010429339	-0.006134271	-0.005232055
1751.646	2253.09	0.010457689	-0.006134271	-0.005232055
1752.498	2253.09	0.010486979	-0.006134271	-0.005232055
1758.836	2274.66	0.010485579	-0.006134271	-0.00525241
1763.629333	2289.04	0.010484649	-0.006134271	-0.00525241
1775.616	2325	0.010511599	-0.006154518	-0.00525241
1780.409333	2339.38	0.010510669	-0.006154518	-0.00525241
1783.658	2346.57	0.010539489	-0.006154518	-0.00525241
1775.126	2339.37	0.010540189	-0.006154157	-0.005252055
1787.599333	2360.95	0.010538559	-0.006154518	-0.005272772
1787.599333	2360.95	0.010538559	-0.006154518	-0.005272772
1793.244667	2375.33	0.010537629	-0.006174759	-0.005272772
1789.506	2382.51	0.010566679	-0.006174404	-0.00527241
1809.172667	2425.67	0.010563679	-0.006174759	-0.005272772
1810.024667	2425.67	0.010592969	-0.006174759	-0.005272772
1823.552667	2468.81	0.010619459	-0.006195007	-0.005293126
1822.008	2461.62	0.010619919	-0.006174759	-0.005293126
1822.008	2461.62	0.010619919	-0.006195007	-0.005313488
1837.936	2511.96	0.010645949	-0.006195007	-0.005313488
1840.332667	2519.15	0.010645479	-0.006195007	-0.005313488
1840.332667	2519.15	0.010645479	-0.006215255	-0.005313488
1842.729333	2526.34	0.010674299	-0.006215255	-0.005313488
1857.109333	2569.48	0.010671499	-0.006215255	-0.005333842
1861.902667	2583.86	0.010699859	-0.006215255	-0.005333842
1866.696	2598.24	0.010698959	-0.006215255	-0.005333842
1861.902667	2583.86	0.010699859	-0.006235495	-0.005333842
1867.548	2598.24	0.010698959	-0.006235495	-0.005333842
1873.889333	2619.82	0.010726849	-0.006235495	-0.005354204
1868.606	2619.81	0.010756329	-0.006235141	-0.005353842
1877.138	2627.01	0.010726379	-0.006235495	-0.005354204
1889.121333	2662.96	0.010753339	-0.006255743	-0.005374559
1896.311333	2684.53	0.010781219	-0.006255743	-0.005374559
1890.179333	2684.53	0.010781449	-0.006255382	-0.005374204
1893.914667	2677.34	0.010781689	-0.006255743	-0.005374559
1903.504667	2706.11	0.010809109	-0.006275984	-0.00539492
1909.842667	2727.68	0.010807709	-0.006275984	-0.00539492
1909.842667	2727.68	0.010807709	-0.006275984	-0.00539492
1911.749333	2749.24	0.010835829	-0.006295877	-0.005394559
1915.488	2742.06	0.010836059	-0.006296232	-0.00539492
1924.222667	2770.82	0.010863519	-0.006296232	-0.005415275
1922.678	2763.63	0.010834669	-0.006296232	-0.005415275
1939.458	2813.97	0.010860719	-0.006316479	-0.005415275
1928.529333	2799.58	0.010861849	-0.006316118	-0.005435275
1931.416	2792.4	0.010891409	-0.006316479	-0.005435636
1941.854667	2821.16	0.010889539	-0.00633672	-0.005435636
1941.854667	2821.16	0.010889539	-0.00633672	-0.005435636
1940.512667	2835.53	0.010918129	-0.006336366	-0.005455636
1944.251333	2828.35	0.010918359	-0.00633672	-0.005455991
1941.364667	2835.53	0.010918129	-0.006336366	-0.005455636
1951.441333	2849.92	0.010946249	-0.006356968	-0.005455991
1960.176	2878.68	0.010973669	-0.006356968	-0.005476353
1955.382667	2864.3	0.010974599	-0.006356968	-0.005476353
1950.589333	2849.92	0.010975529	-0.006377216	-0.005476353
1960.541333	2893.06	0.010972969	-0.006376854	-0.005496353
1965.824667	2893.07	0.011002019	-0.006377216	-0.005496707
1967.369333	2900.26	0.011001549	-0.006377216	-0.005496707
1968.221333	2900.26	0.011001549	-0.006397457	-0.005496707
1970.618	2907.45	0.011030409	-0.006397457	-0.005517069
1982.601333	2943.4	0.011028079	-0.006417704	-0.005517069
1979.352667	2936.21	0.011057829	-0.006417704	-0.005517069
1980.204667	2936.21	0.011028539	-0.006417704	-0.005537423
1984.998	2950.59	0.011056899	-0.006417704	-0.005537423
1977.318	2943.39	0.011057559	-0.006417343	-0.005557423
1981.749333	2943.4	0.011086649	-0.006437945	-0.005557785
1988.939333	2964.97	0.011085249	-0.006437945	-0.005557785
1992.188	2972.16	0.011114069	-0.006458193	-0.005557785
1986.542667	2957.78	0.011085709	-0.006458193	-0.00557814
1986.908	2972.16	0.011114299	-0.006457832	-0.005577785
1993.736	2979.36	0.011113599	-0.006458193	-0.00557814
1998.529333	2993.74	0.011141949	-0.006478441	-0.005598501
2005.719333	3015.31	0.011169839	-0.006498682	-0.005598501
1996.132667	2986.55	0.011171699	-0.006498682	-0.005598501
2003.322667	3008.12	0.011170309	-0.006498682	-0.005598501
2000.926	3000.93	0.011170769	-0.006498682	-0.005618863
2000.926	3000.93	0.011170769	-0.006518929	-0.005639217
2008.116	3022.5	0.011198689	-0.006518929	-0.005639217
1996.132667	2986.55	0.011230309	-0.006518929	-0.005639217
2001.778	3000.93	0.011229379	-0.00653917	-0.005639217
2008.116	3022.5	0.011227979	-0.00653917	-0.005659579
2005.719333	3015.31	0.011228439	-0.00653917	-0.005659579
2003.322667	3008.12	0.011258189	-0.00653917	-0.005659579
2015.306	3044.07	0.011285149	-0.006559418	-0.005659579
2011.364667	3029.69	0.011286079	-0.006559418	-0.005679934
2008.968	3022.5	0.011286549	-0.00653917	-0.005679934
2001.288	3015.3	0.011287209	-0.006559063	-0.005679579
2005.719333	3015.31	0.011287009	-0.006579666	-0.005679934
2016.158	3044.07	0.011314429	-0.006579666	-0.005679934
2008.116	3022.5	0.011315829	-0.006579666	-0.005679934
2012.909333	3036.88	0.011344179	-0.006579666	-0.005700295
2020.099333	3058.45	0.011342789	-0.006599906	-0.005700295
2012.909333	3036.88	0.011373469	-0.006599906	-0.005700295
2017.702667	3051.26	0.011372539	-0.006599906	-0.00572065
2016.158	3044.07	0.011372999	-0.006599906	-0.00572065
2015.306	3044.07	0.011372999	-0.006620154	-0.00572065
2014.819333	3058.45	0.011401589	-0.006619793	-0.00574065
2016.158	3044.07	0.011402289	-0.006620154	-0.005741011
2012.422667	3051.26	0.011402049	-0.006619793	-0.00574065
2015.306	3044.07	0.011402289	-0.006640402	-0.005741011
2022.496	3065.64	0.011430209	-0.006640402	-0.005761366
2022.496	3065.64	0.011430209	-0.006640402	-0.005761366
2020.099333	3058.45	0.011459959	-0.006640402	-0.005761366
2010.022667	3044.06	0.011461089	-0.006660288	-0.005761011
2023.348	3065.64	0.011459489	-0.006660643	-0.005761366
2022.496	3065.64	0.011488779	-0.00668089	-0.005781727
2024.896	3072.84	0.011488309	-0.00668089	-0.005802082
2032.938	3094.41	0.011516199	-0.00668089	-0.005781727
2024.896	3072.84	0.011517589	-0.00668089	-0.005802082
2022.496	3065.64	0.011518059	-0.006701131	-0.005802082
2024.896	3072.84	0.011517589	-0.006701131	-0.005802082
2022.496	3065.64	0.011518059	-0.006701131	-0.005802082
2028.144667	3080.03	0.011575699	-0.006701131	-0.005822444
2027.292667	3080.03	0.011575699	-0.006721379	-0.005822444
2032.938	3094.41	0.011574769	-0.006721379	-0.005842798
2029.689333	3087.22	0.011604519	-0.006721379	-0.005842798
2027.292667	3080.03	0.011604979	-0.006741627	-0.005842798
2038.786	3130.35	0.011601949	-0.006741265	-0.005862798
2034.482667	3101.6	0.011603579	-0.006741627	-0.005842798
2032.086	3094.41	0.011633339	-0.006761868	-0.00586316
2024.406	3087.21	0.011634029	-0.006761513	-0.005862798
2040.128	3115.98	0.011661259	-0.006761868	-0.00586316
2032.938	3094.41	0.011662649	-0.006761868	-0.005883515
2029.689333	3087.22	0.011663119	-0.006761868	-0.005883515
2034.482667	3101.6	0.011662189	-0.006782115	-0.005883515
2039.276	3115.98	0.011661259	-0.006802363	-0.005903876
2036.879333	3108.79	0.011691009	-0.006802363	-0.005903876
2036.879333	3108.79	0.011720289	-0.006802363	-0.005924231
2041.672667	3123.17	0.011719359	-0.006822604	-0.005924231
2036.879333	3108.79	0.011720289	-0.006822604	-0.005924231
2039.276	3115.98	0.011719819	-0.006822604	-0.005944592
2036.879333	3108.79	0.011749569	-0.006842852	-0.005944592
2035.334667	3101.6	0.011750039	-0.006842852	-0.005944592
2034.482667	3101.6	0.011750039	-0.006842852	-0.005944592
2034.482667	3101.6	0.011750039	-0.006842852	-0.005964947
2031.596	3108.78	0.011779089	-0.006862738	-0.005964592
2041.672667	3123.17	0.011807209	-0.006863093	-0.005985308
2039.276	3115.98	0.011778389	-0.00688334	-0.005964947
2044.069333	3130.36	0.011806749	-0.00688334	-0.005985308
2039.276	3115.98	0.011807679	-0.00688334	-0.006005663
2046.466	3137.55	0.011835559	-0.006903588	-0.006005663
2044.069333	3130.36	0.011836029	-0.006903588	-0.006026025
2041.672667	3123.17	0.011836499	-0.006903588	-0.006026025
2041.672667	3123.17	0.011865779	-0.006903588	-0.006026025
2044.921333	3130.36	0.011865319	-0.006923829	-0.006026025
2044.921333	3130.36	0.011894629	-0.006923829	-0.006046379
2046.466	3137.55	0.011894169	-0.006944076	-0.006046379
2051.259333	3151.93	0.011893239	-0.006964324	-0.006046379
2046.466	3137.55	0.011923449	-0.006964324	-0.006066741
2052.111333	3151.93	0.011951799	-0.006964324	-0.006066741
2051.259333	3151.93	0.011951799	-0.006984565	-0.006066741
2039.276	3115.98	0.011924849	-0.006984565	-0.006087096
2046.466	3137.55	0.011952739	-0.006984565	-0.006087096
2041.182667	3137.54	0.011982249	-0.00698421	-0.006107096
2044.069333	3130.36	0.011953199	-0.007004813	-0.006107457
2041.672667	3123.17	0.011982949	-0.007004813	-0.006107457
2044.069333	3130.36	0.011982489	-0.007004813	-0.006107457
2041.182667	3137.54	0.011982249	-0.007024699	-0.006127457
2055.566	3180.69	0.012038029	-0.007024699	-0.006127457
2044.921333	3130.36	0.012011769	-0.007025054	-0.006127812
2044.069333	3130.36	0.012041059	-0.007045301	-0.006148173
2053.659333	3159.13	0.012039189	-0.007045301	-0.006148173
2045.979333	3151.93	0.012039889	-0.007065188	-0.006168173
2047.318	3137.55	0.012069869	-0.007065549	-0.006168528
2046.466	3137.55	0.012099159	-0.00708579	-0.006188889
2046.466	3137.55	0.012099159	-0.00708579	-0.006188889
2048.862667	3144.74	0.012128009	-0.007106038	-0.006209244
2046.466	3137.55	0.012157759	-0.007126279	-0.006229606
2048.862667	3144.74	0.012186579	-0.007146526	-0.006229606
2041.182667	3137.54	0.012187249	-0.007146172	-0.006249606
2051.259333	3151.93	0.012215399	-0.007166774	-0.006270322
2048.862667	3144.74	0.012215859	-0.007187015	-0.006290676
2056.056	3166.32	0.012243749	-0.007187015	-0.006290676
2059.304667	3173.51	0.012272569	-0.00722751	-0.006311038
2053.659333	3159.13	0.012273499	-0.00722751	-0.006331393
2056.056	3166.32	0.012302319	-0.007247751	-0.006351754
2056.056	3166.32	0.012331599	-0.007267999	-0.006351754
2056.056	3166.32	0.012360919	-0.007267999	-0.006372109
2050.772667	3166.31	0.012361119	-0.007287885	-0.006392109
2055.566	3180.69	0.012418759	-0.007308133	-0.00641247
2053.659333	3159.13	0.012390669	-0.007328735	-0.006412832
2063.246	3187.89	0.012447379	-0.007348976	-0.006453548
2056.056	3166.32	0.012448779	-0.007348976	-0.006453548
2056.056	3166.32	0.012478059	-0.007369224	-0.006473903
2056.056	3166.32	0.012507349	-0.007389471	-0.006473903
2053.169333	3173.5	0.012507109	-0.007409358	-0.006493903
2053.659333	3159.13	0.012537099	-0.00742996	-0.006514619
2060.849333	3180.7	0.012564979	-0.00742996	-0.00653498
2059.997333	3180.7	0.012564979	-0.007450201	-0.006555335
2053.169333	3173.5	0.012594969	-0.007470094	-0.006575335
2056.056	3166.32	0.012595199	-0.007470449	-0.006575697
2060.849333	3180.7	0.012623579	-0.007510937	-0.006596051
2056.908	3166.32	0.012653799	-0.007510937	-0.006616413
2050.772667	3166.31	0.012683289	-0.007530823	-0.006636413
2059.304667	3173.51	0.012682619	-0.007551433	-0.006657129
2056.056	3166.32	0.012712369	-0.007571674	-0.006657129
2053.659333	3159.13	0.012712839	-0.007571674	-0.006657129
2058.452667	3173.51	0.012741189	-0.007591921	-0.006697845
2065.642667	3195.08	0.012769079	-0.007612162	-0.0067182
2060.849333	3180.7	0.012799289	-0.00763241	-0.0067182
2061.701333	3180.7	0.012828579	-0.00763241	-0.006738561
2053.659333	3159.13	0.012829969	-0.007652657	-0.006738561
2058.452667	3173.51	0.012858359	-0.007672898	-0.006758916
2064.098	3187.89	0.012886709	-0.007693146	-0.006779278
2058.452667	3173.51	0.012887639	-0.007713394	-0.006799632
2058.814667	3187.88	0.012916199	-0.007713032	-0.006819632
2061.701333	3180.7	0.012945749	-0.007733635	-0.006840349
