16-11				
p	q	astrain	rstrain1	rstrain2
500.6255633	8.75959	0	0	0
503.0193	15.9408	-2.9754E-05	0	0
503.0193	15.9408	-4.66E-07	0	0
503.0193	15.9408	-4.66E-07	2.0227E-05	0
505.413	23.1219	-9.32E-07	2.0227E-05	0
505.413	23.1219	-9.32E-07	0	0
506.265	23.1219	-9.32E-07	0	0
505.413	23.1219	0.000028356	0	0
513.0975	30.3114	0.000027654	-3.62E-07	-3.61E-07
513.9495	30.3114	-1.634E-06	-3.62E-07	-3.61E-07
510.2004333	37.4842	2.7424E-05	0	0
515.4912333	37.4926	0.000027191	-3.62E-07	-3.61E-07
513.4461667	44.6654	2.6958E-05	0	0
513.4461667	44.6654	5.625E-05	0	0
513.4461667	44.6654	5.625E-05	0	0
518.2336	59.0277	5.5318E-05	0	0
528.3118333	73.3984	8.3441E-05	-3.62E-07	-3.61E-07
522.1690333	73.39	0.000112965	0	0
523.0210333	73.39	0.000112965	0	0
522.1690333	73.39	0.000112965	0	0
527.8084667	87.7523	0.000141321	2.0227E-05	0
526.9564667	87.7523	0.000112033	0	0
535.4929667	94.9418	0.000140619	-3.62E-07	-3.61E-07
529.3502	94.9335	0.000140855	0	0
531.7440333	102.115	0.000140389	0	0
534.1377	109.296	0.000169215	0	-2.0348E-05
542.1707	130.839	0.000197105	0	-2.0348E-05
536.5313667	116.477	0.000198037	0	0
545.0677	123.666	0.000197334	-3.62E-07	-2.0709E-05
541.3187	130.839	0.000197105	-0.000020235	0
546.6097	130.848	0.00022616	-3.62E-07	-2.0709E-05
541.3187	130.839	0.000226396	0	-2.0348E-05
548.5000333	152.383	0.000254286	0	-2.0348E-05
557.0363667	159.572	0.000253587	-3.62E-07	-2.0709E-05
549.3520333	152.383	0.000254286	0	-2.0348E-05
556.1843667	159.572	0.000282875	-3.62E-07	-2.0709E-05
553.7907	152.391	0.000283341	-2.0596E-05	-2.0709E-05
556.1843667	159.572	0.000282875	-3.62E-07	-2.0709E-05
556.5330333	173.926	0.00028218	-0.000020235	-2.0348E-05
560.9720333	173.935	0.000311231	-2.0596E-05	-2.0709E-05
560.4687	188.289	0.000339824	0	-2.0348E-05
563.7143667	195.47	0.000339361	-0.000020235	-2.0348E-05
561.3207	188.289	0.000339824	-0.000020235	-2.0348E-05
565.2560333	202.651	0.000368183	-0.000020235	-2.0348E-05
570.0433667	217.013	0.000367251	-0.000020235	-2.0348E-05
570.0433667	217.013	0.000367251	-0.000020235	-2.0348E-05
567.6497	209.832	0.000367717	0	-2.0348E-05
576.1863667	217.022	0.000367015	-3.62E-07	-2.0709E-05
582.5153667	238.565	0.000424196	-2.0596E-05	-2.0709E-05
577.2247	238.557	0.000424433	-0.000020235	-2.0348E-05
577.7280333	224.203	0.000425128	-2.0596E-05	-2.0709E-05
579.6183667	245.738	0.000453255	-0.000020235	-2.0348E-05
582.0120333	252.919	0.000452792	-0.000020235	-2.0348E-05
584.9090333	245.746	0.00042373	-2.0596E-05	-2.0709E-05
582.8640333	252.919	0.000452792	-0.000020235	-2.0348E-05
587.6513667	267.281	0.000481148	-0.000020235	-2.0348E-05
592.4390333	281.644	0.000480216	-0.000020235	-2.0348E-05
592.4390333	281.644	0.000480216	-0.000020235	-2.0348E-05
594.4840333	274.471	0.000480446	-2.0596E-05	-2.0709E-05
594.8327	288.825	0.000509042	-0.000020235	-2.0348E-05
598.7680333	303.187	0.000537398	-0.000020235	-0.000040689
594.8327	288.825	0.000509042	-0.000020235	-2.0348E-05
601.1617	310.368	0.000536932	-0.000040469	-2.0348E-05
604.4073667	317.549	0.000536466	-0.000020235	-2.0348E-05
607.3047	310.377	0.000565987	-2.0596E-05	-2.0709E-05
606.8013667	324.731	0.000565291	-0.000020235	-2.0348E-05
605.9493667	324.731	0.000565291	-0.000020235	-2.0348E-05
610.7367	339.093	0.000593647	-0.000040469	-0.000040689
613.1303667	346.274	0.000593181	-0.000020235	-0.000040689
613.9823667	346.274	0.000622473	-0.000040469	-0.000040689
610.7367	339.093	0.000622935	-0.000040469	-0.000040689
621.1633667	367.817	0.000650363	-0.000020235	-0.000040689
617.9177	360.636	0.000650829	-0.000040469	-2.0348E-05
628.8480333	375.007	0.000649664	-2.0596E-05	-4.105E-05
622.7053667	374.999	0.000649897	-0.000040469	-0.000040689
632.7833667	389.369	0.00067802	-4.0823E-05	-4.105E-05
630.7383667	396.542	0.00067779	-0.000040469	-0.000040689
630.7383667	396.542	0.000707078	-0.000040469	-0.000040689
639.9647	410.913	0.000705914	-4.0823E-05	-4.105E-05
637.5710333	403.732	0.000706379	-4.0823E-05	-4.105E-05
634.6737	410.904	0.00070615	-0.000040469	-0.000040689
635.5257	410.904	0.000735438	-0.000040469	-0.000040689
641.8550333	432.448	0.00073404	-0.000040469	-0.000040689
642.7070333	432.448	0.00073404	-0.000040469	-0.000040689
649.5393667	439.637	0.000762629	-4.0823E-05	-4.105E-05
644.2487	439.629	0.000762862	-0.000040469	-0.000040689
644.2487	439.629	0.000792153	-0.000040469	-0.000040689
649.0360333	453.991	0.000791221	-0.000040469	-0.000040689
659.1143667	468.362	0.000790053	-4.0823E-05	-4.105E-05
653.8237	468.354	0.000819577	-0.000040469	-0.000040689
657.0693667	475.535	0.000819115	-0.000040469	-6.1037E-05
657.0693667	475.535	0.000819115	-0.000040469	-6.1037E-05
661.5080333	475.543	0.000818879	-4.0823E-05	-4.105E-05
669.5413667	497.087	0.000846769	-4.0823E-05	-4.105E-05
658.6110333	482.716	0.000847937	-0.000040469	-6.1037E-05
671.9350333	504.268	0.000875594	-4.0823E-05	-6.1398E-05
663.3983667	497.078	0.000876293	-0.000040469	-6.1037E-05
665.7920333	504.259	0.000905118	-6.0696E-05	-6.1037E-05
666.6440333	504.259	0.00087583	-6.0696E-05	-6.1037E-05
670.5797	518.622	0.000904186	-6.0696E-05	-0.000040689
673.8253667	525.803	0.00090372	-6.0696E-05	-6.1037E-05
677.7607	540.165	0.00093208	-6.0696E-05	-6.1037E-05
677.7607	540.165	0.00093208	-6.0696E-05	-6.1037E-05
683.0517	540.174	0.000931844	-6.1057E-05	-6.1398E-05
680.1543667	547.346	0.000960902	-6.0696E-05	-6.1037E-05
683.0517	540.174	0.000961131	-6.1057E-05	-6.1398E-05
691.0847	561.717	0.000989025	-6.1057E-05	-6.1398E-05
692.1230333	583.252	0.001017151	-6.0696E-05	-6.1037E-05
689.7293667	576.071	0.000988329	-6.0696E-05	-6.1037E-05
689.7293667	576.071	0.000988329	-6.0696E-05	-6.1037E-05
692.9750333	583.252	0.001017151	-6.0696E-05	-6.1037E-05
696.9107	597.615	0.001045511	-6.0696E-05	-6.1037E-05
700.6597	590.442	0.00104574	-6.1057E-05	-6.1398E-05
699.3043667	604.796	0.001045045	-6.0696E-05	-6.1037E-05
701.6980333	611.977	0.001044579	-6.0696E-05	-6.1037E-05
699.3043667	604.796	0.001045045	-6.0696E-05	-6.1037E-05
704.0917	619.158	0.001102689	-8.093E-05	-6.1037E-05
706.4853667	626.339	0.001072935	-6.0696E-05	-0.000081378
704.9437	619.158	0.001102689	-6.0696E-05	-6.1037E-05
713.6667	647.883	0.001100829	-8.093E-05	-0.000081378
718.9573667	647.891	0.00112988	-8.1291E-05	-6.1398E-05
713.6667	647.883	0.001130116	-8.093E-05	-0.000081378
716.0603667	655.064	0.001129651	-6.0696E-05	-0.000081378
716.9123667	655.064	0.001158942	-8.093E-05	-0.000081378
726.9903667	669.434	0.001157774	-8.1291E-05	-8.1739E-05
723.2413667	676.607	0.001186832	-8.093E-05	-0.000081378
730.4227	698.151	0.001185438	-8.093E-05	-0.000081378
728.8810333	690.97	0.0011859	-8.093E-05	-0.000081378
733.3197	690.978	0.001185667	-8.1291E-05	-8.1739E-05
728.0290333	690.97	0.001215191	-8.093E-05	-0.000081378
738.4557	719.694	0.001242616	-8.093E-05	-0.000101726
735.2100333	712.513	0.001213794	-8.093E-05	-0.000081378
745.2883667	726.884	0.001241917	-8.1291E-05	-0.000102087
749.5723667	755.6	0.001269577	-8.093E-05	-0.000081378
742.3913667	734.057	0.001270975	-0.000101158	-0.000081378
745.2883667	726.884	0.001271205	-8.1291E-05	-8.1739E-05
752.4693667	748.427	0.001269807	-8.1291E-05	-8.1739E-05
744.7850333	741.238	0.001299797	-8.093E-05	-0.000081378
754.3597	769.962	0.001297937	-0.000101158	-0.000101726
762.0443667	777.152	0.001326522	-0.000101519	-0.000102087
755.2117	769.962	0.001327225	-0.000101158	-0.000101726
763.9347	798.687	0.001325364	-0.000101158	-0.000101726
762.3930333	791.506	0.001355118	-0.000101158	-0.000101726
774.3617	827.412	0.001352789	-0.000101158	-0.000101726
771.9677	820.23	0.001353255	-0.000101158	-0.000101726
761.5410333	791.506	0.001355118	-0.000101158	-0.000101726
771.1157	820.23	0.001353255	-0.000101158	-0.000101726
778.2970333	841.774	0.001381148	-0.000101158	-0.000101726
774.3617	827.412	0.00138208	-0.000101158	-0.000101726
771.1157	820.23	0.001411834	-0.000101158	-0.000101726
783.5877	841.782	0.0014102	-0.000101519	-0.000102087
783.0843667	856.136	0.001438795	-0.000101158	-0.000101726
783.9363667	856.136	0.001438795	-0.000101158	-0.000101726
788.7240333	870.499	0.001437864	-0.000101158	-0.000101726
786.3300333	863.317	0.001467617	-0.000101158	-0.000122067
788.3753667	856.145	0.001467847	-0.000101519	-0.000102087
793.5113667	884.861	0.001495511	-0.000121392	-0.000122067
787.8720333	870.499	0.001467151	-0.000121392	-0.000122067
799.8403667	906.404	0.001494113	-0.000121392	-0.000122067
798.2987	899.223	0.001523867	-0.000101158	-0.000122067
802.7373667	899.231	0.001523631	-0.000121753	-0.000122428
804.6280333	920.767	0.001522469	-0.000121392	-0.000122067
802.2340333	913.585	0.001552223	-0.000121392	-0.000122067
799.8403667	906.404	0.001552689	-0.000121392	-0.000122067
817.0997	942.318	0.001550126	-0.000121753	-0.000122428
814.2027	949.491	0.001579185	-0.000121392	-0.000122067
811.8090333	942.31	0.001579651	-0.000121392	-0.000122067
816.5963667	956.672	0.00160801	-0.000121392	-0.000122067
814.2027	949.491	0.001579185	-0.000121392	-0.000122067
819.4937	949.5	0.00160824	-0.000121753	-0.000122428
829.4170333	992.578	0.001605684	-0.000121392	-0.000142415
831.4620333	985.405	0.001605914	-0.000121753	-0.000142776
829.4170333	992.578	0.001634972	-0.000141626	-0.000142415
828.5650333	992.578	0.001634972	-0.000141626	-0.000142415
833.3523667	1006.94	0.001663328	-0.000141626	-0.000142415
838.9910333	1021.3	0.001691687	-0.000121392	-0.000142415
845.3223667	1042.85	0.00169029	-0.000141626	-0.000142415
850.6103667	1042.85	0.001690053	-0.000141987	-0.000142776
845.3223667	1042.85	0.00169029	-0.000141626	-0.000142415
841.3843667	1028.48	0.001691221	-0.000141626	-0.000142415
844.4703667	1042.85	0.00169029	-0.000141626	-0.000142415
853.3543667	1064.39	0.001718183	-0.000141626	-0.000142415
847.7157	1050.03	0.001748403	-0.000141626	-0.000142415
858.1410333	1078.75	0.001746539	-0.000141626	-0.000162756
854.8957	1071.57	0.001776293	-0.000141626	-0.000162756
859.6823667	1085.93	0.001775364	-0.000141626	-0.000162756
859.6823667	1085.93	0.001775364	-0.000161853	-0.000162756
865.3243667	1100.3	0.00180372	-0.000141626	-0.000162756
864.4723667	1100.3	0.00180372	-0.000141626	-0.000162756
871.6523667	1121.84	0.001802326	-0.000141626	-0.000162756
874.0457	1129.02	0.001831148	-0.000161853	-0.000162756
877.2910333	1136.2	0.001830682	-0.000161853	-0.000162756
876.4390333	1136.2	0.00185997	-0.000161853	-0.000162756
878.8323667	1143.38	0.001859504	-0.000161853	-0.000162756
886.8677	1164.93	0.001887398	-0.000161853	-0.000162756
883.6190333	1157.74	0.001887864	-0.000161853	-0.000162756
896.0937	1179.3	0.00188623	-0.000162214	-0.000163117
896.9457	1179.3	0.00188623	-0.000162214	-0.000183465
891.6543667	1179.29	0.001886466	-0.000161853	-0.000162756
891.6543667	1179.29	0.001915754	-0.000161853	-0.000183104
901.7323667	1193.66	0.001914589	-0.000182449	-0.000183465
908.0603667	1215.2	0.001942483	-0.000182449	-0.000183465
898.8343667	1200.83	0.001943647	-0.000182087	-0.000183104
903.6210333	1215.19	0.001942715	-0.000182087	-0.000183104
907.5590333	1229.56	0.001971075	-0.000182087	-0.000183104
907.5590333	1229.56	0.001971075	-0.000182087	-0.000183104
912.3457	1243.92	0.001999431	-0.000182087	-0.000183104
909.9523667	1236.74	0.001999897	-0.000182087	-0.000183104
907.5590333	1229.56	0.002000363	-0.000182087	-0.000183104
914.7390333	1251.1	0.002028256	-0.000182087	-0.000183104
929.1023667	1294.19	0.002025464	-0.000182087	-0.000203445
919.5257	1265.46	0.002027324	-0.000182087	-0.000183104
921.9190333	1272.64	0.002026859	-0.000182087	-0.000203445
930.4557	1279.83	0.002055448	-0.000182449	-0.000183465
925.1643667	1279.82	0.002055681	-0.000182087	-0.000203445
929.9543667	1294.19	0.002054752	-0.000202315	-0.000183104
937.6390333	1301.38	0.002083338	-0.000202676	-0.000203806
931.4957	1301.37	0.002083574	-0.000202315	-0.000203445
941.0690333	1330.09	0.002111002	-0.000202315	-0.000203445
934.7410333	1308.55	0.002112396	-0.000202315	-0.000203445
943.4623667	1337.27	0.002139824	-0.000202315	-0.000203445
943.4623667	1337.27	0.002110536	-0.000202315	-0.000203445
948.2523667	1351.64	0.002168186	-0.000202315	-0.000203445
948.2523667	1351.64	0.002168186	-0.000202315	-0.000203445
961.0710333	1387.54	0.002165857	-0.000202315	-0.000223793
975.4343667	1430.63	0.002192346	-0.000222549	-0.000223793
969.7957	1416.27	0.002193278	-0.000222549	-0.000223793
977.4803667	1423.46	0.002192579	-0.00022291	-0.000224154
976.9757	1437.81	0.00219188	-0.000222549	-0.000223793
980.7257	1430.64	0.002221398	-0.00022291	-0.000224154
982.6143667	1452.17	0.002220233	-0.000222549	-0.000223793
991.8403667	1466.54	0.002248353	-0.00022291	-0.000224154
984.1557	1459.35	0.002219767	-0.000222549	-0.000223793
984.1557	1459.35	0.002249052	-0.000222549	-0.000244134
993.7323667	1488.08	0.002276506	-0.000222549	-0.000244134
999.0237	1488.09	0.002276273	-0.000243144	-0.000244495
1000.912367	1509.62	0.002275108	-0.000222549	-0.000244134
1000.912367	1509.62	0.002304393	-0.000242783	-0.000244134
1001.764367	1509.62	0.002304393	-0.000242783	-0.000244134
1008.092367	1531.16	0.00233228	-0.000242783	-0.000244134
1010.489033	1538.35	0.002331814	-0.000242783	-0.000244134
1005.699033	1523.98	0.002303461	-0.000242783	-0.000264482
1017.669033	1559.89	0.002359701	-0.00026301	-0.000264482
1012.882367	1545.53	0.002360632	-0.00026301	-0.000264482
1024.849033	1581.43	0.002387587	-0.00026301	-0.000264482
1027.242367	1588.61	0.002387121	-0.00026301	-0.000264482
1027.242367	1588.61	0.002387121	-0.00026301	-0.000264482
1036.819033	1617.34	0.002385258	-0.00026301	-0.000264482
1034.4257	1610.16	0.002415008	-0.00026301	-0.000264482
1037.320367	1602.98	0.002415241	-0.000263372	-0.000264843
1041.6057	1631.7	0.002413644	-0.00026301	-0.000284823
1046.392367	1646.06	0.002412712	-0.00026301	-0.000284823
1056.821033	1674.79	0.002440133	-0.000283245	-0.000264482
1059.214367	1681.97	0.002468952	-0.000283245	-0.000284823
1066.899033	1689.16	0.002468253	-0.000283606	-0.000285184
1065.542367	1703.51	0.002467554	-0.000283245	-0.000305171
1064.001033	1696.33	0.00246802	-0.000283245	-0.000305171
1068.7877	1710.69	0.002496373	-0.000283245	-0.000305171
1072.7257	1725.06	0.002524725	-0.000283245	-0.000305171
1078.0137	1725.06	0.002495208	-0.000283606	-0.000305532
1074.079033	1710.7	0.00249614	-0.000283606	-0.000305532
1089.9837	1760.97	0.002522163	-0.000283606	-0.000305532
1085.544367	1760.96	0.002551681	-0.000303479	-0.000305171
1087.9377	1768.14	0.002551215	-0.000303479	-0.000305171
1097.514367	1796.87	0.002578669	-0.000303479	-0.000305171
1089.479033	1775.32	0.002580067	-0.000303479	-0.000325512
1093.229033	1768.15	0.002580266	-0.00030384	-0.000305532
1099.0557	1804.05	0.002578203	-0.000323706	-0.000325512
1099.0557	1804.05	0.002607488	-0.000303479	-0.000325512
1108.629033	1832.77	0.002605624	-0.000303479	-0.000325512
1108.629033	1832.77	0.002634909	-0.000323706	-0.000325512
1106.2357	1825.59	0.002635374	-0.000303479	-0.000325512
1114.271033	1847.14	0.002633977	-0.000323706	-0.000325512
956.2843667	1373.18	0.002635408	-0.00034394	-0.00034586
957.8257	1380.36	0.002634942	-0.00034394	-0.00034586
973.0410333	1423.45	0.002690715	-0.00034394	-0.00034586
980.2210333	1444.99	0.002689318	-0.000323706	-0.000366201
979.3690333	1444.99	0.002689318	-0.00034394	-0.000366201
988.9457	1473.72	0.002716739	-0.00034394	-0.00034586
991.3390333	1480.9	0.002716273	-0.00034394	-0.000366201
1003.810367	1502.45	0.002714642	-0.000344301	-0.000366562
1014.2357	1531.17	0.002712779	-0.000344301	-0.000366562
1015.2757	1552.71	0.002770216	-0.00034394	-0.000366201
1027.242367	1588.61	0.002767887	-0.00034394	-0.000366201
1028.599033	1574.26	0.002768586	-0.000344301	-0.000366562
1029.639033	1595.8	0.002767421	-0.00034394	-0.000386549
1032.884367	1602.98	0.002766955	-0.00034394	-0.000386549
1046.392367	1646.06	0.002793444	-0.00034394	-0.000386549
1056.821033	1674.79	0.002791581	-0.000364168	-0.000386549
1053.5757	1667.61	0.002821331	-0.000364168	-0.000386549
1058.362367	1681.97	0.002820399	-0.000364168	-0.000386549
1068.7877	1710.69	0.002818536	-0.000364168	-0.000386549
1083.6557	1739.43	0.002845724	-0.000364529	-0.00038691
1078.364367	1739.42	0.00284599	-0.000364168	-0.000386549
1083.151033	1753.78	0.002845058	-0.000384402	-0.000386549
1087.9377	1768.14	0.002873411	-0.000364168	-0.000386549
1107.592367	1811.24	0.002899667	-0.000364529	-0.00038691
1103.842367	1818.41	0.002899434	-0.000384402	-0.00040689
1108.629033	1832.77	0.002898503	-0.000364168	-0.00040689
1114.271033	1847.14	0.002897571	-0.000384402	-0.00040689
1120.599033	1868.68	0.002925458	-0.000384402	-0.00040689
1122.992367	1875.86	0.002924992	-0.000384402	-0.00040689
1130.172367	1897.4	0.002923594	-0.000384402	-0.000427237
1142.142367	1933.31	0.002950549	-0.000404636	-0.000427237
1146.929033	1947.67	0.002978935	-0.000404636	-0.000427237
1152.5677	1962.03	0.002978003	-0.000384402	-0.000427237
1163.6857	1997.94	0.003004958	-0.000404636	-0.000427237
1171.370367	2005.13	0.002974975	-0.000384763	-0.000427599
1178.550367	2026.67	0.003002862	-0.000404997	-0.000427599
1173.259033	2026.66	0.003003095	-0.000404636	-0.000427237
1178.049033	2041.03	0.003031448	-0.000404636	-0.000427237
1182.8357	2055.39	0.003001231	-0.000404636	-0.000427237
1190.0157	2076.93	0.003058403	-0.000404636	-0.000447579
1202.8377	2112.84	0.003056073	-0.000404636	-0.000447579
1205.231033	2120.02	0.003055607	-0.000424863	-0.000447579
1207.624367	2127.2	0.003055141	-0.000404636	-0.000447579
1210.0177	2134.38	0.003054676	-0.000424863	-0.000447579
1216.349033	2155.93	0.00311188	-0.000424863	-0.000447579
1211.559033	2141.56	0.003083494	-0.000424863	-0.000447579
1218.742367	2163.11	0.003082097	-0.000424863	-0.000447579
1233.607033	2191.84	0.003138602	-0.000425225	-0.00044794
1235.4957	2213.37	0.003137438	-0.000424863	-0.000467926
1243.180367	2220.56	0.003166023	-0.000425225	-0.000468288
1237.892367	2220.56	0.003136972	-0.000445097	-0.000467926
1240.2857	2227.74	0.00316579	-0.000445097	-0.000467926
1250.711033	2256.46	0.003163927	-0.000445097	-0.000467926
1257.042367	2278.01	0.003191814	-0.000445097	-0.000467926
1262.681033	2292.37	0.003190882	-0.000445097	-0.000467926
1257.042367	2278.01	0.003191814	-0.000445097	-0.000467926
1262.681033	2292.37	0.003220166	-0.000445097	-0.000467926
1264.222367	2299.55	0.003219701	-0.000445097	-0.000488268
1291.909033	2364.19	0.003244592	-0.000465686	-0.000488629
1284.224367	2357	0.003245291	-0.000465332	-0.000488268
1280.979033	2349.82	0.003245757	-0.000465332	-0.000488268
1286.6177	2364.18	0.003244825	-0.000465332	-0.000488268
1288.159033	2371.36	0.003273644	-0.000465332	-0.000488268
1292.9457	2385.72	0.003272712	-0.000465332	-0.000508615
1302.522367	2414.45	0.003300133	-0.000465332	-0.000488268
1308.161033	2428.81	0.003299201	-0.000485559	-0.000508615
1310.554367	2435.99	0.00332802	-0.000485559	-0.000508615
1307.309033	2428.81	0.003328486	-0.000485559	-0.000508615
1318.239033	2443.18	0.003327321	-0.00048592	-0.000508977
1314.489033	2450.35	0.003327088	-0.000485559	-0.000508615
1327.311033	2486.26	0.003383328	-0.000505793	-0.000528957
1324.0657	2479.08	0.003354509	-0.000485559	-0.000528957
1328.852367	2493.44	0.003382862	-0.000485559	-0.000528957
1328.852367	2493.44	0.003382862	-0.000505793	-0.000528957
1333.639033	2507.8	0.00338193	-0.000505793	-0.000528957
1331.2457	2500.62	0.003411714	-0.000505793	-0.000528957
1333.639033	2507.8	0.003411248	-0.000505793	-0.000528957
1344.569033	2522.17	0.003410083	-0.000506154	-0.000549666
1333.639033	2507.8	0.003411248	-0.000505793	-0.000549304
1353.2937	2550.9	0.003437504	-0.000506154	-0.000549666
1343.2157	2536.53	0.003438669	-0.000505793	-0.000549304
1350.3957	2558.07	0.003466556	-0.000505793	-0.000549304
1353.2937	2550.9	0.003466789	-0.000526382	-0.000549666
1358.080367	2565.26	0.003465857	-0.000526382	-0.000549666
1352.789033	2565.25	0.003495374	-0.00052602	-0.000549304
1358.932367	2565.26	0.003495141	-0.000526382	-0.000549666
1360.824367	2586.8	0.003493977	-0.00052602	-0.000549304
1369.5457	2615.52	0.003550682	-0.00052602	-0.000569646
1364.759033	2601.16	0.003551614	-0.00052602	-0.000569646
1368.004367	2608.34	0.003551148	-0.00052602	-0.000569646
1369.5457	2615.52	0.003550682	-0.00052602	-0.000569646
1369.5457	2615.52	0.003550682	-0.00052602	-0.000569646
1374.837033	2615.53	0.003579734	-0.000546616	-0.000570007
1371.939033	2622.7	0.003579534	-0.00052602	-0.000569646
1377.5777	2637.06	0.003607887	-0.000546255	-0.000569646
1376.7257	2637.06	0.003607887	-0.000546255	-0.000569646
1383.909033	2658.61	0.003635774	-0.000546255	-0.000589993
1383.909033	2658.61	0.003606489	-0.000546255	-0.000589993
1382.3677	2651.43	0.00363624	-0.000546255	-0.000589993
1388.6957	2672.97	0.003664126	-0.000546255	-0.000589993
1394.334367	2687.33	0.003663195	-0.000546255	-0.000589993
1395.8757	2694.51	0.003662729	-0.000566489	-0.000589993
1398.269033	2701.69	0.003691547	-0.000566489	-0.000589993
1396.7277	2694.51	0.003692013	-0.000546255	-0.000589993
1405.9537	2708.88	0.003690849	-0.00056685	-0.000590355
1398.269033	2701.69	0.003691547	-0.000566489	-0.000589993
1398.269033	2701.69	0.003720832	-0.000566489	-0.000610334
1400.662367	2708.87	0.003720366	-0.000566489	-0.000610334
1410.239033	2737.6	0.00374782	-0.000566489	-0.000610334
1410.239033	2737.6	0.00374782	-0.000566489	-0.000610334
1417.419033	2759.14	0.003746423	-0.000586716	-0.000610334
1417.419033	2759.14	0.003775707	-0.000586716	-0.000610334
1418.271033	2759.14	0.003775707	-0.000586716	-0.000610334
1415.0257	2751.96	0.003776173	-0.000586716	-0.000610334
1425.1037	2766.33	0.003775008	-0.000587077	-0.000631044
1422.209033	2773.51	0.00380406	-0.000586716	-0.000630682
1426.9957	2787.87	0.003803128	-0.000586716	-0.000630682
1426.9957	2787.87	0.003803128	-0.000586716	-0.000630682
1444.2537	2823.78	0.003859135	-0.000607311	-0.000631044
1446.647033	2830.96	0.003858669	-0.000607311	-0.000631044
1442.2077	2830.95	0.003858902	-0.00060695	-0.000630682
1441.3557	2830.95	0.003858902	-0.00060695	-0.000651023
1443.752367	2838.14	0.00388772	-0.00060695	-0.000651023
1443.752367	2838.14	0.00388772	-0.00060695	-0.000630682
1438.962367	2823.77	0.003888652	-0.00060695	-0.000651023
1452.289033	2845.33	0.003887022	-0.000607311	-0.000651385
1448.539033	2852.5	0.003916073	-0.00060695	-0.000651023
1453.3257	2866.86	0.003915141	-0.000627184	-0.000651023
1460.5057	2888.4	0.003943062	-0.000627184	-0.000671371
1468.190367	2895.59	0.003942363	-0.000627539	-0.000651385
1468.541033	2909.95	0.003970948	-0.000627184	-0.000671371
1465.2957	2902.77	0.003971414	-0.000627184	-0.000671371
1462.899033	2895.58	0.00397188	-0.000627184	-0.000671371
1465.2957	2902.77	0.003971414	-0.000627184	-0.000671371
1470.082367	2917.13	0.003999767	-0.000627184	-0.000671371
1472.4757	2924.31	0.003999301	-0.000627184	-0.000671371
1480.160367	2931.5	0.004027887	-0.000627539	-0.000671732
1490.084367	2974.58	0.004025324	-0.000647412	-0.000691719
1494.5237	2974.59	0.004025092	-0.000647773	-0.000692074
1494.5237	2974.59	0.004025092	-0.000647773	-0.000692074
1492.4777	2981.76	0.004054143	-0.000647412	-0.000691719
1496.412367	2996.12	0.004082496	-0.000647412	-0.000691719
1477.262367	2938.67	0.004027654	-0.000647412	-0.000691719
1480.160367	2931.5	0.004027887	-0.000647773	-0.000692074
1460.5057	2888.4	0.004030915	-0.000647412	-0.000691719
1465.797033	2888.41	0.004030682	-0.000647773	-0.000692074
1455.719033	2874.04	0.004002562	-0.000647412	-0.000691719
1450.932367	2859.68	0.004003494	-0.000647412	-0.000691719
1444.2537	2823.78	0.003976306	-0.000647773	-0.000692074
1438.962367	2823.77	0.003976539	-0.000627184	-0.000691719
1422.209033	2773.51	0.0039798	-0.000627184	-0.000671371
1419.812367	2766.32	0.003950948	-0.000627184	-0.000671371
1415.8777	2751.96	0.00395188	-0.000627184	-0.000671371
1410.239033	2737.6	0.003923527	-0.00060695	-0.000671371
1391.941033	2680.15	0.003927255	-0.000627184	-0.000671371
1391.089033	2680.15	0.003927255	-0.000627184	-0.000671371
1388.6957	2672.97	0.00392772	-0.000627184	-0.000671371
1381.5157	2651.43	0.003899834	-0.00060695	-0.000671371
1374.332367	2629.88	0.003901231	-0.00060695	-0.000651023
1377.230367	2622.71	0.00387218	-0.000607311	-0.000671732
1371.939033	2622.7	0.003872413	-0.00060695	-0.000671371
1365.260367	2586.8	0.003874509	-0.000607311	-0.000651385
1353.641033	2565.25	0.003846855	-0.00060695	-0.000651023
1350.900367	2543.72	0.003847987	-0.000607311	-0.000651385
1343.2157	2536.53	0.003819401	-0.00060695	-0.000651023
1341.674367	2529.35	0.003819867	-0.00060695	-0.000651023
1329.704367	2493.44	0.003792912	-0.00060695	-0.000651023
1315.341033	2450.35	0.003795707	-0.000586716	-0.000630682
1310.554367	2435.99	0.003796639	-0.000586716	-0.000630682
1308.161033	2428.81	0.00376782	-0.000586716	-0.000630682
1303.374367	2414.45	0.003768752	-0.000586716	-0.000630682
1293.7977	2385.72	0.003770616	-0.000586716	-0.000630682
1285.7657	2364.18	0.003772013	-0.000586716	-0.000630682
1277.041033	2335.45	0.003744592	-0.000586716	-0.000630682
1269.009033	2313.91	0.003716672	-0.000566489	-0.000610334
1267.4677	2306.73	0.003717138	-0.000586716	-0.000610334
1257.894367	2278.01	0.003719002	-0.000566489	-0.000610334
1240.2857	2227.74	0.003692978	-0.000566489	-0.000610334
1240.2857	2227.74	0.003692978	-0.000566489	-0.000610334
1231.561033	2199.01	0.003694842	-0.000546255	-0.000589993
1231.561033	2199.01	0.003665557	-0.000546255	-0.000589993
1212.0637	2127.21	0.003669983	-0.000546616	-0.000590355
1204.379033	2120.02	0.003641398	-0.000546255	-0.000589993
1202.8377	2112.84	0.003641864	-0.000546255	-0.000589993
1190.0157	2076.93	0.003644193	-0.000546255	-0.000589993
1178.049033	2041.03	0.003617205	-0.00052602	-0.000569646
1178.550367	2026.67	0.003588619	-0.000526382	-0.000570007
1166.931033	2005.12	0.00359025	-0.00052602	-0.000569646
1174.111033	2026.66	0.003618136	-0.000546255	-0.000569646
1149.322367	1954.85	0.003593511	-0.00052602	-0.000569646
1154.964367	1969.22	0.003592579	-0.00052602	-0.000569646
1145.892367	1926.14	0.003565857	-0.000526382	-0.000549666
1133.421033	1904.59	0.003538203	-0.00052602	-0.000549304
1135.814367	1911.77	0.003567022	-0.000505793	-0.000549304
1134.962367	1911.77	0.003567022	-0.000505793	-0.000549304
1116.664367	1854.32	0.003541464	-0.000505793	-0.000549304
1108.629033	1832.77	0.003513544	-0.000505793	-0.000549304
1107.0877	1825.59	0.003484725	-0.000505793	-0.000549304
1094.269033	1789.69	0.003487055	-0.000485559	-0.000528957
1096.662367	1796.87	0.003486589	-0.000485559	-0.000528957
1091.8757	1782.51	0.003487521	-0.000485559	-0.000528957
1083.6557	1739.43	0.003460799	-0.00048592	-0.000529318
1078.364367	1739.42	0.003431747	-0.000485559	-0.000528957
1078.0137	1725.06	0.003432446	-0.00048592	-0.000529318
1058.362367	1681.97	0.003435474	-0.000485559	-0.000528957
1060.7557	1689.15	0.003435008	-0.000465332	-0.000528957
1061.6077	1689.15	0.003405724	-0.000465332	-0.000508615
1044.851033	1638.88	0.003408985	-0.000465332	-0.000508615
1039.212367	1624.52	0.003409917	-0.000465332	-0.000508615
1039.212367	1624.52	0.003409917	-0.000465332	-0.000508615
1037.320367	1602.98	0.003381764	-0.000465686	-0.000508977
1029.639033	1595.8	0.003382463	-0.000465332	-0.000508615
1017.669033	1559.89	0.003355508	-0.000465332	-0.000488268
1013.734367	1545.53	0.003327155	-0.000445097	-0.000488268
1013.734367	1545.53	0.003327155	-0.000445097	-0.000488268
999.8757	1488.09	0.003301364	-0.000425225	-0.000468288
1007.0557	1509.63	0.003299967	-0.000445459	-0.000488629
996.9777	1495.26	0.003301131	-0.000445097	-0.000467926
992.6923667	1466.54	0.003302762	-0.000445459	-0.000468288
991.8403667	1466.54	0.003273478	-0.000425225	-0.000468288
979.8737	1430.64	0.003246489	-0.000425225	-0.000468288
981.7623667	1452.17	0.003245324	-0.000424863	-0.000467926
983.1190333	1437.82	0.003246023	-0.000425225	-0.000468288
977.4803667	1423.46	0.003246955	-0.000425225	-0.000468288
961.0710333	1387.54	0.003220233	-0.000404636	-0.000467926
960.7237	1373.19	0.003220932	-0.000425225	-0.00044794
938.6757	1322.91	0.003195141	-0.000424863	-0.000447579
950.6457	1358.82	0.003192812	-0.000404636	-0.000447579
950.6457	1358.82	0.003222097	-0.000404636	-0.000447579
933.8890333	1308.55	0.003196073	-0.000404636	-0.000447579
929.1023667	1294.19	0.00316772	-0.000404636	-0.000427237
932.3477	1301.37	0.003167255	-0.000404636	-0.000427237
929.6037	1279.83	0.003168419	-0.000384763	-0.000427599
905.1657	1222.38	0.003143062	-0.000384402	-0.000427237
902.7690333	1215.19	0.003143527	-0.000384402	-0.000427237
900.3757	1208.01	0.003114709	-0.000384402	-0.00040689
889.7623667	1157.75	0.003117737	-0.000364529	-0.000407251
884.1237	1143.39	0.003089384	-0.000364529	-0.000407251
877.2910333	1136.2	0.003090083	-0.000364168	-0.000386549
874.5503667	1114.67	0.003091248	-0.000364529	-0.00038691
862.0757	1093.11	0.003092879	-0.000364168	-0.000386549
861.0390333	1071.58	0.003064759	-0.000344301	-0.00038691
850.1090333	1057.21	0.003065923	-0.00034394	-0.000386549
845.3223667	1042.85	0.003037571	-0.00034394	-0.000386549
843.7810333	1035.67	0.003038037	-0.000323706	-0.000366201
840.5323667	1028.48	0.003009185	-0.00034394	-0.000386549
834.7080333	992.587	0.003011281	-0.000324067	-0.000366562
822.2360333	971.035	0.003012912	-0.000323706	-0.000366201
816.5963667	956.672	0.002984559	-0.000323706	-0.000366201
802.2340333	913.585	0.00295807	-0.000303479	-0.00034586
800.6923667	906.404	0.002958536	-0.000303479	-0.00034586
799.8403667	906.404	0.002958536	-0.000303479	-0.00034586
780.6907	848.955	0.002962263	-0.000303479	-0.000325512
783.9363667	856.136	0.002961797	-0.000303479	-0.000325512
778.2970333	841.774	0.002933444	-0.000283245	-0.000325512
778.8003667	827.42	0.002934143	-0.000283606	-0.000325873
755.9013667	777.143	0.002908319	-0.000283245	-0.000305171
768.7220333	813.049	0.002906023	-0.000283245	-0.000305171
759.1473667	784.325	0.002907887	-0.00026301	-0.000305171
754.3597	769.962	0.002908785	-0.00026301	-0.000305171
758.1087	762.789	0.002879734	-0.000263372	-0.000305532
735.2100333	712.513	0.002853943	-0.00026301	-0.000284823
747.6820333	734.065	0.002852313	-0.000263372	-0.000305532
728.0290333	690.97	0.002826057	-0.00026301	-0.000284823
733.6683667	705.332	0.002825125	-0.00026301	-0.000284823
728.8810333	690.97	0.002826057	-0.00026301	-0.000284823
728.5323667	676.616	0.002797471	-0.000263372	-0.000285184
720.8477	669.426	0.00279817	-0.000242783	-0.000284823
712.1247	640.701	0.002770749	-0.00026301	-0.000264482
711.2727	640.701	0.002800033	-0.000242783	-0.000264482
702.5500333	611.977	0.002772612	-0.000222549	-0.000264482
701.6980333	611.977	0.002772612	-0.000222549	-0.000264482
702.5500333	611.977	0.002743295	-0.000222549	-0.000264482
703.0533667	597.623	0.002743993	-0.00022291	-0.000244495
699.8077	590.442	0.002744459	-0.00022291	-0.000264843
687.3357	568.89	0.002716805	-0.000222549	-0.000244134
682.5483667	554.528	0.002717737	-0.000202315	-0.000244134
683.0517	540.174	0.002689151	-0.000202676	-0.000244495
675.3670333	532.984	0.00268985	-0.000202315	-0.000244134
673.4767	511.449	0.00266173	-0.000202676	-0.000244495
675.8703667	518.63	0.002661265	-0.000202676	-0.000224154
676.7223667	518.63	0.002661265	-0.000202676	-0.000224154
671.4317	518.622	0.002661498	-0.000202315	-0.000223793
677.7607	540.165	0.0026601	-0.000202315	-0.000223793
688.1877	568.89	0.002687521	-0.000202315	-0.000223793
696.9107	597.615	0.002714942	-0.000202315	-0.000244134
699.3043667	604.796	0.002685191	-0.000202315	-0.000244134
715.0220333	633.529	0.002741664	-0.000202676	-0.000244495
716.0603667	655.064	0.002711215	-0.000222549	-0.000244134
721.3510333	655.072	0.002740266	-0.000202676	-0.000244495
732.8163667	705.332	0.002766556	-0.000222549	-0.000244134
742.8947	719.703	0.002765391	-0.00022291	-0.000244495
743.2433667	734.057	0.002764692	-0.000222549	-0.000244134
756.7533667	777.143	0.002761897	-0.000222549	-0.000264482
759.9993667	784.325	0.002790715	-0.000222549	-0.000244134
769.2253667	798.695	0.002789551	-0.00022291	-0.000264843
783.9363667	856.136	0.002815341	-0.000222549	-0.000264482
788.7240333	870.499	0.002814409	-0.000222549	-0.000264482
795.0530333	892.042	0.002813012	-0.000242783	-0.000264482
800.6923667	906.404	0.002841398	-0.000242783	-0.000284823
817.9517	942.318	0.002838835	-0.000243144	-0.000285184
821.8873667	956.681	0.002867188	-0.000243144	-0.000285184
816.5963667	956.672	0.002867421	-0.000242783	-0.000284823
841.0370333	1014.13	0.002892745	-0.000263372	-0.000285184
841.3843667	1028.48	0.002892047	-0.00026301	-0.000284823
844.2823667	1021.31	0.00289228	-0.000243144	-0.000285184
853.3543667	1064.39	0.002919002	-0.00026301	-0.000284823
872.1570333	1107.49	0.002915973	-0.000263372	-0.000305532
869.2590333	1114.66	0.002945025	-0.00026301	-0.000305171
874.0457	1129.02	0.002944093	-0.00026301	-0.000305171
893.7003667	1172.12	0.002941065	-0.000263372	-0.000305532
894.0477	1186.47	0.002969684	-0.000283245	-0.000305171
903.2737	1200.84	0.002968519	-0.000283606	-0.000305532
905.1657	1222.38	0.002967354	-0.000283245	-0.000325512
913.1977	1243.92	0.002995241	-0.000283245	-0.000325512
917.1323667	1258.28	0.00299431	-0.000283245	-0.000325512
925.1643667	1279.82	0.002992912	-0.000283245	-0.000325512
927.5610333	1287.01	0.00302173	-0.000283245	-0.000325512
931.4957	1301.37	0.003020799	-0.000283245	-0.000325512
941.0690333	1330.09	0.00304822	-0.000303479	-0.00034586
944.3143667	1337.27	0.003047754	-0.000303479	-0.000325512
955.9370333	1358.83	0.003075408	-0.00030384	-0.000346221
955.4323667	1373.18	0.003045424	-0.000303479	-0.00034586
967.4023667	1409.09	0.003072413	-0.000323706	-0.00034586
973.0410333	1423.45	0.003071481	-0.000323706	-0.00034586
974.5823667	1430.63	0.0031003	-0.000303479	-0.00034586
986.5490333	1466.53	0.00309797	-0.000323706	-0.000366201
1000.912367	1509.62	0.003124459	-0.00034394	-0.000366201
998.5190333	1502.44	0.003124925	-0.000323706	-0.000366201
1005.699033	1523.98	0.003123527	-0.000323706	-0.000366201
1005.699033	1523.98	0.003123527	-0.00034394	-0.000366201
1022.4557	1574.25	0.003178835	-0.00034394	-0.000386549
1024.849033	1581.43	0.003149085	-0.00034394	-0.000366201
1027.242367	1588.61	0.003177904	-0.00034394	-0.000386549
1044.5037	1624.53	0.003175341	-0.000344301	-0.00038691
1048.7857	1653.24	0.003203028	-0.00034394	-0.000386549
1058.867033	1667.62	0.003201864	-0.000344301	-0.00038691
1054.4277	1667.61	0.003231381	-0.00034394	-0.000386549
1053.5757	1667.61	0.003231381	-0.000364168	-0.000386549
1071.184367	1717.88	0.003257404	-0.000364168	-0.00040689
1073.5777	1725.06	0.003256938	-0.000364168	-0.000386549
1082.299033	1753.78	0.003255075	-0.000364168	-0.00040689
1083.151033	1753.78	0.003284359	-0.000384402	-0.00040689
1089.9837	1760.97	0.003283661	-0.000364529	-0.000407251
1100.412367	1789.7	0.003281797	-0.000364529	-0.000407251
1109.1337	1818.42	0.003309218	-0.000384763	-0.000407251
1106.2357	1825.59	0.003309018	-0.000384402	-0.000427237
1118.2057	1861.5	0.003335973	-0.000384402	-0.000427237
1120.599033	1868.68	0.003306223	-0.000384402	-0.000427237
1118.2057	1861.5	0.003306689	-0.000384402	-0.000427237
1128.631033	1890.22	0.00333411	-0.000384402	-0.000427237
1135.814367	1911.77	0.003361997	-0.000404636	-0.000427237
1154.112367	1969.22	0.003387554	-0.000404636	-0.000447579
1156.5057	1976.4	0.003387088	-0.000424863	-0.000447579
1158.899033	1983.58	0.003386622	-0.000404636	-0.000447579
1154.964367	1969.22	0.003387554	-0.000424863	-0.000467926
1166.931033	2005.12	0.003414509	-0.000424863	-0.000467926
1181.294367	2048.21	0.003411747	-0.000445097	-0.000467926
1255.4977	2270.82	0.00354376	-0.000465332	-0.000508615
1195.307033	2076.94	0.003438935	-0.000445459	-0.000488629
1197.199033	2098.48	0.00343777	-0.000445097	-0.000488268
1201.9857	2112.84	0.003466123	-0.000465332	-0.000488268
1205.231033	2120.02	0.003436373	-0.000445097	-0.000488268
1221.9877	2170.29	0.003491681	-0.000465332	-0.000488268
1230.709033	2199.01	0.003489817	-0.000445097	-0.000508615
1236.3477	2213.37	0.003488885	-0.000465332	-0.000488268
1238.3937	2206.2	0.003489118	-0.000465686	-0.000508977
1240.2857	2227.74	0.003517238	-0.000465332	-0.000488268
1242.679033	2234.92	0.003516772	-0.000465332	-0.000508615
1247.4657	2249.28	0.003545158	-0.000465332	-0.000508615
1249.859033	2256.46	0.003544692	-0.000465332	-0.000508615
1259.4357	2285.19	0.003572113	-0.000445097	-0.000508615
1252.252367	2263.64	0.003544226	-0.000465332	-0.000508615
1269.009033	2313.91	0.003599534	-0.000465332	-0.000508615
1282.332367	2335.46	0.003597904	-0.00048592	-0.000508977
1274.6477	2328.27	0.003598602	-0.000465332	-0.000508615
1278.5857	2342.64	0.003626955	-0.000485559	-0.000508615
1284.7257	2342.64	0.003597438	-0.00048592	-0.000508977
1293.7977	2385.72	0.003653444	-0.000485559	-0.000528957
1293.7977	2385.72	0.00362416	-0.000485559	-0.000528957
1300.981033	2407.27	0.003652047	-0.000485559	-0.000528957
1302.522367	2414.45	0.003680865	-0.000485559	-0.000528957
1302.522367	2414.45	0.003651581	-0.000505793	-0.000528957
1302.522367	2414.45	0.003680865	-0.000485559	-0.000528957
1312.0957	2443.17	0.003708319	-0.000505793	-0.000528957
1317.734367	2457.53	0.003678103	-0.000505793	-0.000528957
1312.0957	2443.17	0.003708319	-0.000505793	-0.000528957
1326.459033	2486.26	0.003705524	-0.000505793	-0.000549304
1321.672367	2471.9	0.00373574	-0.000505793	-0.000549304
1334.491033	2507.8	0.003733411	-0.000505793	-0.000549304
1346.110367	2529.35	0.003790349	-0.000506154	-0.000549666
1338.4257	2522.16	0.003761764	-0.00052602	-0.000549304
1338.4257	2522.16	0.003761764	-0.000505793	-0.000549304
1348.854367	2550.89	0.003789185	-0.00052602	-0.000549304
1348.002367	2550.89	0.003789185	-0.00052602	-0.000549304
1355.182367	2572.43	0.003817072	-0.00052602	-0.000569646
1362.3657	2593.98	0.003815674	-0.00052602	-0.000569646
1375.689033	2615.53	0.003814043	-0.000526382	-0.000549666
1367.152367	2608.34	0.00384406	-0.00052602	-0.000569646
1367.152367	2608.34	0.00384406	-0.00052602	-0.000569646
1374.332367	2629.88	0.003842662	-0.000546255	-0.000569646
1381.5157	2651.43	0.003870549	-0.00052602	-0.000589993
1379.119033	2644.24	0.003871015	-0.000546255	-0.000569646
1383.909033	2658.61	0.003870083	-0.000546255	-0.000589993
1394.334367	2687.33	0.003897504	-0.000546255	-0.000589993
1398.269033	2701.69	0.003896572	-0.000546255	-0.000589993
1399.121033	2701.69	0.003925857	-0.000546255	-0.000589993
1398.269033	2701.69	0.003896572	-0.000546255	-0.000589993
1410.239033	2737.6	0.003952812	-0.000546255	-0.000589993
1406.304367	2723.24	0.003924459	-0.000546255	-0.000589993
1410.239033	2737.6	0.003952812	-0.000566489	-0.000610334
1420.664367	2766.32	0.003980266	-0.000566489	-0.000610334
1419.812367	2766.32	0.003950948	-0.000566489	-0.000610334
1435.0277	2809.41	0.003977471	-0.000566489	-0.000610334
1437.0737	2802.24	0.003977704	-0.00056685	-0.000610696
1432.634367	2802.23	0.003977937	-0.000586716	-0.000610334
1437.9257	2802.24	0.004006988	-0.00056685	-0.000610696
1437.421033	2816.59	0.00400629	-0.000566489	-0.000630682
1443.752367	2838.14	0.004004892	-0.000586716	-0.000630682
1443.752367	2838.14	0.004034176	-0.000586716	-0.000610334
1450.932367	2859.68	0.004062063	-0.000586716	-0.000630682
1456.571033	2874.04	0.004061131	-0.000586716	-0.000630682
1461.3577	2888.4	0.0040602	-0.000586716	-0.000630682
1468.541033	2909.95	0.004088087	-0.00060695	-0.000630682
1462.899033	2895.58	0.004089018	-0.000586716	-0.000630682
1470.082367	2917.13	0.004087621	-0.00060695	-0.000651023
1492.979033	2967.4	0.004142729	-0.000607311	-0.000651385
1467.689033	2909.95	0.004117371	-0.00060695	-0.000651023
1494.5237	2974.59	0.004142263	-0.000607311	-0.000651385
1489.232367	2974.58	0.004142496	-0.000627184	-0.000651023
1485.2977	2960.22	0.004143428	-0.000627184	-0.000651023
1494.019033	2988.94	0.004170849	-0.000627184	-0.000671371
1494.5237	2974.59	0.004171547	-0.000607311	-0.000671732
1494.019033	2988.94	0.004200133	-0.000627184	-0.000671371
1496.412367	2996.12	0.004199667	-0.000627184	-0.000671371
1497.264367	2996.12	0.004199667	-0.000627184	-0.000671371
1504.444367	3017.66	0.00419827	-0.000627184	-0.000671371
1521.7057	3053.58	0.004224992	-0.000627539	-0.000671732
1518.460367	3046.4	0.004225458	-0.000627539	-0.000671732
1515.562367	3053.57	0.004254509	-0.000647412	-0.000691719
1518.8077	3060.75	0.004254043	-0.000647412	-0.000691719
1514.021033	3046.39	0.004254975	-0.000647412	-0.000691719
1522.742367	3075.11	0.004253112	-0.000647412	-0.000691719
1523.594367	3075.11	0.004282396	-0.000647412	-0.000691719
1529.9257	3096.66	0.004310316	-0.000647412	-0.000691719
1532.319033	3103.84	0.00430985	-0.000667646	-0.00071206
1525.139033	3082.3	0.00428193	-0.000667646	-0.000691719
1537.9577	3118.2	0.004308918	-0.000667646	-0.000691719
1547.534367	3146.93	0.004336339	-0.000667646	-0.00071206
1549.0757	3154.11	0.004335874	-0.000667646	-0.00071206
1555.2157	3154.11	0.004335641	-0.000668007	-0.000712421
1552.321033	3161.29	0.004364692	-0.000667646	-0.00071206
1551.469033	3161.29	0.004364692	-0.000667646	-0.00071206
1568.727033	3197.2	0.004391414	-0.000688235	-0.000732763
1561.547033	3175.66	0.004392812	-0.000668007	-0.000732763
1570.619033	3218.74	0.00439025	-0.000687873	-0.000732408
1571.120367	3204.38	0.004390948	-0.000688235	-0.000732763
1575.4057	3233.1	0.00444792	-0.000687873	-0.000752749
1580.192367	3247.46	0.004446988	-0.000708107	-0.000752749
1576.2577	3233.1	0.00444792	-0.000708107	-0.000752749
1583.090367	3240.29	0.004447188	-0.000708469	-0.00075311
1593.5157	3269.01	0.004445358	-0.000708469	-0.00075311
1596.949033	3297.73	0.004473012	-0.000708107	-0.000773097
1584.979033	3261.82	0.004475341	-0.000708107	-0.000773097
1600.699033	3290.56	0.004502529	-0.000708469	-0.000773458
1604.129033	3319.27	0.004500899	-0.000728342	-0.000793438
1607.879033	3312.1	0.004501131	-0.000728703	-0.000773458
1594.5557	3290.55	0.004502762	-0.000728342	-0.000773097
1601.7357	3312.09	0.004501364	-0.000728342	-0.000793438
1611.312367	3340.82	0.004528785	-0.000748569	-0.000793438
1607.374367	3326.45	0.004529717	-0.000748569	-0.000793438
1616.951033	3355.18	0.004557138	-0.000748569	-0.000793438
1625.672367	3383.9	0.004584559	-0.000748569	-0.000813786
1623.279033	3376.72	0.004585025	-0.000748569	-0.000793438
1629.422367	3376.73	0.004584792	-0.00074893	-0.000814147
1631.8157	3383.91	0.004584326	-0.00074893	-0.000814147
1631.8157	3383.91	0.004613611	-0.00074893	-0.000814147
1647.2157	3448.53	0.004638968	-0.000768803	-0.000834127
1643.281033	3434.17	0.004610616	-0.000768803	-0.000834127
1638.147033	3405.46	0.004612213	-0.000769164	-0.000834488
1647.2157	3448.53	0.004668253	-0.000789031	-0.000834127
1650.1137	3441.36	0.004668486	-0.000789392	-0.000834488
1648.0677	3448.53	0.004668253	-0.000789031	-0.000854475
1654.399033	3470.08	0.00469614	-0.000789031	-0.000854475
1657.644367	3477.26	0.004695674	-0.000789031	-0.000854475
1668.759033	3513.16	0.004722629	-0.000809265	-0.000854475
1671.1557	3520.35	0.004692879	-0.000809265	-0.000874816
1664.824367	3498.8	0.004723561	-0.000809265	-0.000874816
1675.942367	3534.71	0.004721231	-0.000829499	-0.000874816
1679.1877	3541.89	0.004720765	-0.000809265	-0.000874816
1673.549033	3527.53	0.004750982	-0.000829499	-0.000874816
1685.5157	3563.43	0.00477797	-0.000829499	-0.000895164
1685.5157	3563.43	0.00477797	-0.000829499	-0.000895164
1695.092367	3592.16	0.004776107	-0.000829499	-0.000895164
1695.944367	3592.16	0.004776107	-0.000849726	-0.000915505
1692.699033	3584.98	0.004805857	-0.000849726	-0.000895164
1699.879033	3606.52	0.004804459	-0.000849726	-0.000915505
1702.272367	3613.7	0.004803993	-0.000849726	-0.000915505
1702.272367	3613.7	0.004833278	-0.000849726	-0.000915505
1702.272367	3613.7	0.004833278	-0.000849726	-0.000935853
1707.059033	3628.06	0.004861631	-0.000849726	-0.000915505
1714.7437	3635.25	0.004860932	-0.000870322	-0.000936214
1716.6357	3656.79	0.004859767	-0.00086996	-0.000935853
1729.107033	3678.34	0.004887421	-0.000870322	-0.000936214
1722.274367	3671.15	0.00488812	-0.00086996	-0.000956194
1726.209033	3685.51	0.004887188	-0.000890194	-0.000956194
1727.061033	3685.51	0.004887188	-0.00086996	-0.000956194
1745.359033	3742.96	0.004942063	-0.000890194	-0.000976542
1750.1457	3757.32	0.004941131	-0.000910422	-0.000976542
1747.752367	3750.14	0.004941597	-0.000910422	-0.000976542
1746.211033	3742.96	0.004971348	-0.000910422	-0.000976542
1748.604367	3750.14	0.004970882	-0.000910422	-0.000976542
1750.1457	3757.32	0.004970416	-0.000910422	-0.000996883
1760.2237	3771.69	0.004998536	-0.000910783	-0.000997244
1754.9357	3771.69	0.004998769	-0.000910422	-0.000996883
1757.329033	3778.87	0.004998303	-0.000930656	-0.000996883
1772.1937	3807.6	0.004996206	-0.000931017	-0.001017592
1762.9677	3793.23	0.004997371	-0.000930656	-0.000996883
1771.689033	3821.95	0.005024792	-0.000930656	-0.001017231
1774.0857	3829.14	0.005053611	-0.000950883	-0.001017231
1769.2957	3814.77	0.005054542	-0.000950883	-0.001037572
1776.479033	3836.32	0.005053145	-0.000950883	-0.001037572
1781.2657	3850.68	0.005052213	-0.000950883	-0.001037572
1777.331033	3836.32	0.005082429	-0.000950883	-0.001037572
1786.052367	3865.04	0.005080599	-0.000971117	-0.001037572
1800.4157	3908.13	0.005107088	-0.000971117	-0.00105792
1800.4157	3908.13	0.005107088	-0.000971117	-0.001037572
1796.481033	3893.77	0.00510802	-0.000971117	-0.00105792
1798.022367	3900.95	0.005136839	-0.000991352	-0.00105792
1803.3137	3900.96	0.005136606	-0.000991713	-0.001078622
1805.202367	3922.49	0.005164725	-0.000991352	-0.001078261
1802.809033	3915.31	0.005135907	-0.000991352	-0.001078261
1809.989033	3936.85	0.005163794	-0.000991352	-0.001078261
1808.4477	3929.67	0.005193544	-0.001011579	-0.001078261
1819.5657	3965.58	0.005191215	-0.001011579	-0.001098609
1819.5657	3965.58	0.005191215	-0.001011579	-0.001098609
1821.959033	3972.76	0.005220033	-0.001011579	-0.001098609
1826.7457	3987.12	0.005219102	-0.001031813	-0.001098609
1824.352367	3979.94	0.005219567	-0.001031813	-0.001098609
1827.5977	3987.12	0.005248419	-0.001031813	-0.00111895
1829.991033	3994.3	0.005247953	-0.001031813	-0.001098609
1852.039033	4044.58	0.005244459	-0.001032174	-0.001119311
1836.322367	4015.85	0.00527584	-0.001052047	-0.001139298
1850.682367	4058.93	0.005273045	-0.001052047	-0.001139298
1843.502367	4037.39	0.005303727	-0.001052047	-0.001139298
1851.534367	4058.93	0.005302329	-0.001052047	-0.001159639
1853.0757	4066.11	0.005301864	-0.001072275	-0.001159639
1853.9277	4066.11	0.005301864	-0.001072275	-0.001159639
1853.9277	4066.11	0.005301864	-0.001072275	-0.001159639
1869.832367	4116.38	0.005327887	-0.001072275	-0.001179987
1857.8657	4080.48	0.005330216	-0.001092509	-0.001179987
1862.652367	4094.84	0.005358569	-0.001092509	-0.001179987
1865.0457	4102.02	0.005358103	-0.001092509	-0.001179987
1867.439033	4109.2	0.005386922	-0.001092509	-0.001179987
1880.261033	4145.11	0.005384592	-0.001092509	-0.001200328
1880.261033	4145.11	0.005384592	-0.001112736	-0.001200328
1879.409033	4145.11	0.00541391	-0.001112736	-0.001200328
1893.769033	4188.19	0.005440399	-0.001112736	-0.001200328
1885.0477	4159.47	0.005442263	-0.001112736	-0.001220676
1897.014367	4195.37	0.005439933	-0.00113297	-0.001220676
1892.2277	4181.01	0.005440865	-0.00113297	-0.001220676
1898.559033	4202.56	0.005468752	-0.00113297	-0.001241017
1901.804367	4209.74	0.005468286	-0.001153204	-0.001241017
1900.952367	4209.74	0.005468286	-0.001153204	-0.001241017
1903.3457	4216.92	0.005497105	-0.001153204	-0.001241017
1913.771033	4245.64	0.005495241	-0.001153204	-0.001261365
1906.591033	4224.1	0.005496639	-0.001153204	-0.001261365
1917.7057	4260	0.00549431	-0.001173432	-0.001241017
1918.210367	4245.65	0.005524293	-0.001173793	-0.001261726
1917.7057	4260	0.005552879	-0.001173432	-0.001281706
1917.7057	4260	0.005552879	-0.001173432	-0.001281706
1934.462367	4310.27	0.005549617	-0.001193666	-0.001281706
1927.282367	4288.73	0.005580333	-0.001193666	-0.001302054
1937.360367	4303.1	0.005579168	-0.001194027	-0.001302415
1941.6457	4331.82	0.005577537	-0.0012139	-0.001302054
1944.891033	4339	0.005606356	-0.0012139	-0.001322395
1940.104367	4324.64	0.005607288	-0.0012139	-0.001322395
1946.9337	4331.82	0.005606589	-0.001214255	-0.001322756
1946.432367	4346.18	0.00560589	-0.001234128	-0.001342743
1951.7237	4346.19	0.005634942	-0.001234489	-0.001343104
1960.7957	4389.27	0.005661664	-0.001234128	-0.001342743
1961.6477	4389.27	0.005661664	-0.001234128	-0.001342743
1966.0837	4389.27	0.005690715	-0.001254723	-0.001363445
1963.189033	4396.45	0.005690483	-0.001254362	-0.001363084
1964.542367	4382.09	0.005661897	-0.001254723	-0.001363445
1969.332367	4396.46	0.00569025	-0.00127495	-0.001383793
1987.1257	4468.26	0.005715141	-0.001274589	-0.001403773
1985.2337	4446.72	0.005716273	-0.00127495	-0.001383793
1984.732367	4461.08	0.005715607	-0.001274589	-0.001403773
1992.417033	4468.27	0.005744193	-0.001295184	-0.001404134
1992.764367	4482.62	0.005772779	-0.001294823	-0.00142412
1989.519033	4475.44	0.005773245	-0.001315057	-0.00142412
1987.1257	4468.26	0.005773711	-0.001315057	-0.00142412
1983.191033	4453.9	0.005774642	-0.001315057	-0.00142412
1996.699033	4496.98	0.005801131	-0.001315057	-0.00142412
1989.519033	4475.44	0.005802529	-0.001315057	-0.001444468
1999.944367	4504.16	0.00582995	-0.001335285	-0.001444468
2013.4557	4547.25	0.005827155	-0.001335285	-0.001444468
2011.567033	4525.72	0.005828319	-0.00135588	-0.001465171
2004.734367	4518.53	0.005829018	-0.001335285	-0.001464809
2011.062367	4540.07	0.005856905	-0.001355519	-0.001464809
2008.669033	4532.89	0.005857371	-0.001355519	-0.001464809
2009.521033	4532.89	0.005857371	-0.001355519	-0.001485157
2013.4557	4547.25	0.005885724	-0.001375746	-0.001485157
2021.4877	4568.79	0.005913644	-0.001375746	-0.001485157
2021.4877	4568.79	0.005913644	-0.001375746	-0.001485157
2028.671033	4590.34	0.005912246	-0.00139598	-0.001505498
2019.094367	4561.61	0.00591411	-0.00139598	-0.001505498
2033.4577	4604.7	0.005940599	-0.00139598	-0.001505498
2034.999033	4611.88	0.005940133	-0.00139598	-0.001505498
2040.6377	4626.24	0.005968486	-0.00139598	-0.001525846
2030.212367	4597.52	0.005970349	-0.00139598	-0.001525846
2040.6377	4626.24	0.005968486	-0.001416214	-0.001525846
2040.6377	4626.24	0.00599777	-0.001416214	-0.001525846
2045.077033	4626.25	0.005997537	-0.001416576	-0.001546549
2045.077033	4626.25	0.005997537	-0.001416576	-0.001546549
2045.4277	4640.61	0.005996839	-0.001436442	-0.001546187
2044.5757	4640.61	0.006026123	-0.001436442	-0.001546187
2061.8337	4676.52	0.006023561	-0.001436803	-0.001566896
2054.149033	4669.33	0.006053544	-0.001436442	-0.001566535
2051.7557	4662.15	0.00605401	-0.001436442	-0.001566535
2056.542367	4676.51	0.006053078	-0.001456676	-0.001586876
2056.542367	4676.51	0.006082396	-0.001456676	-0.001586876
2064.5777	4698.06	0.006080998	-0.00147691	-0.001586876
2063.7257	4698.06	0.006080998	-0.00147691	-0.001607224
2074.6557	4712.43	0.006109118	-0.001477271	-0.001607585
2072.259033	4705.24	0.006109584	-0.001477271	-0.001607585
2071.7577	4719.6	0.006108885	-0.001497138	-0.001607224
2066.119033	4705.24	0.006139102	-0.001497138	-0.001607224
2069.364367	4712.42	0.006138636	-0.001497138	-0.001627565
2071.7577	4719.6	0.00613817	-0.001497138	-0.001627565
2075.692367	4733.96	0.006166522	-0.001517372	-0.001647913
2090.557033	4762.69	0.006193711	-0.001517733	-0.001648274
2095.347033	4777.06	0.006192779	-0.001517733	-0.001668615
2086.121033	4762.69	0.006193943	-0.001537599	-0.001668254
2088.514367	4769.87	0.006222762	-0.001537599	-0.001647913
2097.2357	4798.59	0.006220899	-0.001557833	-0.001668254
2087.662367	4769.87	0.006193478	-0.001557833	-0.001668254
2094.842367	4791.41	0.006221364	-0.001557833	-0.001688602
2097.2357	4798.59	0.006220899	-0.001557833	-0.001688602
2094.842367	4791.41	0.006250649	-0.001557833	-0.001688602
2111.599033	4841.68	0.006276706	-0.001578067	-0.001708943
2113.992367	4848.86	0.00627624	-0.001578067	-0.001708943
2109.2057	4834.5	0.006277171	-0.001598295	-0.001729291
2114.497033	4834.51	0.006306223	-0.001598656	-0.001729652
2121.677033	4856.05	0.006304825	-0.001598656	-0.001729652
2119.631033	4863.22	0.006304592	-0.001598295	-0.001729291
2113.992367	4848.86	0.006305524	-0.001598295	-0.001729291
2116.3857	4856.04	0.006334343	-0.001598295	-0.001749632
2133.994367	4906.31	0.006360366	-0.001618529	-0.00176998
2121.172367	4870.4	0.006333411	-0.001618529	-0.00176998
2118.779033	4863.22	0.006333877	-0.001638763	-0.00176998
2136.3877	4913.49	0.006389185	-0.001638763	-0.00176998
2135.5357	4913.49	0.006389185	-0.001638763	-0.001790321
2141.174367	4927.85	0.006388253	-0.00165899	-0.001790321
2136.040367	4899.14	0.006389884	-0.001659352	-0.001790682
2148.007033	4935.04	0.006416839	-0.001679586	-0.00181103
2135.5357	4913.49	0.006418469	-0.001679225	-0.001810669
2145.6137	4927.86	0.006417305	-0.001679586	-0.00181103
2146.4657	4927.86	0.006417305	-0.001679586	-0.001831371
2159.977033	4970.95	0.006443827	-0.001699813	-0.001831371
2147.5057	4949.4	0.006445458	-0.001699452	-0.00183101
2148.3577	4949.4	0.006474742	-0.001699452	-0.001851358
2165.6157	4985.31	0.006501464	-0.001720047	-0.001851719
2150.400367	4942.22	0.006474975	-0.001720047	-0.001851719
2162.7177	4992.48	0.006501231	-0.00173992	-0.001871699
2159.472367	4985.3	0.006530982	-0.00173992	-0.001871699
2161.8657	4992.48	0.006530516	-0.00173992	-0.001892047
2161.8657	4992.48	0.006530516	-0.00173992	-0.001892047
2162.7177	4992.48	0.006530516	-0.001760148	-0.001892047
2167.5077	5006.85	0.006558869	-0.001760148	-0.001912388
2176.229033	5035.57	0.006557005	-0.001760148	-0.001912388
2177.081033	5035.57	0.006557005	-0.001780382	-0.001912388
2166.6557	5006.85	0.006558869	-0.001780382	-0.001932736
2169.049033	5014.03	0.006587687	-0.001800616	-0.001932736
2178.622367	5042.75	0.006585824	-0.001800616	-0.001953077
2189.051033	5071.48	0.006613278	-0.001820843	-0.001953077
2185.802367	5064.29	0.006613744	-0.001820843	-0.001973425
2188.199033	5071.48	0.006642562	-0.001820843	-0.001973425
2188.199033	5071.48	0.006642562	-0.001841077	-0.001973425
2197.772367	5100.2	0.006640699	-0.001841077	-0.001993766
2195.8837	5078.67	0.006671148	-0.001841439	-0.001994127
2189.051033	5071.48	0.006671847	-0.001861305	-0.001993766
2205.457033	5107.39	0.006669285	-0.001861666	-0.002014475
2195.379033	5093.02	0.006699734	-0.001881539	-0.002014114
2212.1357	5143.29	0.006725757	-0.001881539	-0.002034455
2210.594367	5136.11	0.006726223	-0.00190177	-0.002034455
2208.1977	5128.92	0.006697404	-0.00190177	-0.002054803
2210.594367	5136.11	0.006726223	-0.001922002	-0.002054803
2219.3157	5164.83	0.006753644	-0.001922002	-0.002075144
2212.1357	5143.29	0.006755042	-0.001922002	-0.002075144
2214.529033	5150.47	0.006754576	-0.001942234	-0.002095492
2227.000367	5172.02	0.00678223	-0.001942594	-0.002095853
2229.744367	5193.56	0.006781098	-0.001962465	-0.002115833
2221.709033	5172.01	0.006782463	-0.001962465	-0.002115833
2229.3937	5179.2	0.006811082	-0.001962826	-0.002136542
2226.4957	5186.37	0.006810849	-0.001982697	-0.002136181
2231.787033	5186.38	0.006810616	-0.001983058	-0.002136542
2231.2857	5200.74	0.006839201	-0.002002928	-0.002156522
2229.744367	5193.56	0.006839667	-0.002002928	-0.002156522
2236.072367	5215.1	0.006867554	-0.00202316	-0.00217687
2236.072367	5215.1	0.006867554	-0.00202316	-0.00217687
2245.6457	5243.82	0.006894975	-0.002043392	-0.002197211
2241.711033	5229.46	0.006895907	-0.002043392	-0.002197211
2258.120367	5265.38	0.006893344	-0.002063984	-0.00221792
2248.891033	5251	0.006894509	-0.002063623	-0.002217559
2250.4357	5258.19	0.006894043	-0.002083855	-0.002237906
2250.4357	5258.19	0.006923328	-0.002083855	-0.002237906
2252.829033	5265.37	0.006952146	-0.002083855	-0.002237906
2250.4357	5258.19	0.006952612	-0.002104086	-0.002258248
2250.4357	5258.19	0.006952612	-0.002104086	-0.002258248
2260.009033	5286.91	0.006950749	-0.002124318	-0.002278595
2263.254367	5294.09	0.006979601	-0.00214455	-0.002298936
2260.009033	5286.91	0.006980067	-0.002124318	-0.002298936
2265.300367	5286.92	0.007009118	-0.002165142	-0.002319639
2252.829033	5265.37	0.006981464	-0.002164781	-0.002319284
2269.5857	5315.64	0.007007488	-0.002185013	-0.002339625
2272.480367	5308.46	0.007037005	-0.002185374	-0.002339987
2267.189033	5308.45	0.007037238	-0.002205245	-0.002339625
2272.831033	5322.82	0.007036306	-0.002205245	-0.002359973
2271.979033	5322.82	0.007065591	-0.002225476	-0.002380314
2269.5857	5315.64	0.007066057	-0.002225476	-0.002380314
2283.9457	5358.72	0.007092546	-0.002245708	-0.002400662
2276.7657	5337.18	0.007093943	-0.002245708	-0.002421003
2291.129033	5380.27	0.007120433	-0.002265939	-0.002421003
2282.404367	5351.54	0.007093012	-0.00228617	-0.002441351
2286.339033	5365.9	0.007121364	-0.00228617	-0.002461692
2283.9457	5358.72	0.00712183	-0.002306402	-0.002461692
2291.981033	5380.27	0.007120433	-0.002306402	-0.002461692
2292.482367	5365.91	0.007150416	-0.002326994	-0.002482401
2283.9457	5358.72	0.007151115	-0.002326634	-0.00248204
2293.522367	5387.45	0.007178569	-0.002346865	-0.00248204
2312.672367	5444.9	0.007204126	-0.002367097	-0.002522729
2298.309033	5401.81	0.007177637	-0.002367097	-0.002522729
2295.9157	5394.63	0.007207388	-0.002387328	-0.00254307
2301.207033	5394.64	0.00717787	-0.002387689	-0.002543432
2305.489033	5423.35	0.007205524	-0.00240756	-0.002563418
2306.341033	5423.35	0.007205524	-0.002427792	-0.002583759
2303.0957	5416.17	0.007235275	-0.002427792	-0.002583759
2307.882367	5430.53	0.007263627	-0.002448023	-0.002604107
2301.554367	5408.99	0.00723574	-0.002448023	-0.002604107
2321.209033	5452.09	0.007261997	-0.002468616	-0.002624809
2315.9177	5452.08	0.007291514	-0.002488486	-0.002624448
2313.1737	5430.54	0.007263394	-0.002488847	-0.002645155
2303.0957	5416.17	0.007293844	-0.002488486	-0.002665139
2318.311033	5459.26	0.007320333	-0.002508718	-0.002665139
2322.2457	5473.62	0.007319401	-0.00252895	-0.002685484
2325.491033	5480.8	0.007318935	-0.002549181	-0.002705828
2323.0977	5473.62	0.007319401	-0.002569413	-0.002705828
2322.2457	5473.62	0.007348686	-0.002569413	-0.002726173
2325.1437	5466.45	0.007348918	-0.002590005	-0.002746878
2325.9957	5466.45	0.007348918	-0.002590005	-0.002746878
2315.9177	5452.08	0.007350083	-0.002589644	-0.002746517
2337.110367	5502.35	0.007405191	-0.002610237	-0.002767223
2334.717033	5495.17	0.007376373	-0.002630468	-0.002787567
2327.032367	5487.98	0.007406356	-0.002650339	-0.002807551
2329.4257	5495.16	0.00740589	-0.002650339	-0.002807551
2324.639033	5480.8	0.007436107	-0.00267057	-0.002827896
2335.0677	5509.53	0.007434243	-0.002690802	-0.00284824
2342.752367	5516.72	0.007433544	-0.002691163	-0.002868945
2329.4257	5495.16	0.007435175	-0.002711034	-0.002868585
2335.0677	5509.53	0.007463527	-0.002731265	-0.002868585
2341.900367	5516.72	0.007462829	-0.002731626	-0.00288929
2349.932367	5538.26	0.007490715	-0.002751858	-0.002909635
2334.2157	5509.53	0.007492812	-0.002751497	-0.002929618
2346.687033	5531.08	0.007491181	-0.002772089	-0.002929979
2339.002367	5523.89	0.007521165	-0.00279196	-0.002949963
2359.5057	5566.98	0.007547421	-0.002812552	-0.002970668
2342.2477	5531.07	0.007520699	-0.002812192	-0.002970308
2353.867033	5552.62	0.007548353	-0.002832784	-0.002991013
2348.5757	5552.61	0.007548586	-0.002852655	-0.003010997
2341.3957	5531.07	0.007549983	-0.002872886	-0.003010997
2344.641033	5538.25	0.007549517	-0.002872886	-0.003031341
2353.867033	5552.62	0.007577671	-0.002893479	-0.003052046
2344.641033	5538.25	0.007578835	-0.002893118	-0.00307203
2358.152367	5581.34	0.007634609	-0.002933581	-0.00307203
2349.4277	5552.61	0.007607188	-0.002933581	-0.003092375
2361.050367	5574.17	0.007605557	-0.002954174	-0.00311308
2344.641033	5538.25	0.007637404	-0.002974045	-0.003133064
2346.182367	5545.43	0.007636938	-0.002994276	-0.003133064
2365.332367	5602.88	0.007662496	-0.003014508	-0.003153409
2358.152367	5581.34	0.007663894	-0.003034739	-0.003173753
2355.759033	5574.16	0.007664359	-0.003034739	-0.003194098
2351.821033	5559.79	0.007694576	-0.00305497	-0.003194098
2361.050367	5574.17	0.007693411	-0.003055332	-0.003214803
2355.759033	5574.16	0.007693644	-0.003095434	-0.003234787
2355.759033	5574.16	0.007693644	-0.003095434	-0.003234787
2355.759033	5574.16	0.007722928	-0.003115665	-0.003255131
2373.017033	5610.07	0.007749651	-0.003136258	-0.003296181
2362.939033	5595.7	0.007750815	-0.003156128	-0.003295821
2370.119033	5617.24	0.007749418	-0.00317636	-0.00333651
2373.364367	5624.42	0.00777827	-0.003196592	-0.003356854
2366.184367	5602.88	0.007779667	-0.003216823	-0.003356854
2365.332367	5602.88	0.007779667	-0.003237057	-0.003377199
2365.837033	5588.53	0.007780333	-0.003257646	-0.003397904
2370.971033	5617.24	0.00780802	-0.003257285	-0.003417888
2368.230367	5595.71	0.007809185	-0.00327788	-0.003438593
2367.7257	5610.06	0.007808486	-0.003297746	-0.003438233
2365.332367	5602.88	0.007838236	-0.00331798	-0.003458577
2370.119033	5617.24	0.007837305	-0.003338215	-0.003478922
2366.184367	5602.88	0.007838236	-0.003358442	-0.003478922
2372.512367	5624.42	0.007866123	-0.003378676	-0.003519611
2373.869033	5610.07	0.007866822	-0.003399271	-0.003540316
2370.119033	5617.24	0.007895874	-0.003419138	-0.0035603
2362.939033	5595.7	0.007867987	-0.003439372	-0.003580645
2375.410367	5617.25	0.007895641	-0.00345996	-0.00360135
2372.512367	5624.42	0.007924692	-0.003479833	-0.003621334
2368.5777	5610.06	0.007925624	-0.003479833	-0.003621334
2378.154367	5638.79	0.007953045	-0.003520295	-0.003641678
2373.364367	5624.42	0.007953977	-0.003520295	-0.003662023
2373.364367	5624.42	0.007953977	-0.003540529	-0.003682367
2362.939033	5595.7	0.00795584	-0.003560763	-0.003702712
2370.971033	5617.24	0.007983727	-0.00358099	-0.003723056
2381.049033	5631.61	0.007982562	-0.003621813	-0.003764106
2377.302367	5638.79	0.007982329	-0.003621452	-0.00378409
2382.5937	5638.8	0.008011381	-0.003662281	-0.003784451
2378.154367	5638.79	0.008011647	-0.003682148	-0.003824779
2373.364367	5624.42	0.008012579	-0.003702382	-0.003845124
2372.512367	5624.42	0.008041864	-0.003722616	-0.003845124
2372.512367	5624.42	0.008041864	-0.003742843	-0.003885813
2382.5937	5638.8	0.008069983	-0.003763439	-0.003886174
2370.119033	5617.24	0.008071614	-0.003783305	-0.003906158
2362.939033	5595.7	0.008073012	-0.003783305	-0.003926502
2384.987033	5645.98	0.008069517	-0.003824134	-0.003967552
2377.8037	5624.43	0.0081002	-0.003844362	-0.0039879
2374.909033	5631.61	0.008099967	-0.003884462	-0.00400788
2372.512367	5624.42	0.008100433	-0.003904696	-0.004028228
2374.909033	5631.61	0.008129251	-0.00392493	-0.004048569
2372.512367	5624.42	0.008129717	-0.003945158	-0.004089258
2373.364367	5624.42	0.008159002	-0.003965392	-0.004109605
2362.939033	5595.7	0.008131581	-0.003985626	-0.004129947
2365.332367	5602.88	0.008160399	-0.004005853	-0.004129947
2366.184367	5602.88	0.008160399	-0.004026087	-0.004170636
2360.5457	5588.52	0.008161331	-0.004046315	-0.004190983
2363.791033	5595.7	0.00819015	-0.004086783	-0.004211324
2366.184367	5602.88	0.008218968	-0.00410701	-0.004231672
2361.3977	5588.52	0.008190616	-0.004127245	-0.004272361
2370.119033	5617.24	0.008218037	-0.004167706	-0.004292702
2360.5457	5588.52	0.0082199	-0.00418794	-0.004333391
2356.611033	5574.16	0.008220832	-0.004208168	-0.004353739
2368.230367	5595.71	0.008248486	-0.004248997	-0.004374441
2351.821033	5559.79	0.008280333	-0.004268863	-0.004394428
2355.759033	5574.16	0.008279401	-0.004289097	-0.004435117
2361.902367	5574.17	0.008279168	-0.004309686	-0.004455819
2355.759033	5574.16	0.008279401	-0.004349793	-0.004475806
2350.969033	5559.79	0.008309651	-0.00437002	-0.004516495
2349.4277	5552.61	0.008310116	-0.004390255	-0.004536836
2346.182367	5545.43	0.008339867	-0.004410489	-0.004557184
2348.5757	5552.61	0.008339401	-0.00445095	-0.004577525
2355.759033	5574.16	0.008338003	-0.004471184	-0.004638562
2353.867033	5552.62	0.008368453	-0.004512007	-0.004659264
2350.969033	5559.79	0.00836822	-0.004552107	-0.004699599
2346.182367	5545.43	0.008369151	-0.004572342	-0.004740288
2340.3557	5509.53	0.008400532	-0.004613164	-0.00476099
2341.3957	5531.07	0.008399368	-0.004653265	-0.004801318
2335.0677	5509.53	0.008400765	-0.004693726	-0.004842007
2327.032367	5487.98	0.008431448	-0.00471396	-0.004882696
2320.704367	5466.44	0.008432845	-0.004754422	-0.004903044
2315.9177	5452.08	0.008433777	-0.004774656	-0.004943732
2307.882367	5430.53	0.008435175	-0.004815117	-0.004964074
2311.632367	5423.36	0.008435408	-0.00485594	-0.005005124
2299.161033	5401.81	0.008466323	-0.004896047	-0.005065799
2298.309033	5401.81	0.008495607	-0.004916275	-0.00508614
2291.981033	5380.27	0.008497005	-0.004956736	-0.005126829
2282.404367	5351.54	0.008498869	-0.004997204	-0.005167518
2271.979033	5322.82	0.008500732	-0.005037666	-0.005208207
2278.119033	5322.82	0.008500499	-0.005078489	-0.005269605
2258.4677	5279.73	0.008503527	-0.005118589	-0.005309933
2251.2877	5258.19	0.00853421	-0.005179285	-0.005391311
2239.3177	5222.28	0.008536539	-0.00523998	-0.005452348
2226.4957	5186.37	0.008568153	-0.00532091	-0.005554067
2212.1357	5143.29	0.008570948	-0.005401833	-0.005635445
2181.0157	5049.93	0.008576972	-0.005523225	-0.005798201
2082.872367	4755.5	0.008596073	-0.005887392	-0.006266127
754.3597	769.962	0.008590749	-0.006211097	-0.006998535
766.8317	791.514	0.008618403	-0.006211459	-0.00699889
763.9347	798.687	0.008618203	-0.006211097	-0.006998535
773.5097	827.412	0.008616339	-0.006211097	-0.006998535
784.4397	841.782	0.008644459	-0.006211459	-0.007019237
783.9363667	856.136	0.00864376	-0.006211097	-0.007018876
790.7690333	863.326	0.008672346	-0.006211459	-0.007019237
793.5113667	884.861	0.008671181	-0.006211097	-0.007018876
805.1313667	906.413	0.008669551	-0.006211459	-0.007019237
804.6280333	920.767	0.008698136	-0.006231332	-0.007018876
804.6280333	920.767	0.008698136	-0.006231332	-0.007018876
811.8090333	942.31	0.008726023	-0.006231332	-0.007018876
814.2027	949.491	0.008725557	-0.006231332	-0.007039224
814.2027	949.491	0.008725557	-0.006231332	-0.007039224
830.9587	999.759	0.008751614	-0.006251559	-0.007039224
829.4170333	992.578	0.00875208	-0.006231332	-0.007039224
830.9587	999.759	0.008751614	-0.006251559	-0.007039224
838.1390333	1021.3	0.008779501	-0.006251559	-0.007039224
841.3843667	1028.48	0.008779035	-0.006251559	-0.007059565
848.5677	1050.03	0.008777637	-0.006251559	-0.007059565
852.5023667	1064.39	0.00880599	-0.006251559	-0.007059565
857.2890333	1078.75	0.008805058	-0.006271793	-0.007059565
865.8257	1085.94	0.008804359	-0.006272154	-0.007059926
859.6823667	1085.93	0.008833875	-0.006271793	-0.007059565
871.6523667	1121.84	0.008860835	-0.00629202	-0.007079913
874.0457	1129.02	0.008860365	-0.00629202	-0.007079913
874.0457	1129.02	0.008860365	-0.00629202	-0.007079913
881.2257	1150.56	0.008858965	-0.00629202	-0.007100254
889.7623667	1157.75	0.008887555	-0.006292382	-0.007100615
884.4710333	1157.74	0.008887785	-0.00629202	-0.007100254
900.8803667	1193.66	0.008885225	-0.006292382	-0.007100615
890.8023667	1179.29	0.008915705	-0.00629202	-0.007100254
893.1957	1186.47	0.008915245	-0.006312255	-0.007100254
905.1657	1222.38	0.008942195	-0.006312255	-0.007120602
913.6990333	1229.56	0.008941495	-0.00633285	-0.007120963
906.0177	1222.38	0.008942195	-0.006312255	-0.007100254
914.7390333	1251.1	0.008969615	-0.006332489	-0.007120602
920.0303667	1251.11	0.008969385	-0.00633285	-0.007141304
927.2103667	1272.65	0.008967985	-0.00633285	-0.007141304
927.5610333	1287.01	0.008967285	-0.006352716	-0.007140943
934.7410333	1308.55	0.008995175	-0.006352716	-0.007161291
946.3603667	1330.1	0.009022825	-0.006353077	-0.007161652
936.2823667	1315.73	0.008994705	-0.006352716	-0.007161291
938.6757	1322.91	0.009023525	-0.006352716	-0.007161291
945.8557	1344.45	0.009022125	-0.00637295	-0.007181632
953.8910333	1366	0.009050045	-0.00637295	-0.007181632
953.0390333	1366	0.009050045	-0.00637295	-0.007181632
960.7237	1373.19	0.009078635	-0.006373311	-0.007181993
957.8257	1380.36	0.009078405	-0.006393184	-0.007181632
975.9357	1416.27	0.009105125	-0.006393539	-0.007202341
969.7957	1416.27	0.009076075	-0.006413412	-0.00720198
973.0410333	1423.45	0.009134175	-0.006413412	-0.00720198
977.8277	1437.81	0.009133245	-0.006413412	-0.007222321
974.5823667	1430.63	0.009133715	-0.006413412	-0.007222321
977.8277	1437.81	0.009133245	-0.006413412	-0.007222321
987.0537	1452.18	0.009161365	-0.006413773	-0.007222682
990.2990333	1459.36	0.009160895	-0.006434007	-0.00724303
987.0537	1452.18	0.009161365	-0.006434007	-0.00724303
993.7323667	1488.08	0.009159265	-0.006433646	-0.00726301
991.3390333	1480.9	0.009189015	-0.006453873	-0.00726301
998.5190333	1502.44	0.009187625	-0.006453873	-0.007242669
996.1257	1495.26	0.009217405	-0.006453873	-0.00726301
1006.2037	1509.63	0.009216235	-0.006474469	-0.007263371
1006.551033	1523.98	0.009244825	-0.006474107	-0.007283358
1005.699033	1523.98	0.009244825	-0.006494342	-0.007283358
1005.699033	1523.98	0.009215545	-0.006474107	-0.007283358
1010.489033	1538.35	0.009243895	-0.006494342	-0.007303699
1018.521033	1559.89	0.009271785	-0.006494342	-0.007303699
1018.521033	1559.89	0.009271785	-0.006514569	-0.007324047
1020.062367	1567.07	0.009271315	-0.006514569	-0.007324047
1025.3537	1567.08	0.009300365	-0.00651493	-0.007324408
1028.599033	1574.26	0.009299905	-0.006535164	-0.007324408
1027.242367	1588.61	0.009299205	-0.006534803	-0.007324047
1024.849033	1581.43	0.009299665	-0.006534803	-0.007344388
1034.4257	1610.16	0.009356375	-0.006555031	-0.007364736
1032.884367	1602.98	0.009327555	-0.006555031	-0.007364736
1042.962367	1617.35	0.009355675	-0.006555392	-0.007365097
1035.2777	1610.16	0.009356375	-0.006575265	-0.007364736
1034.4257	1610.16	0.009356375	-0.006575265	-0.007385077
1037.671033	1617.34	0.009385225	-0.006575265	-0.007385077
1039.212367	1624.52	0.009384755	-0.006595499	-0.007385077
1054.077033	1653.25	0.009411945	-0.00659586	-0.007405786
1046.392367	1646.06	0.009412645	-0.006595499	-0.007425766
1049.6377	1653.24	0.009412175	-0.006615726	-0.007425766
1052.034367	1660.43	0.009440995	-0.006615726	-0.007446114
1054.077033	1653.25	0.009441235	-0.006636322	-0.007446475
1061.260367	1674.8	0.009469115	-0.006636322	-0.007446475
1049.6377	1653.24	0.009470745	-0.006656194	-0.007466455
1056.470367	1660.43	0.009470045	-0.006656556	-0.007466816
1053.5757	1667.61	0.009469815	-0.006676422	-0.007466455
1051.182367	1660.43	0.009499565	-0.006676422	-0.007486803
1060.7557	1689.15	0.009497705	-0.006696656	-0.007507144
1060.7557	1689.15	0.009526985	-0.006696656	-0.007507144
1061.6077	1689.15	0.009526985	-0.006696656	-0.007507144
1060.7557	1689.15	0.009526985	-0.006716883	-0.007527492
1056.470367	1660.43	0.009528615	-0.006717245	-0.007507505
1063.6537	1681.98	0.009527225	-0.006717245	-0.007527853
1066.047033	1689.16	0.009556035	-0.006717245	-0.007527853
1064.001033	1696.33	0.009585125	-0.006737117	-0.007547833
1073.227033	1710.7	0.009583925	-0.006757713	-0.007548194
1068.7877	1710.69	0.009613475	-0.006757352	-0.007568181
1058.362367	1681.97	0.009615345	-0.006757352	-0.007547833
1071.184367	1717.88	0.009613015	-0.006777579	-0.007588522
1070.332367	1717.88	0.009613015	-0.006777579	-0.007588522
1068.440367	1696.34	0.009643465	-0.00677794	-0.007588883
1067.9357	1710.69	0.009642765	-0.006797813	-0.00760887
1065.542367	1703.51	0.009643225	-0.006818047	-0.00760887
1074.079033	1710.7	0.009671815	-0.006798174	-0.007609231
1071.6857	1703.52	0.009672275	-0.006818402	-0.007609231
1070.8337	1703.52	0.009701565	-0.006818402	-0.007629572
1066.394367	1703.51	0.009672515	-0.006818047	-0.007629211
1072.7257	1725.06	0.009729685	-0.006838275	-0.007649559
1067.9357	1710.69	0.009730615	-0.006838275	-0.007649559
1077.512367	1739.42	0.009758035	-0.006858509	-0.0076699
1071.184367	1717.88	0.009730145	-0.006858509	-0.0076699
1070.332367	1717.88	0.009730145	-0.006858509	-0.0076699
1071.184367	1717.88	0.009759435	-0.006878736	-0.007690248
1075.119033	1732.24	0.009787785	-0.006878736	-0.007690248
1075.620367	1717.88	0.009759205	-0.006899332	-0.007690609
1077.512367	1739.42	0.009787325	-0.00689897	-0.007710589
1075.971033	1732.24	0.009787785	-0.00689897	-0.007710589
1078.0137	1725.06	0.009817305	-0.006919566	-0.00771095
1072.7257	1725.06	0.009817575	-0.006919204	-0.007730936
1077.512367	1739.42	0.009816635	-0.006939432	-0.007730936
1080.7577	1746.6	0.009845455	-0.006939432	-0.007751278
1077.512367	1739.42	0.009845925	-0.006939432	-0.007751278
1071.184367	1717.88	0.009876605	-0.006959666	-0.007771625
1072.7257	1725.06	0.009846855	-0.006959666	-0.007771625
1072.7257	1725.06	0.009876135	-0.006959666	-0.007771625
1075.119033	1732.24	0.009875675	-0.0069799	-0.007791973
1075.620367	1717.88	0.009876375	-0.006980255	-0.007792328
1072.7257	1725.06	0.009905425	-0.007000128	-0.007791973
1085.197033	1746.61	0.009933075	-0.007000489	-0.007812676
1072.7257	1725.06	0.009934705	-0.007020362	-0.007832662
1082.299033	1753.78	0.009932845	-0.007020362	-0.007832662
1080.410367	1732.25	0.009963295	-0.007020723	-0.007833017
1067.9357	1710.69	0.009935645	-0.007020362	-0.007832662
1082.8037	1739.43	0.009962825	-0.00704095	-0.007853365
1075.119033	1732.24	0.009992815	-0.007040589	-0.007853003
1072.7257	1725.06	0.009993275	-0.007060823	-0.007873351
1075.119033	1732.24	0.009992815	-0.007060823	-0.007873351
1082.299033	1753.78	0.010020695	-0.007081057	-0.007893692
1072.7257	1725.06	0.010022565	-0.007081057	-0.007893692
1078.8657	1725.06	0.010022325	-0.007081418	-0.007894054
1078.364367	1739.42	0.010021635	-0.007101285	-0.00791404
1078.8657	1725.06	0.010051615	-0.007101646	-0.007914401
1074.079033	1710.7	0.010052545	-0.007101646	-0.007914401
1075.119033	1732.24	0.010051415	-0.007121519	-0.007934381
1077.512367	1739.42	0.010080235	-0.007121519	-0.007934381
1075.971033	1732.24	0.010080695	-0.007141746	-0.007954729
1075.119033	1732.24	0.010080695	-0.007141746	-0.007954729
1075.971033	1732.24	0.010109985	-0.00716198	-0.007954729
1088.442367	1753.79	0.010108355	-0.007162342	-0.007975431
1078.364367	1739.42	0.010138805	-0.00716198	-0.00797507
1078.0137	1725.06	0.010139505	-0.007162342	-0.007995779
1073.5777	1725.06	0.010139735	-0.007182214	-0.007995418
1075.971033	1732.24	0.010168555	-0.007182214	-0.008015759
1078.364367	1739.42	0.010168085	-0.007202442	-0.007995418
1078.364367	1739.42	0.010168085	-0.007222676	-0.008015759
1079.9057	1746.6	0.010196905	-0.007222676	-0.008036107
1085.197033	1746.61	0.010196675	-0.007223037	-0.008036468
1075.119033	1732.24	0.010197835	-0.007222676	-0.008036107
1077.512367	1739.42	0.010226655	-0.00724291	-0.008056448
1078.364367	1739.42	0.010226655	-0.00724291	-0.008056448
1089.9837	1760.97	0.010225025	-0.007243271	-0.008077157
1078.364367	1739.42	0.010255945	-0.007263138	-0.008076796
1083.6557	1739.43	0.010255705	-0.007263499	-0.008077157
1082.8037	1739.43	0.010255705	-0.007283733	-0.008097498
1080.410367	1732.25	0.010256175	-0.007283733	-0.008097498
1085.197033	1746.61	0.010284525	-0.00730396	-0.008117846
1078.0137	1725.06	0.010285925	-0.00730396	-0.008117846
1079.9057	1746.6	0.010314075	-0.007303599	-0.008137826
1079.9057	1746.6	0.010314075	-0.007323833	-0.008137826
1080.410367	1732.25	0.010314745	-0.007324194	-0.008158535
1077.512367	1739.42	0.010343825	-0.007323833	-0.008158174
1089.479033	1775.32	0.010370785	-0.007344067	-0.008178515
1080.7577	1746.6	0.010372645	-0.007344067	-0.008178515
1075.119033	1732.24	0.010373575	-0.007364295	-0.008178515
1088.442367	1753.79	0.010371945	-0.007364656	-0.008199224
1082.299033	1753.78	0.010401465	-0.007384529	-0.008198863
1092.377033	1768.15	0.010400295	-0.00738489	-0.008219565
1065.542367	1703.51	0.010404725	-0.007384529	-0.008219204
1077.512367	1739.42	0.010402395	-0.007404763	-0.008219204
1079.9057	1746.6	0.010431215	-0.007404763	-0.008239552
1080.7577	1746.6	0.010431215	-0.00742499	-0.008239552
1078.0137	1725.06	0.010432375	-0.007425352	-0.008239913
1075.119033	1732.24	0.010461435	-0.00742499	-0.008259893
1077.512367	1739.42	0.010460965	-0.00742499	-0.008259893
1078.364367	1739.42	0.010460965	-0.007445225	-0.008280241
1077.512367	1739.42	0.010490245	-0.007445225	-0.008280241
1083.151033	1753.78	0.010489315	-0.007465452	-0.008300582
1080.7577	1746.6	0.010519065	-0.007465452	-0.008300582
1083.151033	1753.78	0.010518605	-0.007485686	-0.00832093
1085.197033	1746.61	0.010548115	-0.007486047	-0.008321291
1079.9057	1746.6	0.010548385	-0.00750592	-0.00832093
1078.364367	1739.42	0.010548855	-0.00750592	-0.008341271
1075.119033	1732.24	0.010549315	-0.00750592	-0.00832093
1077.512367	1739.42	0.010548855	-0.00750592	-0.008341271
1082.8037	1739.43	0.010577905	-0.007506281	-0.008341632
1090.8357	1760.97	0.010605795	-0.007526509	-0.00836198
1079.9057	1746.6	0.010606955	-0.007546382	-0.008361619
1072.7257	1725.06	0.010608355	-0.007546382	-0.00838196
1085.197033	1746.61	0.010606725	-0.007546743	-0.008382321
1077.512367	1739.42	0.010607425	-0.007566616	-0.008402308
1080.7577	1746.6	0.010636235	-0.007566616	-0.008402308
1082.299033	1753.78	0.010665055	-0.007566616	-0.008422649
1079.9057	1746.6	0.010665525	-0.007586843	-0.008422649
1077.512367	1739.42	0.010665995	-0.007586843	-0.008422649
1078.364367	1739.42	0.010665995	-0.007586843	-0.008442997
1077.512367	1739.42	0.010665995	-0.007586843	-0.008442997
1080.410367	1732.25	0.010695505	-0.007607439	-0.008443358
1087.9377	1768.14	0.010722695	-0.007627305	-0.008463338
1084.692367	1760.96	0.010723165	-0.007627305	-0.008463338
1080.7577	1746.6	0.010724095	-0.007627305	-0.008483686
1085.197033	1746.61	0.010723865	-0.0076479	-0.008484047
1089.479033	1775.32	0.010751515	-0.007647539	-0.008504027
1075.971033	1732.24	0.010754305	-0.007647539	-0.008504027
1080.7577	1746.6	0.010782665	-0.007667773	-0.008504027
1082.8037	1739.43	0.010753615	-0.007668134	-0.008504388
1078.364367	1739.42	0.010783125	-0.007667773	-0.008524375
1085.544367	1760.96	0.010811045	-0.007688	-0.008524375
1078.364367	1739.42	0.010783125	-0.007688	-0.008524375
1082.299033	1753.78	0.010840795	-0.007688	-0.008544716
1080.7577	1746.6	0.010811985	-0.007708235	-0.008565064
1078.364367	1739.42	0.010812445	-0.007708235	-0.008565064
1078.364367	1739.42	0.010841735	-0.007708235	-0.008565064
1082.299033	1753.78	0.010870085	-0.007728462	-0.008585411
1079.9057	1746.6	0.010870545	-0.007728462	-0.008585411
1080.7577	1746.6	0.010870545	-0.007748696	-0.008605753
1078.364367	1739.42	0.010871015	-0.007748696	-0.008605753
1079.9057	1746.6	0.010899835	-0.007748696	-0.008605753
1079.9057	1746.6	0.010899835	-0.007748696	-0.0086261
1078.364367	1739.42	0.010929585	-0.00776893	-0.0086261
1080.7577	1746.6	0.010929115	-0.00776893	-0.008646441
1082.299033	1753.78	0.010928655	-0.00776893	-0.008646441
1087.590367	1753.79	0.010957705	-0.007789519	-0.008646803
1082.299033	1753.78	0.010957935	-0.007809392	-0.008666789
1077.512367	1739.42	0.010958865	-0.007809392	-0.008666789
1077.512367	1739.42	0.010988155	-0.007809392	-0.008666789
1085.544367	1760.96	0.010986755	-0.007829626	-0.008707478
1082.299033	1753.78	0.011016505	-0.007849853	-0.008707478
1085.197033	1746.61	0.011016735	-0.007850214	-0.008707839
1082.8037	1739.43	0.011017205	-0.007850214	-0.008707839
1079.9057	1746.6	0.011016975	-0.007870087	-0.008727819
1079.9057	1746.6	0.011046285	-0.007870087	-0.008727819
1078.364367	1739.42	0.011046755	-0.007870087	-0.008727819
1084.692367	1760.96	0.011045355	-0.007870087	-0.008748167
1082.299033	1753.78	0.011075105	-0.007890315	-0.008748167
1079.9057	1746.6	0.011075575	-0.007910549	-0.008768508
1079.9057	1746.6	0.011075575	-0.007910549	-0.008768508
1082.299033	1753.78	0.011104395	-0.007910549	-0.008788856
1080.7577	1746.6	0.011104855	-0.007910549	-0.008788856
1084.692367	1760.96	0.011133215	-0.007930783	-0.008788856
1079.9057	1746.6	0.011134145	-0.007930783	-0.008809197
1079.9057	1746.6	0.011134145	-0.00795101	-0.008809197
1077.512367	1739.42	0.011134605	-0.00795101	-0.008809197
1080.7577	1746.6	0.011163425	-0.00795101	-0.008829545
1087.0857	1768.14	0.011162025	-0.007971245	-0.008849886
1079.9057	1746.6	0.011163425	-0.007971245	-0.008849886
1073.5777	1725.06	0.011164825	-0.007991479	-0.008849886
1087.590367	1753.79	0.011192015	-0.00799184	-0.008850248
1079.9057	1746.6	0.011192715	-0.007991479	-0.008870234
1082.299033	1753.78	0.011221535	-0.008011706	-0.008870234
1085.197033	1746.61	0.011221765	-0.008012067	-0.008890936
1082.299033	1753.78	0.011221535	-0.00803194	-0.008890575
1077.512367	1739.42	0.011251745	-0.00803194	-0.008890575
1089.9837	1760.97	0.011279405	-0.008032301	-0.008911284
1090.8357	1760.97	0.011279405	-0.008052529	-0.008911284
1084.692367	1760.96	0.011279665	-0.008052168	-0.008931264
1087.0857	1768.14	0.011308485	-0.008072402	-0.008931264
1089.9837	1760.97	0.011308715	-0.008072763	-0.008931625
1080.7577	1746.6	0.011309885	-0.008072402	-0.008951612
1084.692367	1760.96	0.011308955	-0.008072402	-0.008971953
1083.151033	1753.78	0.011338705	-0.008072402	-0.008971953
1084.692367	1760.96	0.011338235	-0.008092636	-0.008971953
1082.299033	1753.78	0.011367985	-0.008112863	-0.008971953
1082.299033	1753.78	0.011338705	-0.008112863	-0.008992301
1082.8037	1739.43	0.011368685	-0.008113225	-0.008992662
1082.299033	1753.78	0.011367985	-0.008112863	-0.008992301
1082.299033	1753.78	0.011397275	-0.008133097	-0.009012642
1079.9057	1746.6	0.011397735	-0.008133097	-0.009012642
1087.0857	1768.14	0.011425625	-0.008153332	-0.00903299
1087.0857	1768.14	0.011425625	-0.008153332	-0.00903299
1077.512367	1739.42	0.011427485	-0.008153332	-0.00903299
1085.544367	1760.96	0.011426085	-0.008173559	-0.009053331
1087.0857	1768.14	0.011454905	-0.008173559	-0.009053331
1087.9377	1768.14	0.011454905	-0.008193793	-0.009073679
1077.512367	1739.42	0.011456775	-0.008193793	-0.009073679
1082.299033	1753.78	0.011485125	-0.008193793	-0.00909402
1080.7577	1746.6	0.011485595	-0.008193793	-0.00909402
1085.544367	1760.96	0.011513945	-0.008193793	-0.00909402
1087.590367	1753.79	0.011484895	-0.008214382	-0.009114729
1098.0157	1782.51	0.011541635	-0.008214382	-0.009114729
1079.9057	1746.6	0.011514875	-0.00821402	-0.009134709
1082.299033	1753.78	0.011543725	-0.008234255	-0.009134709
1077.512367	1739.42	0.011544655	-0.008234255	-0.009134709
1079.9057	1746.6	0.011573475	-0.008234255	-0.009155057
1078.364367	1739.42	0.011573945	-0.008234255	-0.009155057
1078.364367	1739.42	0.011573945	-0.008254489	-0.009175398
1084.692367	1760.96	0.011572545	-0.008274716	-0.009175398
1085.544367	1760.96	0.011601835	-0.008274716	-0.009175398
1084.692367	1760.96	0.011631115	-0.00829495	-0.009195746
1082.299033	1753.78	0.011631585	-0.00829495	-0.009195746
1084.692367	1760.96	0.011631115	-0.00829495	-0.009216087
1087.0857	1768.14	0.011659935	-0.00829495	-0.009216087
1083.151033	1753.78	0.011631585	-0.00829495	-0.009216087
1079.9057	1746.6	0.011661335	-0.008315184	-0.009236435
1087.590367	1753.79	0.011660635	-0.008315539	-0.009236796
1084.692367	1760.96	0.011689685	-0.008315184	-0.009236435
1082.299033	1753.78	0.011690145	-0.008335412	-0.009256776
1087.0857	1768.14	0.011718505	-0.008335412	-0.009256776
1087.9377	1768.14	0.011718505	-0.008355646	-0.009256776
1082.299033	1753.78	0.011719435	-0.008355646	-0.009277124
1087.0857	1768.14	0.011747785	-0.008375873	-0.009297465
1084.692367	1760.96	0.011748255	-0.008375873	-0.009297465
1087.590367	1753.79	0.011748485	-0.008376235	-0.009297826
1089.9837	1760.97	0.011748015	-0.008376235	-0.009318174
1084.692367	1760.96	0.011748255	-0.008396107	-0.009317813
1082.299033	1753.78	0.011778035	-0.008396107	-0.009317813
1082.299033	1753.78	0.011778035	-0.008396107	-0.009338154
1087.590367	1753.79	0.011807085	-0.008396469	-0.009338515
1091.8757	1782.51	0.011805455	-0.008396107	-0.009338154
1083.151033	1753.78	0.011807325	-0.008416342	-0.009358502
1087.0857	1768.14	0.011835675	-0.008416342	-0.009358502
1089.479033	1775.32	0.011835205	-0.008436569	-0.00937885
1083.151033	1753.78	0.011865895	-0.008436569	-0.00937885
1084.692367	1760.96	0.011836135	-0.008456803	-0.00937885
1087.0857	1768.14	0.011864955	-0.008456803	-0.009399191
1085.544367	1760.96	0.011865425	-0.008456803	-0.009419538
1084.692367	1760.96	0.011894705	-0.008477031	-0.009419538
1082.299033	1753.78	0.011895175	-0.008477031	-0.009419538
1084.692367	1760.96	0.011894705	-0.008477031	-0.009419538
1082.299033	1753.78	0.011924455	-0.008477031	-0.00943988
1085.197033	1746.61	0.011924695	-0.008497626	-0.009440241
1089.479033	1775.32	0.011952345	-0.008497265	-0.00943988
1086.049033	1746.61	0.011953975	-0.008497626	-0.009460582
1087.0857	1768.14	0.011952815	-0.008517499	-0.009460227
1089.479033	1775.32	0.011981635	-0.008517499	-0.009480569
1089.479033	1775.32	0.011981635	-0.008537726	-0.009480569
1087.0857	1768.14	0.011982095	-0.008537726	-0.009500916
1087.9377	1768.14	0.012011385	-0.008537726	-0.009500916
1090.331033	1775.32	0.012010945	-0.008537726	-0.009500916
1092.377033	1768.15	0.012011145	-0.008558322	-0.009521619
1094.770367	1775.33	0.012040005	-0.008558322	-0.009521619
1084.692367	1760.96	0.012041165	-0.00855796	-0.009541605
1087.0857	1768.14	0.012069985	-0.008578194	-0.009541605
1087.590367	1753.79	0.012041365	-0.008578556	-0.009541967
1087.0857	1768.14	0.012069985	-0.008598422	-0.009561947
1079.9057	1746.6	0.012071385	-0.008598422	-0.009561947
1090.331033	1775.32	0.012098805	-0.008598422	-0.009582294
1084.692367	1760.96	0.012099735	-0.008618656	-0.009582294
1082.299033	1753.78	0.012100195	-0.008618656	-0.009582294
1087.0857	1768.14	0.012128555	-0.008618656	-0.009602635
1092.7277	1782.51	0.012127625	-0.008638883	-0.009602635
1089.479033	1775.32	0.012157375	-0.008638883	-0.009622983
1080.7577	1746.6	0.012129955	-0.008638883	-0.009622983
1093.229033	1768.15	0.012157605	-0.008639245	-0.009623345
1089.479033	1775.32	0.012186655	-0.008659117	-0.009643324
1089.9837	1760.97	0.012187355	-0.008659479	-0.009643686
1096.662367	1796.87	0.012214545	-0.008679352	-0.009663672
1087.9377	1768.14	0.012187125	-0.008679352	-0.009663672
1084.692367	1760.96	0.012216875	-0.008679352	-0.009663672
1087.0857	1768.14	0.012216405	-0.008679352	-0.009663672
1087.0857	1768.14	0.012216405	-0.008699579	-0.009684013
1091.8757	1782.51	0.012244755	-0.008719813	-0.009684013
1082.299033	1753.78	0.012246625	-0.008719813	-0.009704361
1089.479033	1775.32	0.012274545	-0.008719813	-0.009704361
1087.0857	1768.14	0.012275005	-0.008740047	-0.009704361
1090.8357	1760.97	0.012275205	-0.008740402	-0.009725064
1087.0857	1768.14	0.012275005	-0.008740047	-0.009724702
1085.544367	1760.96	0.012304755	-0.008760275	-0.009724702
1084.692367	1760.96	0.012304755	-0.008760275	-0.00974505
1089.9837	1760.97	0.012304525	-0.008760636	-0.009745411
1087.9377	1768.14	0.012333575	-0.008760275	-0.009765391
1085.197033	1746.61	0.012334745	-0.00878087	-0.009765753
1084.692367	1760.96	0.012363325	-0.008780509	-0.009765391
1096.662367	1796.87	0.012360995	-0.008800736	-0.009785739
1086.049033	1746.61	0.012364025	-0.008801097	-0.0097861
1087.0857	1768.14	0.012392145	-0.00882097	-0.00980608
1082.299033	1753.78	0.012393075	-0.00882097	-0.00980608
