16-8				
p	q	astrain	rstrain1	rstrain2
2505.4916	11.9568	0	0	0
2510.291867	26.3576	-9.01E-07	0	0
2519.8924	55.1592	2.6642E-05	0	0
2514.609633	55.1509	-2.535E-06	3.48E-07	3.48E-07
2531.8931	91.1613	0.000053717	0	0
2536.693333	105.562	5.2817E-05	0	0
2532.262667	105.554	5.2984E-05	-1.9906E-05	3.48E-07
2546.294	134.364	8.036E-05	-2.0255E-05	0
2551.094333	148.765	7.9426E-05	0	0
2551.946333	148.765	7.9426E-05	-2.0255E-05	0
2556.746333	163.165	7.8526E-05	-2.0255E-05	0
2554.346333	155.965	0.000108336	-2.0255E-05	-2.0375E-05
2551.463667	163.157	0.000108069	-1.9906E-05	3.48E-07
2565.495	191.967	0.000135411	-2.0255E-05	0
2573.547333	213.568	0.000134044	-2.0255E-05	-2.0375E-05
2573.547333	213.568	0.000134044	-2.0255E-05	-2.0375E-05
2570.664667	220.76	0.000163121	-1.9906E-05	-2.0027E-05
2572.213	227.961	0.00019203	-1.9906E-05	-2.0027E-05
2587.096333	256.771	0.00019003	-2.0255E-05	-2.0375E-05
2590.348333	263.971	0.000189563	-2.0255E-05	-2.0375E-05
2585.065667	263.963	0.000189763	-1.9906E-05	-2.0027E-05
2590.348333	263.971	0.000189563	-2.0255E-05	-2.0375E-05
2592.748667	271.172	0.000218472	-2.0255E-05	-2.0375E-05
2604.749333	307.174	0.000245548	-2.0255E-05	-2.0375E-05
2601.497	299.973	0.000246015	-2.0255E-05	-2.0375E-05
2597.066333	299.965	0.000216838	-1.9906E-05	-2.0027E-05
2611.097667	328.775	0.000244181	-2.0255E-05	-2.0375E-05
2608.697333	321.574	0.000244648	-0.000040516	-2.0375E-05
2608.697333	321.574	0.000273991	-0.000040516	-2.0375E-05
2616.75	343.176	0.000301967	-0.000040516	-2.0375E-05
2620.698	357.576	0.000271723	-0.000040516	-2.0375E-05
2620.215667	371.969	0.000300333	-4.0167E-05	-2.0027E-05
2627.898667	379.178	0.000299699	-0.000040516	-2.0375E-05
2625.498333	371.977	0.000329509	-0.000040516	-2.0375E-05
2630.298667	386.378	0.000328609	-0.000040516	-2.0375E-05
2635.099	400.779	0.000357052	-0.000040516	-4.0744E-05
2639.416667	429.572	0.000355418	-4.0167E-05	-2.0027E-05
2641.817	436.773	0.000354951	-4.0167E-05	-2.0027E-05
2641.817	436.773	0.000384294	-4.0167E-05	-2.0027E-05
2645.551667	429.581	0.000384594	-0.000040516	-4.0744E-05
2646.617	451.173	0.000412737	-4.0167E-05	-4.0395E-05
2656.700333	465.583	0.00041167	-0.000040516	-4.0744E-05
2663.900667	487.184	0.000410303	-0.000040516	-4.0744E-05
2662.352333	479.983	0.00041077	-6.0777E-05	-4.0744E-05
2668.701	501.585	0.000438746	-6.0777E-05	-4.0744E-05
2669.553	501.585	0.000468089	-6.0777E-05	-4.0744E-05
2663.418	501.576	0.000438913	-6.0422E-05	-4.0395E-05
2671.470667	523.178	0.000466922	-6.0422E-05	-4.0395E-05
2673.501	515.985	0.000467189	-6.0777E-05	-4.0744E-05
2683.101667	544.787	0.000494731	-6.0777E-05	-4.0744E-05
2680.701667	537.587	0.000495165	-6.0777E-05	-4.0744E-05
2677.819	544.779	0.000494898	-6.0422E-05	-4.0395E-05
2685.502	551.988	0.000494264	-6.0777E-05	-4.0744E-05
2689.819667	580.781	0.000521974	-6.0422E-05	-4.0395E-05
2699.902667	595.19	0.00055025	-6.0777E-05	-4.0744E-05
2689.819667	580.781	0.000551317	-6.0422E-05	-4.0395E-05
2699.902667	595.19	0.00055025	-6.0777E-05	-4.0744E-05
2709.503333	623.992	0.000548416	-6.0777E-05	-4.0744E-05
2719.103667	652.793	0.000605301	-6.0777E-05	-4.0744E-05
2716.703667	645.593	0.000576425	-6.0777E-05	-4.0744E-05
2711.903333	631.192	0.000577325	-6.0777E-05	-4.0744E-05
2717.073	659.985	0.000605035	-6.0422E-05	-4.0395E-05
2719.103667	652.793	0.000605301	-6.0777E-05	-4.0744E-05
2716.703667	645.593	0.000635111	-6.0777E-05	-4.0744E-05
2718.621333	667.186	0.000633911	-6.0422E-05	-4.0395E-05
2731.104333	688.795	0.00063241	-6.0777E-05	-6.1119E-05
2729.556333	681.595	0.000632844	-6.0777E-05	-4.0744E-05
2733.874	710.388	0.000660553	-6.0422E-05	-6.0771E-05
2735.904667	703.196	0.00066082	-8.1031E-05	-6.1119E-05
2733.022	710.388	0.000689896	-6.0422E-05	-6.0771E-05
2737.822333	724.789	0.000688996	-6.0422E-05	-6.0771E-05
2746.357333	731.998	0.000688362	-8.1031E-05	-6.1119E-05
2749.823	760.791	0.000716072	-8.0683E-05	-6.0771E-05
2757.506	768	0.000744814	-8.1031E-05	-6.1119E-05
2757.506	768	0.000744814	-8.1031E-05	-6.1119E-05
2757.506	768	0.000744814	-8.1031E-05	-6.1119E-05
2759.906	775.2	0.000744348	-8.1031E-05	-6.1119E-05
2767.106333	796.801	0.000772324	-8.1031E-05	-6.1119E-05
2767.958333	796.801	0.000772324	-8.1031E-05	-6.1119E-05
2776.224667	839.996	0.000799133	-8.0683E-05	-6.0771E-05
2778.624667	847.196	0.000798666	-8.0683E-05	-6.0771E-05
2773.824333	832.795	0.000799599	-8.0683E-05	-6.0771E-05
2779.959	832.803	0.000799399	-8.1031E-05	-6.1119E-05
2781.507333	840.004	0.000828309	-8.1031E-05	-6.1119E-05
2783.425	861.597	0.000856485	-0.000100944	-6.0771E-05
2800.708333	897.607	0.000854018	-0.000101293	-6.1119E-05
2800.708333	897.607	0.000854018	-0.000101293	-6.1119E-05
2800.708333	897.607	0.000883361	-0.000101293	-6.1119E-05
2793.025333	890.398	0.000854651	-8.0683E-05	-6.0771E-05
2806.360667	912.008	0.00088246	-0.000101293	-6.1119E-05
2815.961333	940.81	0.000910003	-0.000101293	-6.1119E-05
2800.226	912	0.000912004	-0.000100944	-6.0771E-05
2809.826333	940.801	0.00091017	-0.000100944	-0.000081139
2820.761333	955.21	0.000938446	-0.000101293	-8.1487E-05
2825.561667	969.611	0.000937545	-0.000101293	-8.1487E-05
2824.709667	969.611	0.000937545	-0.000101293	-8.1487E-05
2819.427	969.603	0.000937712	-0.000100944	-0.000081139
2833.829333	1012.81	0.000993697	-0.000100944	-0.000081139
2839.109333	1012.81	0.000993531	-0.000101293	-8.1487E-05
2836.229333	1020.01	0.000993231	-0.000100944	-0.000081139
2841.509333	1020.01	0.000993064	-0.000101293	-8.1487E-05
2843.909333	1027.21	0.00102194	-0.000101293	-8.1487E-05
2858.312667	1070.42	0.001019239	-0.000101293	-8.1487E-05
2860.712667	1077.62	0.001018772	-0.000121554	-8.1487E-05
2856.764667	1063.22	0.001049049	-0.000121554	-8.1487E-05
2856.764667	1063.22	0.001049049	-0.000121554	-8.1487E-05
2855.429333	1077.61	0.001077659	-0.000100944	-0.000081139
2863.112667	1084.82	0.001077025	-0.000121554	-8.1487E-05
2861.564667	1077.62	0.001077492	-0.000121554	-8.1487E-05
2869.829333	1120.81	0.001104268	-0.000121199	-0.000081139
2863.481333	1099.21	0.001105635	-0.000121199	-0.000081139
2877.029333	1142.41	0.001102934	-0.000121199	-0.000081139
2885.564667	1149.62	0.001131643	-0.000121554	-8.1487E-05
2877.881333	1142.41	0.001132277	-0.000121199	-0.000081139
2886.629333	1171.21	0.001130443	-0.000121199	-0.000081139
2896.712667	1185.62	0.001158719	-0.000121554	-0.000101862
2885.081333	1164.01	0.001160253	-0.00014146	-0.000101514
2899.112667	1192.82	0.001158286	-0.000141808	-8.1487E-05
2901.032667	1214.42	0.001186428	-0.000121199	-0.000081139
2904.764667	1207.22	0.001186695	-0.000121554	-0.000101862
2911.968	1228.83	0.001214704	-0.000141808	-0.000101862
2905.832667	1228.82	0.001214871	-0.00014146	-0.000081139
2918.316	1250.43	0.001213337	-0.000141808	-0.000101862
2926.368	1272.03	0.001241313	-0.000141808	-0.000101862
2928.284667	1293.62	0.001269489	-0.00014146	-0.000101514
2932.716	1293.63	0.00123998	-0.000141808	-0.000101862
2935.116	1300.83	0.001268856	-0.000141808	-0.000101862
2925.516	1272.03	0.001270656	-0.000121554	-0.000101862
2938.368	1308.03	0.001268422	-0.000141808	-0.000101862
2933.084667	1308.02	0.001297932	-0.00014146	-0.000101514
2951.916	1351.23	0.001295031	-0.000141808	-0.000101862
2949.516	1344.03	0.001295498	-0.000141808	-0.000101862
2949.888	1358.43	0.001324108	-0.00014146	-0.000101514
2951.916	1351.23	0.001295031	-0.000141808	-0.000122237
2952.768	1351.23	0.001324374	-0.000141808	-0.000101862
2959.116	1372.83	0.001323007	-0.000141808	-0.000101862
2954.316	1358.43	0.001353284	-0.000141808	-0.000101862
2968.719333	1401.64	0.00135055	-0.00016207	-0.000122237
2978.319333	1430.44	0.001378092	-0.00016207	-0.000101862
2975.919333	1423.24	0.001407902	-0.00016207	-0.000101862
2974.371333	1416.04	0.001378993	-0.00016207	-0.000122237
2968.236	1416.03	0.001408502	-0.000161721	-0.000101514
2979.171333	1430.44	0.001407435	-0.00016207	-0.000122237
2991.171333	1466.44	0.001434511	-0.00016207	-0.000122237
2997.888	1502.43	0.001432444	-0.000161721	-0.000121882
2985.036	1466.43	0.001434678	-0.000161721	-0.000121882
2994.636	1495.23	0.00146222	-0.000161721	-0.000121882
2999.919333	1495.24	0.001462054	-0.00016207	-0.000122237
3007.119333	1516.84	0.001460686	-0.00016207	-0.000122237
3002.319333	1502.44	0.001490963	-0.00016207	-0.000122237
3007.971333	1516.84	0.00149003	-0.00016207	-0.000122237
3015.171333	1538.44	0.001518039	-0.00016207	-0.000122237
3004.236	1524.03	0.001519106	-0.000161721	-0.000121882
3024.774667	1567.25	0.001545548	-0.00016207	-0.000142606
3013.839333	1552.84	0.001517305	-0.000161721	-0.000121882
3029.574667	1581.65	0.001544648	-0.000182324	-0.000122237
3029.574667	1581.65	0.001573991	-0.000182324	-0.000122237
3026.322667	1574.45	0.001545115	-0.000182324	-0.000122237
3031.974667	1588.85	0.001573557	-0.000182324	-0.000122237
3033.039333	1610.44	0.001572357	-0.000181976	-0.000121882
3041.574667	1617.65	0.001571723	-0.000182324	-0.000142606
3043.122667	1624.85	0.001600633	-0.000182324	-0.000142606
3043.122667	1624.85	0.001629976	-0.000182324	-0.000142606
3055.974667	1660.85	0.001627709	-0.000182324	-0.000142606
3052.239333	1668.04	0.001627442	-0.000181976	-0.000142258
3062.322667	1682.45	0.001655718	-0.000182324	-0.000142606
3067.122667	1696.85	0.001654784	-0.000182324	-0.000142606
3060.291333	1689.64	0.001655418	-0.000181976	-0.000142258
3069.522667	1704.05	0.001683694	-0.000202585	-0.000142606
3073.842667	1732.85	0.00168206	-0.000181976	-0.000142258
3087.178	1754.46	0.001709869	-0.000202585	-0.000142606
3079.122667	1732.85	0.001681893	-0.000202585	-0.000142606
3100.726	1797.66	0.001707135	-0.000202585	-0.000142606
3081.894667	1754.45	0.001739379	-0.000202237	-0.000142258
3093.526	1776.06	0.001737845	-0.000182324	-0.000142606
3093.526	1776.06	0.001737845	-0.000202585	-0.000142606
3091.978	1768.86	0.001767655	-0.000202585	-0.000142606
3097.842667	1804.85	0.001765555	-0.000202237	-0.000142258
3110.326	1826.46	0.001793364	-0.000202585	-0.000162981
3107.442667	1833.65	0.001793097	-0.000202237	-0.000162626
3110.326	1826.46	0.001793364	-0.000202585	-0.000142606
3114.642667	1855.25	0.001821073	-0.000202237	-0.000162626
3119.926	1855.26	0.001820907	-0.000202585	-0.000162981
3127.126	1876.86	0.001819539	-0.000222847	-0.000162981
3121.842667	1876.85	0.001849083	-0.000222492	-0.000162626
3139.126	1912.86	0.001846648	-0.000222847	-0.000162981
3139.978	1912.86	0.001846648	-0.000222847	-0.000162981
3139.978	1912.86	0.001875992	-0.000222847	-0.000162981
3139.126	1912.86	0.001875992	-0.000222847	-0.000162981
3139.126	1912.86	0.001905335	-0.000202585	-0.000162981
3146.329333	1934.47	0.001874624	-0.000222847	-0.000162981
3158.329333	1970.47	0.0019017	-0.000222847	-0.000162981
3155.929333	1963.27	0.00193151	-0.000222847	-0.000162981
3162.646	1999.26	0.001929409	-0.000222492	-0.000162626
3160.246	1992.06	0.001929876	-0.000222492	-0.000162626
3160.729333	1977.67	0.00193061	-0.000222847	-0.000162981
3163.129333	1984.87	0.001930143	-0.000222847	-0.000162981
3175.129333	2020.87	0.001986562	-0.000222847	-0.000162981
3170.329333	2006.47	0.001958119	-0.000222847	-0.000162981
3184.729333	2049.67	0.001984761	-0.000222847	-0.000162981
3184.729333	2049.67	0.002014104	-0.000243101	-0.000183349
3185.101333	2064.07	0.002013371	-0.000242753	-0.000183001
3187.501333	2071.27	0.002012904	-0.000222492	-0.000183001
3187.501333	2071.27	0.00204228	-0.000242753	-0.000183001
3196.729333	2085.67	0.00204118	-0.000243101	-0.000183349
3211.132667	2128.88	0.002067822	-0.000243101	-0.000183349
3198.649333	2107.27	0.002069356	-0.000242753	-0.000183001
3204.784667	2107.28	0.002069189	-0.000243101	-0.000183349
3213.532667	2136.08	0.002067355	-0.000243101	-0.000183349
3177.529333	2028.07	0.002044814	-0.000243101	-0.000162981
3259.136	2272.89	0.002176125	-0.000263362	-0.000203724
3201.901333	2114.47	0.002098232	-0.000263014	-0.000183001
3213.049333	2150.47	0.002125308	-0.000263014	-0.000183001
3206.332667	2114.48	0.002127409	-0.000243101	-0.000183349
3225.532667	2172.08	0.002153151	-0.000263362	-0.000183349
3218.332667	2150.48	0.002154484	-0.000263362	-0.000183349
3225.901333	2186.47	0.00218176	-0.000263014	-0.000183001
3199.501333	2107.27	0.002128042	-0.000263014	-0.000183001
3225.532667	2172.08	0.002211837	-0.000263362	-0.000203724
3223.132667	2164.88	0.002182927	-0.000263362	-0.000203724
3230.332667	2186.48	0.002210937	-0.000263362	-0.000203724
3230.701333	2200.87	0.002210203	-0.000263014	-0.000183001
3250.384667	2244.08	0.002207302	-0.000263362	-0.000203724
3245.104667	2244.08	0.002236812	-0.000263014	-0.000203369
3257.588	2265.69	0.002235278	-0.000263362	-0.000203724
3263.936	2287.29	0.002233911	-0.000263362	-0.000203724
3267.188	2294.49	0.00226282	-0.000263362	-0.000203724
3278.336	2330.49	0.002260553	-0.000283624	-0.000203724
3295.988	2380.89	0.002286728	-0.000283624	-0.000203724
3293.588	2373.69	0.002287195	-0.000283624	-0.000203724
3283.504667	2359.28	0.002288262	-0.000283269	-0.000203369
3290.336	2366.49	0.002316972	-0.000283624	-0.000203724
3335.939333	2503.3	0.002337712	-0.000283624	-0.000224093
3289.852667	2380.88	0.002316238	-0.000283269	-0.000203369
3297.536	2388.09	0.002344981	-0.000283624	-0.000203724
3309.536	2424.09	0.002372057	-0.000283624	-0.000224093
3322.391333	2460.1	0.002369789	-0.000283624	-0.000224093
3299.452667	2409.68	0.002373124	-0.00030353	-0.000203369
3376.742667	2625.71	0.002447415	-0.000303878	-0.000224093
3299.936	2395.29	0.002373857	-0.000283624	-0.000203724
3301.856	2416.89	0.002402034	-0.00030353	-0.000203369
3313.856	2452.89	0.002399766	-0.00030353	-0.000223744
3338.339333	2510.5	0.002425308	-0.000303878	-0.000224093
3317.591333	2445.7	0.002429376	-0.000303878	-0.000224093
3339.191333	2510.5	0.002454651	-0.000303878	-0.000203724
3333.539333	2496.1	0.002455551	-0.000303878	-0.000224093
3323.456	2481.69	0.002456652	-0.00030353	-0.000223744
3383.942667	2647.31	0.002534078	-0.000303878	-0.000224093
3345.539333	2532.1	0.00248266	-0.000303878	-0.000224093
3340.256	2532.09	0.002482827	-0.00030353	-0.000223744
3351.191333	2546.5	0.002481727	-0.000303878	-0.000224093
3365.111333	2604.1	0.002507635	-0.000323791	-0.000223744
3311.936	2431.29	0.002459653	-0.000303878	-0.000224093
3394.394667	2676.11	0.00256162	-0.000324139	-0.000244468
3309.056	2438.49	0.002488696	-0.00030353	-0.000223744
3333.539333	2496.1	0.002514271	-0.000303878	-0.000224093
3381.542667	2640.11	0.002563887	-0.000324139	-0.000244468
3376.742667	2625.71	0.002564788	-0.000324139	-0.000224093
3382.394667	2640.11	0.002563887	-0.000324139	-0.000244468
3355.139333	2560.9	0.002568889	-0.000324139	-0.000224093
3422.714667	2776.91	0.002672857	-0.000344046	-0.000244113
3371.459333	2625.7	0.002594331	-0.000323791	-0.000244113
3388.742667	2661.71	0.002621207	-0.000324139	-0.000244468
3393.542667	2676.11	0.002620306	-0.000324139	-0.000244468
3388.259333	2676.1	0.002649849	-0.000323791	-0.000244113
3403.142667	2704.91	0.002647849	-0.000324139	-0.000244468
3402.659333	2719.3	0.002647115	-0.000344046	-0.000244113
3407.942667	2719.31	0.002676292	-0.000344394	-0.000244468
3413.111333	2748.1	0.002674658	-0.000344046	-0.000244113
3431.942667	2791.31	0.002671757	-0.000364655	-0.000244468
3429.542667	2784.11	0.002701567	-0.000344394	-0.000244468
3432.314667	2805.71	0.002700366	-0.000344046	-0.000244113
3441.546	2820.12	0.002699299	-0.000344394	-0.000244468
3455.946	2863.32	0.002725908	-0.000344394	-0.000264836
3459.198	2870.52	0.002754818	-0.000344394	-0.000244468
3454.398	2856.12	0.002726375	-0.000344394	-0.000264836
3462.662667	2899.31	0.002753184	-0.000344046	-0.000244113
3467.946	2899.32	0.002753017	-0.000344394	-0.000264836
3482.346	2942.52	0.002779626	-0.000364655	-0.000264836
3472.262667	2928.11	0.002780726	-0.000364307	-0.000264488
3490.398	2964.12	0.002807635	-0.000364655	-0.000264836
3487.146	2956.92	0.002808069	-0.000364655	-0.000264836
3489.546	2964.12	0.002836979	-0.000364655	-0.000264836
3485.118	2964.12	0.002807802	-0.000364307	-0.000264488
3497.601333	2985.73	0.002835611	-0.000364655	-0.000264836
3512.001333	3028.93	0.002832877	-0.000364655	-0.000264836
3510.666	3043.32	0.00286152	-0.000364307	-0.000264488
3515.466	3057.72	0.002860586	-0.000364307	-0.000264488
3520.749333	3057.73	0.002889763	-0.000364655	-0.000285211
3527.949333	3079.33	0.002888396	-0.000384916	-0.000285211
3530.349333	3086.53	0.002917305	-0.000384916	-0.000285211
3535.149333	3100.93	0.002916405	-0.000384916	-0.000285211
3527.949333	3079.33	0.002917772	-0.000384916	-0.000285211
3527.466	3093.72	0.002917039	-0.000384561	-0.000284856
3537.549333	3108.13	0.002945281	-0.000364655	-0.000285211
3555.204667	3158.54	0.002971457	-0.000384916	-0.000285211
3550.404667	3144.14	0.002943014	-0.000384916	-0.000285211
3563.952667	3187.34	0.002969656	-0.000384916	-0.000285211
3566.352667	3194.54	0.002969189	-0.000405171	-0.000285211
3559.521333	3187.33	0.002969823	-0.000384561	-0.000284856
3556.269333	3180.13	0.00297029	-0.000384561	-0.000284856
3564.321333	3201.73	0.002998266	-0.000384561	-0.000284856
3566.721333	3208.93	0.003027175	-0.000404822	-0.000284856
3583.152667	3244.94	0.003024741	-0.000384916	-0.00030558
3588.804667	3259.34	0.003053151	-0.000405171	-0.00030558
3577.869333	3244.93	0.003024908	-0.000384561	-0.000284856
3595.152667	3280.94	0.003051817	-0.000405171	-0.00030558
3595.524667	3295.34	0.003051083	-0.000404822	-0.000305231
3594.672667	3295.34	0.003080426	-0.000404822	-0.000305231
3603.204667	3302.54	0.003079793	-0.000405171	-0.00030558
3607.152667	3316.94	0.003108236	-0.000405171	-0.00030558
3602.352667	3302.54	0.003109136	-0.000405171	-0.00030558
3614.724667	3352.94	0.003106135	-0.000404822	-0.000305231
3627.208	3374.55	0.003133944	-0.000405171	-0.00030558
3625.872667	3388.94	0.003133211	-0.000425084	-0.000305231
3626.356	3374.55	0.003133944	-0.000425432	-0.00030558
3633.556	3396.15	0.003161954	-0.000425432	-0.00030558
3629.124667	3396.14	0.00316212	-0.000425084	-0.000305231
3630.672667	3403.34	0.003161653	-0.000425084	-0.0003256
3638.724667	3424.94	0.003189663	-0.000425084	-0.0003256
3640.272667	3432.14	0.003189196	-0.000425084	-0.0003256
3651.208	3446.55	0.003217472	-0.000425432	-0.000325955
3667.159333	3496.96	0.003214304	-0.000425432	-0.000325955
3669.559333	3504.16	0.003243181	-0.000425432	-0.00030558
3669.928	3518.55	0.003242447	-0.000425084	-0.0003256
3669.559333	3504.16	0.003243181	-0.000445693	-0.000325955
3669.559333	3504.16	0.003243181	-0.000445693	-0.000325955
3671.959333	3511.36	0.00327209	-0.000445693	-0.000325955
3672.328	3525.75	0.003271357	-0.000445338	-0.0003256
3673.876	3532.95	0.003300233	-0.000445338	-0.0003256
3691.159333	3568.96	0.003297799	-0.000445693	-0.000325955
3693.559333	3576.16	0.003297365	-0.000445693	-0.000325955
3700.759333	3597.76	0.003325341	-0.000445693	-0.000325955
3696.328	3597.75	0.003325508	-0.000445338	-0.000345975
3702.676	3619.35	0.003353484	-0.000445338	-0.0003256
3710.359333	3626.56	0.003352884	-0.000445693	-0.000325955
3702.676	3619.35	0.00338286	-0.000465599	-0.000345975
3711.211333	3626.56	0.003352884	-0.000445693	-0.000346323
3712.759333	3633.76	0.00338176	-0.000465948	-0.000325955
3721.879333	3676.96	0.003408569	-0.000465599	-0.0003256
3721.879333	3676.96	0.003408569	-0.000465599	-0.000345975
3740.014667	3712.97	0.003406135	-0.000465948	-0.000346323
3736.762667	3705.77	0.003406568	-0.000465948	-0.000346323
3736.762667	3705.77	0.003435945	-0.000465948	-0.000346323
3736.762667	3705.77	0.003435945	-0.000465948	-0.000346323
3738.679333	3727.36	0.003464088	-0.000465599	-0.000345975
3747.214667	3734.57	0.003434111	-0.000465948	-0.000346323
3763.162667	3784.97	0.003489629	-0.000465948	-0.000366698
3758.362667	3770.57	0.003461187	-0.000465948	-0.000346323
3765.562667	3792.17	0.003489196	-0.000465948	-0.000366698
3767.962667	3799.37	0.003488729	-0.000486209	-0.000366698
3755.479333	3777.76	0.003490263	-0.000485854	-0.000366343
3777.562667	3828.17	0.003516272	-0.000486209	-0.000366698
3775.162667	3820.97	0.003516705	-0.000486209	-0.000366698
3778.414667	3828.17	0.003516272	-0.000486209	-0.000366698
3794.366	3878.58	0.00357179	-0.000486209	-0.000366698
3796.766	3885.78	0.003571323	-0.000486209	-0.000366698
3800.018	3892.98	0.00357089	-0.000486209	-0.000366698
3796.766	3885.78	0.003571323	-0.000486209	-0.000366698
3808.766	3921.78	0.003569056	-0.000506463	-0.000366698
3808.766	3921.78	0.003598432	-0.000506463	-0.000366698
3813.566	3936.18	0.003597499	-0.000506463	-0.000366698
3815.966	3943.38	0.003626408	-0.000506463	-0.000366698
3831.218	3986.58	0.003623674	-0.000506463	-0.000387067
3827.966	3979.38	0.003653484	-0.000486209	-0.000366698
3844.769333	4029.79	0.003650316	-0.000506463	-0.000387067
3823.166	3964.98	0.003654384	-0.000506463	-0.000387067
3836.018	4000.98	0.003652117	-0.000526725	-0.000387067
3851.969333	4051.39	0.003707635	-0.000526725	-0.000387067
3849.569333	4044.19	0.003678759	-0.000506463	-0.000387067
3849.569333	4044.19	0.003708102	-0.000506463	-0.000387067
3847.169333	4036.99	0.003708569	-0.000506463	-0.000387067
3873.569333	4116.19	0.003732911	-0.000526725	-0.000387067
3861.569333	4080.19	0.003735178	-0.000526725	-0.000387067
3868.769333	4101.79	0.003733811	-0.000526725	-0.000407442
3868.769333	4101.79	0.003763187	-0.000526725	-0.000387067
3875.486	4137.78	0.003761087	-0.000526376	-0.000386718
3883.169333	4144.99	0.003760453	-0.000526725	-0.000387067
3880.769333	4137.79	0.00376092	-0.000526725	-0.000407442
3885.569333	4152.19	0.003789363	-0.000526725	-0.000407442
3893.621333	4173.79	0.003817339	-0.000526725	-0.000407442
3888.821333	4159.39	0.003788896	-0.000526725	-0.000407442
3900.821333	4195.39	0.003815972	-0.000546986	-0.000407442
3897.089333	4202.59	0.003815705	-0.000546631	-0.000407087
3915.224667	4238.6	0.003842614	-0.000546986	-0.000407442
3913.889333	4252.99	0.003871223	-0.000546631	-0.000407087
3924.824667	4267.4	0.003870123	-0.000546986	-0.000407442
3918.689333	4267.39	0.003870323	-0.000546631	-0.000407087
3924.341333	4281.79	0.003869389	-0.000546631	-0.000407087
3925.889333	4288.99	0.003898299	-0.000546631	-0.000407087
3918.689333	4267.39	0.003899666	-0.000546631	-0.000407087
3933.089333	4310.59	0.003896932	-0.000546631	-0.000407087
3945.572667	4332.2	0.003924741	-0.000546986	-0.00042781
3952.292667	4368.2	0.003922674	-0.000566892	-0.000427462
3953.624667	4353.8	0.00395275	-0.00056724	-0.00042781
3957.572667	4368.2	0.00395185	-0.00056724	-0.00042781
3971.976	4411.41	0.003978459	-0.00056724	-0.00042781
3964.776	4389.81	0.003979826	-0.00056724	-0.00042781
3957.944667	4382.6	0.00398046	-0.000566892	-0.000427462
3973.892667	4433	0.004006635	-0.000587153	-0.000427462
3969.092667	4418.6	0.003978192	-0.000566892	-0.000427462
3981.944667	4454.6	0.004034611	-0.000587153	-0.00044783
3994.428	4476.21	0.004003734	-0.000587502	-0.000448185
3991.176	4469.01	0.004033544	-0.000587502	-0.000448185
3995.976	4483.41	0.00403261	-0.000587502	-0.000448185
4003.176	4505.01	0.00406062	-0.000587502	-0.000448185
4000.776	4497.81	0.004061053	-0.000587502	-0.000448185
4017.576	4548.21	0.004087229	-0.000587502	-0.000448185
4028.031333	4577.02	0.004085428	-0.000587502	-0.000448185
4007.976	4519.41	0.004059719	-0.000587502	-0.000448185
4026.696	4591.41	0.004114038	-0.000607408	-0.00044783
4024.296	4584.21	0.004114504	-0.000587153	-0.00044783
4027.179333	4577.02	0.004114771	-0.000607756	-0.000448185
4029.579333	4584.22	0.004114338	-0.000607756	-0.000448185
4032.831333	4591.42	0.004143214	-0.000607756	-0.000448185
4056.831333	4663.42	0.004168022	-0.000607756	-0.000468554
4041.096	4634.61	0.004170023	-0.000607408	-0.000468205
4058.748	4685.01	0.004166855	-0.000607408	-0.000468205
4063.179333	4685.02	0.004196032	-0.000607756	-0.000468554
4059.231333	4670.62	0.004196932	-0.000628017	-0.000468554
4063.179333	4685.02	0.004196032	-0.000628017	-0.000468554
4062.699333	4699.42	0.004224641	-0.000607408	-0.000468205
4073.631333	4713.82	0.004223541	-0.000607756	-0.000468554
4082.382667	4742.63	0.00422174	-0.000628017	-0.000468554
4077.099333	4742.62	0.00425125	-0.000627669	-0.000468205
4093.899333	4793.02	0.004277425	-0.000627669	-0.000468205
4096.782667	4785.83	0.004248382	-0.000628017	-0.000468554
4101.582667	4800.23	0.004276825	-0.000628017	-0.000488929
4103.982667	4807.43	0.004276358	-0.000628017	-0.000488929
4107.234667	4814.63	0.004275891	-0.000648279	-0.000488929
4108.782667	4821.83	0.004304801	-0.000628017	-0.000488929
4115.499333	4857.82	0.0043027	-0.000647924	-0.000488574
4125.582667	4872.23	0.004330977	-0.000628017	-0.000488929
4130.382667	4886.63	0.004330076	-0.000648279	-0.000488929
4130.382667	4886.63	0.004330076	-0.000648279	-0.000488929
4139.986	4915.44	0.004357619	-0.000648279	-0.000488929
4139.986	4915.44	0.004357619	-0.000648279	-0.000488929
4141.902667	4937.03	0.004385761	-0.000647924	-0.000488574
4142.386	4922.64	0.004386495	-0.000648279	-0.000488929
4162.438	4980.24	0.00438286	-0.000668533	-0.000509297
4159.186	4973.04	0.004383327	-0.000668533	-0.000488929
4156.786	4965.84	0.004383794	-0.000668533	-0.000509297
4171.554667	5023.43	0.004439013	-0.000668185	-0.000508949
4178.386	5030.64	0.004438379	-0.000668533	-0.000509297
4170.702667	5023.43	0.004439013	-0.000668185	-0.000508949
4180.786	5037.84	0.004467289	-0.000668533	-0.000509297
4180.786	5037.84	0.004467289	-0.000668533	-0.000509297
4182.706	5059.44	0.004466088	-0.000668185	-0.000508949
4197.589333	5088.25	0.004464121	-0.000688794	-0.000509297
4197.589333	5088.25	0.004493464	-0.000688794	-0.000529672
4207.189333	5117.05	0.004491663	-0.000688794	-0.000529672
4204.789333	5109.85	0.00452144	-0.000688794	-0.000529672
4216.789333	5145.85	0.004519173	-0.000688794	-0.000529672
4229.641333	5181.85	0.004546282	-0.000688794	-0.000529672
4219.189333	5153.05	0.004548082	-0.000688794	-0.000529672
4220.041333	5153.05	0.004548082	-0.000668533	-0.000529672
4235.989333	5203.45	0.004574258	-0.000688794	-0.000529672
4253.644667	5253.86	0.004600433	-0.000709056	-0.000529672
4240.789333	5217.85	0.004573357	-0.000709056	-0.000529672
4246.441333	5232.25	0.004572457	-0.000709056	-0.000529672
4250.389333	5246.65	0.004600866	-0.000709056	-0.000529672
4255.561333	5275.45	0.004628576	-0.000708701	-0.000529317
4253.644667	5253.86	0.004629776	-0.000709056	-0.00055004
4265.644667	5289.86	0.004627509	-0.000709056	-0.00055004
4264.792667	5289.86	0.004627509	-0.000709056	-0.00055004
4262.392667	5282.66	0.004657319	-0.000709056	-0.000529672
4288.792667	5361.86	0.004652317	-0.00072931	-0.00055004
4283.992667	5347.46	0.004682594	-0.00072931	-0.00055004
4294.444667	5376.26	0.00468076	-0.00072931	-0.00055004
4288.792667	5361.86	0.00468166	-0.00072931	-0.00055004
4289.644667	5361.86	0.00468166	-0.00072931	-0.00055004
4295.992667	5383.46	0.004709669	-0.00072931	-0.000570416
4306.444667	5412.26	0.004737212	-0.00072931	-0.00055004
4312.796	5433.87	0.004735845	-0.00072931	-0.000570416
4322.396	5462.67	0.004734011	-0.000749571	-0.000570416
4312.796	5433.87	0.004735845	-0.000749571	-0.000570416
4316.048	5441.07	0.004764721	-0.000749571	-0.000570416
4335.248	5498.67	0.004790463	-0.000749571	-0.000570416
4339.196	5513.07	0.004789529	-0.000749571	-0.000570416
4336.796	5505.87	0.004789996	-0.000749571	-0.000570416
4347.248	5534.67	0.004817539	-0.000749571	-0.000570416
4338.712667	5527.46	0.004818172	-0.000749223	-0.000570067
4366.448	5592.27	0.004843247	-0.000749571	-0.000570416
4354.448	5556.27	0.004816172	-0.000749571	-0.000590784
4372.799333	5613.88	0.00484188	-0.000769826	-0.000590784
4365.596	5592.27	0.004843247	-0.000769826	-0.000590784
4378.451333	5628.28	0.004870323	-0.000769826	-0.000590784
4358.396	5570.67	0.004844614	-0.000769826	-0.000590784
4383.251333	5642.68	0.004898766	-0.000769826	-0.000590784
4386.716	5671.47	0.004897132	-0.000789739	-0.000590436
4382.399333	5642.68	0.004898766	-0.000790087	-0.000590784
4392.851333	5671.48	0.004896965	-0.000769826	-0.000611159
4413.599333	5736.28	0.00492224	-0.000790087	-0.000611159
4408.799333	5721.88	0.004952484	-0.000790087	-0.000611159
4405.916	5729.07	0.004922874	-0.000789739	-0.000610811
4404.368	5721.87	0.00495265	-0.000789739	-0.000590436
4428.851333	5779.48	0.004978226	-0.000790087	-0.000611159
4427.999333	5779.48	0.004948849	-0.000790087	-0.000611159
4423.199333	5765.08	0.004979126	-0.000810348	-0.000611159
4442.402667	5822.69	0.005004834	-0.000810348	-0.000611159
4445.654667	5829.89	0.005004401	-0.000810348	-0.000631527
4449.119333	5858.68	0.005002734	-0.000809993	-0.000610811
4456.802667	5865.89	0.005002134	-0.000810348	-0.000631527
4454.402667	5858.69	0.00503191	-0.000810348	-0.000631527
4476.002667	5923.49	0.005057185	-0.000830603	-0.000631527
4456.319333	5880.28	0.005030743	-0.000809993	-0.000631179
4491.258	5966.7	0.005083827	-0.000830603	-0.000631527
4471.571333	5923.48	0.005057352	-0.000830255	-0.000631179
4480.322667	5952.29	0.005084894	-0.000830255	-0.000651554
4489.922667	5981.09	0.005083094	-0.000830255	-0.000651554
4495.206	5981.1	0.00511227	-0.000830603	-0.000651903
4489.922667	5981.09	0.005112437	-0.000830255	-0.000651554
4504.806	6009.9	0.005139779	-0.000830603	-0.000651903
4505.658	6009.9	0.005139779	-0.000830603	-0.000651903
4509.606	6024.3	0.005138879	-0.000850864	-0.000651903
4521.606	6060.3	0.005136612	-0.000850864	-0.000651903
4529.658	6081.9	0.005164621	-0.000850864	-0.000651903
4532.058	6089.1	0.005164154	-0.000850864	-0.000651903
4534.458	6096.3	0.005163687	-0.000850864	-0.000651903
4540.806	6117.9	0.005191697	-0.000871125	-0.000672271
4556.061333	6161.11	0.005218306	-0.000871125	-0.000672271
4563.261333	6182.71	0.005246315	-0.000871125	-0.000672271
4568.061333	6197.11	0.005216038	-0.000871125	-0.000672271
4569.609333	6204.31	0.005244948	-0.000871125	-0.000672271
4567.209333	6197.11	0.005245381	-0.000871125	-0.000672271
4586.409333	6254.71	0.005271123	-0.00089138	-0.000672271
4573.926	6233.1	0.005243314	-0.000891031	-0.000692298
4579.209333	6233.11	0.00527249	-0.000871125	-0.000692646
4593.609333	6276.31	0.005299099	-0.00089138	-0.000692646
4581.126	6254.7	0.00527129	-0.000891031	-0.000692298
4601.181333	6312.31	0.005297032	-0.000891031	-0.000692298
4605.612667	6312.32	0.005326175	-0.00089138	-0.000692646
4609.929333	6341.11	0.005324541	-0.000911293	-0.000692298
4608.381333	6333.91	0.005325008	-0.000911293	-0.000692298
4620.012667	6355.52	0.005323474	-0.000911641	-0.000692646
4620.864667	6355.52	0.005352817	-0.000911641	-0.000692646
4636.812667	6405.92	0.005378993	-0.000911641	-0.000713014
4641.612667	6420.32	0.005378092	-0.000911641	-0.000713014
4648.812667	6441.92	0.005376725	-0.000911641	-0.000713014
4645.929333	6449.11	0.005405801	-0.000911293	-0.000712666
4638.729333	6427.51	0.005407169	-0.000931547	-0.000712666
4658.412667	6470.72	0.005433611	-0.000931895	-0.000713014
4649.664667	6441.92	0.005435411	-0.000911641	-0.000713014
4649.664667	6441.92	0.005406068	-0.000931895	-0.000713014
4646.781333	6449.11	0.005405801	-0.000931547	-0.000712666
4672.816	6513.93	0.005460253	-0.000931895	-0.000733389
4673.668	6513.93	0.005460253	-0.000931895	-0.000733389
4667.532667	6513.92	0.005489763	-0.000931547	-0.000712666
4664.068	6485.13	0.005462054	-0.000931895	-0.000733389
4677.132667	6542.72	0.005487929	-0.000931547	-0.000733041
4677.132667	6542.72	0.005517305	-0.000931547	-0.000733041
4680.016	6535.53	0.005517572	-0.000952157	-0.000733389
4678.468	6528.33	0.005518039	-0.000952157	-0.000733389
4677.984667	6542.72	0.005517305	-0.000951808	-0.000733041
4682.416	6542.73	0.005546482	-0.000952157	-0.000733389
4682.416	6542.73	0.005546482	-0.000952157	-0.000733389
4696.816	6585.93	0.005573091	-0.000952157	-0.000733389
4684.332667	6564.32	0.005574624	-0.000951808	-0.000733041
4697.184667	6600.32	0.0056017	-0.000951808	-0.00075341
4713.616	6636.33	0.005599266	-0.000952157	-0.000753758
4701.132667	6614.72	0.0056008	-0.000951808	-0.00075341
4707.268	6614.73	0.005600633	-0.000952157	-0.000753758
4713.616	6636.33	0.005628609	-0.000952157	-0.000753758
4723.219333	6665.14	0.005626808	-0.000972418	-0.000753758
4718.416	6650.73	0.005627709	-0.000952157	-0.000753758
4718.416	6650.73	0.005657052	-0.000972418	-0.000753758
4721.668	6657.93	0.005656618	-0.000972418	-0.000753758
4722.736	6679.53	0.005655418	-0.000972063	-0.00075341
4728.019333	6679.54	0.005684594	-0.000972418	-0.000753758
4737.988	6722.73	0.00568206	-0.000972063	-0.00075341
4736.071333	6701.14	0.005683227	-0.000972418	-0.000753758
4746.736	6751.53	0.005738913	-0.000972063	-0.000773785
4746.736	6751.53	0.005738913	-0.000972063	-0.000773785
4752.019333	6751.54	0.005738746	-0.000972418	-0.000774133
4749.136	6758.73	0.005738479	-0.000972063	-0.000773785
4752.019333	6751.54	0.005738746	-0.000972418	-0.000774133
4754.419333	6758.74	0.005767655	-0.000972418	-0.000774133
4761.619333	6780.34	0.005766288	-0.000992672	-0.000774133
4768.819333	6801.94	0.005794264	-0.000992672	-0.000774133
4771.219333	6809.14	0.005793831	-0.000972418	-0.000774133
4771.219333	6809.14	0.005793831	-0.000992672	-0.000774133
4792.822667	6873.95	0.005819106	-0.000992672	-0.000794501
4785.139333	6866.74	0.005819706	-0.000992324	-0.000794153
4788.022667	6859.55	0.005849349	-0.000992672	-0.000794501
4791.274667	6866.75	0.005848882	-0.000992672	-0.000794501
4790.422667	6866.75	0.005848882	-0.001012934	-0.000794501
4790.422667	6866.75	0.005848882	-0.001012934	-0.000794501
4787.539333	6873.94	0.005877959	-0.001012585	-0.000794153
4799.539333	6909.94	0.005875691	-0.001012585	-0.000794153
4803.274667	6902.75	0.005875958	-0.001012934	-0.000794501
4800.391333	6909.94	0.005905031	-0.001012585	-0.000794153
4812.022667	6931.55	0.005903501	-0.001012934	-0.000794501
4807.222667	6917.15	0.005904401	-0.001012934	-0.000814876
4829.674667	6981.95	0.005929681	-0.001033195	-0.000814876
4818.739333	6967.54	0.005930781	-0.001012585	-0.000814528
4833.622667	6996.35	0.005958121	-0.001033195	-0.000814876
4831.222667	6989.15	0.005958581	-0.001033195	-0.000814876
4828.822667	6981.95	0.005959021	-0.001033195	-0.000814876
4811.539333	6945.94	0.005961451	-0.00103284	-0.000814528
4800.022667	6895.55	0.005935111	-0.001033195	-0.000814876
4792.822667	6873.95	0.005936481	-0.001033195	-0.000814876
4788.874667	6859.55	0.005908031	-0.001033195	-0.000814876
4785.622667	6852.35	0.005908501	-0.001033195	-0.000814876
4761.619333	6780.34	0.005913041	-0.001012934	-0.000794501
4759.588	6787.53	0.005883394	-0.001012585	-0.000794153
4766.419333	6794.74	0.00588276	-0.001012934	-0.000794501
4740.871333	6715.54	0.005887762	-0.001012934	-0.000774133
4731.271333	6686.74	0.00586022	-0.001012934	-0.000794501
4721.188	6672.33	0.005831944	-0.001012585	-0.000794153
4725.619333	6672.34	0.005831777	-0.001012934	-0.000794501
4720.816	6657.93	0.005832677	-0.001012934	-0.000794501
4701.132667	6614.72	0.005835578	-0.000992324	-0.000794153
4704.868	6607.53	0.005806502	-0.000992672	-0.000794501
4683.268	6542.73	0.005810603	-0.000992672	-0.000774133
4688.068	6557.13	0.005780326	-0.000992672	-0.000774133
4668.384667	6513.92	0.005783227	-0.000992324	-0.000773785
4665.616	6492.33	0.005755051	-0.000992672	-0.000774133
4665.132667	6506.72	0.005783694	-0.000992324	-0.000773785
4647.264667	6434.72	0.005729343	-0.000992672	-0.000774133
4649.664667	6441.92	0.005728876	-0.000992672	-0.000774133
4640.064667	6413.12	0.00573071	-0.000992672	-0.000774133
4624.812667	6369.92	0.005704068	-0.000972418	-0.000774133
4605.981333	6326.71	0.005677625	-0.000972063	-0.000773785
4610.412667	6326.72	0.005677459	-0.000972418	-0.000753758
4608.012667	6319.52	0.005677892	-0.000972418	-0.000753758
4601.661333	6297.91	0.005679259	-0.000972418	-0.000753758
4601.661333	6297.91	0.005679259	-0.000972418	-0.000753758
4593.609333	6276.31	0.005651283	-0.000972418	-0.000753758
4591.209333	6269.11	0.005651717	-0.000972418	-0.000753758
4581.978	6254.7	0.005652817	-0.000951808	-0.00075341
4577.661333	6225.91	0.005654451	-0.000972418	-0.000753758
4572.861333	6211.51	0.005626008	-0.000972418	-0.000753758
4560.009333	6175.51	0.005598933	-0.000952157	-0.000753758
4548.009333	6139.51	0.0056012	-0.000952157	-0.000753758
4538.406	6110.7	0.005603001	-0.000952157	-0.000753758
4538.406	6110.7	0.005603001	-0.000952157	-0.000733389
4536.006	6103.5	0.005574091	-0.000952157	-0.000733389
4523.522667	6081.89	0.005546282	-0.000951808	-0.000733041
4524.858	6067.5	0.005547015	-0.000952157	-0.000733389
4509.606	6024.3	0.005549749	-0.000952157	-0.000733389
4507.206	6017.1	0.00552084	-0.000952157	-0.000733389
4506.722667	6031.49	0.005549449	-0.000951808	-0.000733041
4496.058	5981.1	0.005493764	-0.000952157	-0.000733389
4491.258	5966.7	0.005494664	-0.000952157	-0.000733389
4486.454667	5952.29	0.005495565	-0.000952157	-0.000733389
4468.802667	5901.89	0.005469389	-0.000931895	-0.000733389
4461.119333	5894.68	0.005499366	-0.000931547	-0.000733041
4471.202667	5909.09	0.005468956	-0.000931895	-0.000733389
4450.454667	5844.29	0.005443681	-0.000931895	-0.000713014
4447.202667	5837.09	0.005444148	-0.000931895	-0.000733389
4432.319333	5808.28	0.005416772	-0.000931547	-0.000712666
4435.202667	5801.09	0.005417072	-0.000931895	-0.000713014
4409.168	5736.27	0.005421307	-0.000911293	-0.000712666
4403.999333	5707.48	0.005393597	-0.000911641	-0.000713014
4407.251333	5714.68	0.005393131	-0.000911641	-0.000713014
4389.599333	5664.28	0.005396332	-0.000911641	-0.000713014
4390.451333	5664.28	0.005366955	-0.000911641	-0.000713014
4363.196	5585.07	0.005342614	-0.000911641	-0.000713014
4365.596	5592.27	0.00537149	-0.000911641	-0.000692646
4352.048	5549.07	0.005344881	-0.000911641	-0.000692646
4344.848	5527.47	0.005346248	-0.000911641	-0.000692646
4336.796	5505.87	0.005318239	-0.00089138	-0.000692646
4330.448	5484.27	0.005319606	-0.00089138	-0.000692646
4312.312667	5448.26	0.005292697	-0.000891031	-0.000692298
4293.592667	5376.26	0.005297065	-0.00089138	-0.000672271
4287.244667	5354.66	0.005298399	-0.000871125	-0.000692646
4284.361333	5361.85	0.005268789	-0.00087077	-0.000671923
4260.361333	5289.85	0.005273324	-0.00087077	-0.000671923
4265.644667	5289.86	0.005243814	-0.000871125	-0.000672271
4245.589333	5232.25	0.005247415	-0.000871125	-0.000672271
4237.909333	5225.05	0.005248049	-0.00087077	-0.000671923
4234.441333	5196.25	0.00522034	-0.000871125	-0.000651903
4221.589333	5160.25	0.005193264	-0.000850864	-0.000651903
4201.906	5117.04	0.005196165	-0.00087077	-0.000651554
4204.789333	5109.85	0.005196432	-0.000850864	-0.000651903
4187.986	5059.44	0.005170256	-0.000850864	-0.000631527
4175.986	5023.44	0.005172524	-0.000850864	-0.000651903
4168.786	5001.84	0.005173891	-0.000850864	-0.000651903
4158.702667	4987.43	0.005145615	-0.000850516	-0.000651554
4167.238	4994.64	0.005144981	-0.000830603	-0.000631527
4148.038	4937.04	0.005119273	-0.000830603	-0.000631527
4140.838	4915.44	0.005149983	-0.000830603	-0.000631527
4119.234667	4850.63	0.005124708	-0.000830603	-0.000631527
4116.834667	4843.43	0.005095798	-0.000830603	-0.000631527
4087.182667	4757.03	0.005101233	-0.000810348	-0.000631527
4103.982667	4807.43	0.005098066	-0.000810348	-0.000631527
4070.379333	4706.62	0.005075058	-0.000810348	-0.000611159
4073.631333	4713.82	0.005074624	-0.000810348	-0.000611159
4065.951333	4706.62	0.005075258	-0.000809993	-0.000610811
4065.579333	4692.22	0.005046648	-0.000810348	-0.000611159
4055.979333	4663.42	0.005048449	-0.000810348	-0.000611159
4038.696	4627.41	0.00502154	-0.000789739	-0.000610811
4024.779333	4569.82	0.005024975	-0.000790087	-0.000611159
4031.979333	4591.42	0.005023641	-0.000790087	-0.000611159
4010.376	4526.61	0.004969023	-0.000790087	-0.000590784
4000.776	4497.81	0.005000166	-0.000790087	-0.000590784
3997.892667	4505	0.004999899	-0.000789739	-0.000590436
3987.228	4454.61	0.004944214	-0.000790087	-0.000590784
3974.376	4418.61	0.004946448	-0.000769826	-0.000590784
3949.892667	4361	0.004920907	-0.000769478	-0.000590436
3957.572667	4368.2	0.004920273	-0.000790087	-0.000590784
3960.828	4375.41	0.004919839	-0.000769826	-0.000590784
3945.572667	4332.2	0.00492254	-0.000769826	-0.000590784
3931.172667	4289	0.004925275	-0.000769826	-0.000570416
3935.972667	4303.4	0.004895031	-0.000769826	-0.000570416
3909.089333	4238.59	0.004869923	-0.000749223	-0.000570067
3897.941333	4202.59	0.00487219	-0.000749223	-0.000570067
3893.141333	4188.19	0.004873091	-0.000749223	-0.000570067
3889.889333	4180.99	0.004873557	-0.000749223	-0.000570067
3874.421333	4116.19	0.004818772	-0.000749571	-0.000570416
3876.821333	4123.39	0.004818306	-0.000749571	-0.00055004
3870.686	4123.38	0.004818472	-0.000749223	-0.000549692
3854.369333	4058.59	0.004822374	-0.00072931	-0.00055004
3849.569333	4044.19	0.004793931	-0.00072931	-0.00055004
3844.769333	4029.79	0.004794864	-0.00072931	-0.00055004
3837.566	4008.18	0.004766855	-0.00072931	-0.00055004
3830.366	3986.58	0.004768222	-0.00072931	-0.00055004
3827.966	3979.38	0.004768689	-0.00072931	-0.00055004
3811.166	3928.98	0.004742514	-0.000709056	-0.000529672
3794.366	3878.58	0.004745681	-0.000709056	-0.000529672
3789.082667	3878.57	0.004745848	-0.000708701	-0.000529317
3790.418	3864.18	0.004746582	-0.000709056	-0.000529672
3770.362667	3806.57	0.004691497	-0.000709056	-0.000529672
3775.162667	3820.97	0.004690596	-0.000709056	-0.000529672
3756.814667	3763.37	0.004694231	-0.000688794	-0.000529672
3755.962667	3763.37	0.004664888	-0.000709056	-0.000529672
3748.762667	3741.77	0.004666255	-0.000688794	-0.000509297
3744.814667	3727.37	0.004667155	-0.000688794	-0.000509297
3733.879333	3712.96	0.004638879	-0.000688446	-0.000508949
3715.159333	3640.96	0.004643247	-0.000688794	-0.000488929
3710.728	3640.95	0.004614071	-0.000688446	-0.000508949
3717.559333	3648.16	0.00464278	-0.000668533	-0.000509297
3699.211333	3590.56	0.004617072	-0.000668533	-0.000509297
3695.959333	3583.36	0.004617505	-0.000668533	-0.000488929
3684.328	3561.75	0.004619039	-0.000668185	-0.000508949
3674.359333	3518.56	0.00459223	-0.000668533	-0.000509297
3642.672667	3439.34	0.004568056	-0.000668185	-0.000488574
3645.556	3432.15	0.004568322	-0.000648279	-0.000488929
3636.808	3403.35	0.004540813	-0.000648279	-0.000488929
3641.608	3417.75	0.004539913	-0.000648279	-0.000488929
3628.272667	3396.14	0.00451207	-0.000647924	-0.000488574
3619.156	3352.95	0.004543981	-0.000648279	-0.000488929
3598.404667	3288.14	0.004518706	-0.000648279	-0.000468554
3590.721333	3280.93	0.004489996	-0.000647924	-0.000468205
3595.152667	3280.94	0.004519173	-0.000628017	-0.000468554
3570.669333	3223.33	0.004464254	-0.000627669	-0.000468205
3556.752667	3165.74	0.004467722	-0.000628017	-0.000448185
3554.352667	3158.54	0.004468156	-0.000628017	-0.000468554
3541.869333	3136.93	0.004440346	-0.000627669	-0.00044783
3541.869333	3136.93	0.004440346	-0.000627669	-0.00044783
3532.749333	3093.73	0.004413537	-0.000628017	-0.000448185
3521.601333	3057.73	0.004415805	-0.000607756	-0.000448185
3506.349333	3014.53	0.004418539	-0.000607756	-0.000448185
3496.749333	2985.73	0.004390997	-0.000607756	-0.000448185
3497.601333	2985.73	0.004390997	-0.000607756	-0.000448185
3477.546	2928.12	0.004365288	-0.000587502	-0.00042781
3472.262667	2928.11	0.004365455	-0.000587153	-0.000427462
3458.346	2870.52	0.004368889	-0.000587502	-0.00042781
3454.398	2856.12	0.00434048	-0.000587502	-0.00042781
3448.746	2841.72	0.00434138	-0.000587502	-0.00042781
3429.542667	2784.11	0.004315638	-0.00056724	-0.000407442
3424.742667	2769.71	0.004316538	-0.00056724	-0.000407442
3420.436	2740.92	0.004318206	-0.000567595	-0.00040779
3411.194667	2726.51	0.00428993	-0.00056724	-0.000407442
3397.859333	2704.9	0.004291463	-0.000566892	-0.000407087
3399.194667	2690.51	0.004292197	-0.00056724	-0.000407442
3388.742667	2661.71	0.004293998	-0.00056724	-0.000387067
3372.791333	2611.3	0.004267822	-0.000546986	-0.000407442
3361.859333	2596.9	0.004268923	-0.000546631	-0.000386718
3363.191333	2582.5	0.00424028	-0.000546986	-0.000387067
3353.108	2568.09	0.00424138	-0.000546631	-0.000386718
3343.508	2539.29	0.004243181	-0.000546631	-0.000386718
3342.656	2539.29	0.004213837	-0.000546631	-0.000386718
3326.339333	2474.5	0.004217739	-0.000526725	-0.000366698
3318.656	2467.29	0.004189029	-0.000546631	-0.000366343
3306.656	2431.29	0.004191297	-0.000546631	-0.000366343
3307.136	2416.89	0.004162687	-0.000526725	-0.000366698
3299.452667	2409.68	0.004163287	-0.000526376	-0.000366343
3282.652667	2359.28	0.004137112	-0.000506115	-0.000366343
3275.936	2323.29	0.004139213	-0.000506463	-0.000366698
3275.936	2323.29	0.004139213	-0.000506463	-0.000366698
3267.188	2294.49	0.004141047	-0.000506463	-0.000366698
3259.504667	2287.28	0.004112304	-0.000506115	-0.000366343
3249.532667	2244.08	0.004114871	-0.000506463	-0.000346323
3240.784667	2215.28	0.004087329	-0.000506463	-0.000346323
3220.732667	2157.68	0.004061587	-0.000486209	-0.000346323
3225.049333	2186.47	0.004059953	-0.000506115	-0.000345975
3198.649333	2107.27	0.004064955	-0.000465599	-0.0003256
3211.984667	2128.88	0.004063421	-0.000486209	-0.000325955
3197.101333	2100.07	0.004036045	-0.000485854	-0.0003256
3199.132667	2092.88	0.004036345	-0.000465948	-0.000325955
3174.646	2035.26	0.00401077	-0.000485854	-0.0003256
3160.246	1992.06	0.004013504	-0.000465599	-0.0003256
3165.046	2006.46	0.003983261	-0.000465599	-0.0003256
3167.929333	1999.27	0.003983527	-0.000465948	-0.000325955
3151.498	1963.26	0.003985962	-0.000465599	-0.000305231
3149.581333	1941.67	0.003987162	-0.000445693	-0.00030558
3148.729333	1941.67	0.003957819	-0.000465948	-0.00030558
3129.898	1898.46	0.003960686	-0.000445338	-0.000305231
3115.126	1840.86	0.003934811	-0.000445693	-0.00030558
3110.694667	1840.85	0.003934978	-0.000445338	-0.000305231
3110.326	1826.46	0.003935711	-0.000445693	-0.00030558
3102.642667	1819.25	0.003907002	-0.000445338	-0.000305231
3083.442667	1761.65	0.00388126	-0.000425084	-0.000284856
3099.178	1790.46	0.003908636	-0.000425432	-0.000285211
3079.122667	1732.85	0.003882894	-0.000425432	-0.000285211
3071.442667	1725.65	0.003883527	-0.000425084	-0.000284856
3074.322667	1718.45	0.003854451	-0.000425432	-0.000285211
3062.322667	1682.45	0.003856718	-0.000425432	-0.000285211
3055.122667	1660.85	0.003858086	-0.000425432	-0.000285211
3060.774667	1675.25	0.003827842	-0.000425432	-0.000285211
3036.291333	1617.64	0.0038023	-0.000404822	-0.000264488
3033.522667	1596.05	0.003803467	-0.000405171	-0.000264836
3033.039333	1610.44	0.003832077	-0.000404822	-0.000264488
3018.639333	1567.24	0.003776125	-0.000404822	-0.000264488
3016.239333	1560.04	0.003776558	-0.000404822	-0.000264488
3001.836	1516.83	0.003779293	-0.000384561	-0.000244113
3002.319333	1502.44	0.003780026	-0.000405171	-0.000244468
2990.319333	1466.44	0.003752951	-0.000384916	-0.000244468
2991.171333	1466.44	0.003723574	-0.000384916	-0.000244468
2987.919333	1459.24	0.003753384	-0.000384916	-0.000244468
2968.236	1416.03	0.003726942	-0.000364307	-0.000244113
2967.171333	1394.44	0.003698766	-0.000384916	-0.000244468
2968.719333	1401.64	0.003698332	-0.000364655	-0.000244468
2961.516	1380.03	0.003699666	-0.000364655	-0.000244468
2951.436	1365.63	0.003671423	-0.000364307	-0.000223744
2934.632667	1315.22	0.003674591	-0.000364307	-0.000223744
2929.832667	1300.82	0.003675491	-0.000364307	-0.000223744
2935.116	1300.83	0.003675325	-0.000344394	-0.000224093
2922.632667	1279.22	0.003647515	-0.000344046	-0.000223744
2920.716	1257.63	0.003619339	-0.000344394	-0.000224093
2913.884667	1250.42	0.003649316	-0.000364307	-0.000223744
2891.432667	1185.62	0.003624041	-0.000344046	-0.000203369
2896.232667	1200.02	0.003593797	-0.000344046	-0.000203369
2869.829333	1120.81	0.003598766	-0.000344046	-0.000203369
2887.964667	1156.82	0.003596332	-0.000344394	-0.000203724
2871.164667	1106.42	0.003570156	-0.000324139	-0.000203724
2860.229333	1092.01	0.003541914	-0.000323791	-0.000203369
2858.312667	1070.42	0.003543081	-0.000324139	-0.000203724
2855.429333	1077.61	0.003542814	-0.000323791	-0.000203369
2853.512667	1056.02	0.003514638	-0.000324139	-0.000183349
2844.761333	1027.21	0.003516438	-0.000324139	-0.000183349
2826.627333	991.204	0.003518906	-0.00030353	-0.000183001
2827.11	976.812	0.003519639	-0.000303878	-0.000183349
2829.51	984.012	0.003489829	-0.000303878	-0.000183349
2814.626667	955.202	0.003491797	-0.00030353	-0.000162626
2795.908	883.206	0.003466822	-0.000303878	-0.000162981
2801.560333	897.607	0.003465922	-0.000303878	-0.000162981
2793.877333	890.398	0.003437212	-0.000283269	-0.000162626
2788.225333	875.998	0.003438112	-0.00030353	-0.000162626
2785.825	868.797	0.003467889	-0.000283269	-0.000162626
2770.358667	804.002	0.003413104	-0.000283624	-0.000142606
2767.958333	796.801	0.003413571	-0.000283624	-0.000142606
2752.223	767.991	0.003386195	-0.000283269	-0.000162626
2760.758	775.2	0.003414938	-0.000263362	-0.000142606
2745.505333	731.998	0.003358953	-0.000263362	-0.000142606
2739.157	710.397	0.003389663	-0.000263362	-0.000142606
2731.474	703.188	0.003360953	-0.000263014	-0.000142258
2723.904	667.194	0.003363021	-0.000263362	-0.000142606
2726.304	674.394	0.003333244	-0.000263362	-0.000142606
2705.555	609.591	0.003337312	-0.000263362	-0.000122237
2704.703	609.591	0.003307969	-0.000243101	-0.000122237
2709.503333	623.992	0.003307069	-0.000243101	-0.000122237
2687.902	559.188	0.003281793	-0.000243101	-0.000122237
2690.302	566.388	0.00331067	-0.000243101	-0.000122237
2676.270667	537.578	0.003283327	-0.000222492	-0.000121882
2674.353	515.985	0.003255151	-0.000222847	-0.000101862
2666.670333	508.777	0.003255785	-0.000222492	-0.000101514
2675.901333	523.186	0.003254718	-0.000222847	-0.000122237
2680.219	551.979	0.003253051	-0.000222492	-0.000101514
2697.502667	587.99	0.00327996	-0.000222847	-0.000101862
2697.02	602.382	0.003279226	-0.000242753	-0.000121882
2721.021333	674.386	0.003333411	-0.000242753	-0.000121882
2727.156	674.394	0.003303867	-0.000243101	-0.000122237
2731.104333	688.795	0.003302967	-0.000243101	-0.000122237
2747.423	753.591	0.003357752	-0.000242753	-0.000121882
2748.757333	739.198	0.003358486	-0.000243101	-0.000101862
2763.158333	782.401	0.003355785	-0.000243101	-0.000122237
2776.707	825.603	0.003382394	-0.000243101	-0.000122237
2769.024	818.394	0.003353684	-0.000242753	-0.000121882
2791.477333	883.198	0.003378959	-0.000263014	-0.000142258
2795.908	883.206	0.003408136	-0.000243101	-0.000142606
2800.708333	897.607	0.003407235	-0.000263362	-0.000142606
2824.709667	969.611	0.003432044	-0.000263362	-0.000142606
2822.309667	962.411	0.003432477	-0.000263362	-0.000142606
2841.509333	1020.01	0.003428876	-0.000263362	-0.000142606
2841.509333	1020.01	0.003428876	-0.000263362	-0.000142606
2858.681333	1084.81	0.003454318	-0.000263014	-0.000142258
2868.764667	1099.22	0.00348256	-0.000263362	-0.000142606
2863.112667	1084.82	0.003454151	-0.000283624	-0.000142606
2891.912667	1171.22	0.003478059	-0.000283624	-0.000162981
2891.912667	1171.22	0.003507402	-0.000283624	-0.000162981
2899.112667	1192.82	0.003506035	-0.000283624	-0.000162981
2908.716	1221.63	0.003504234	-0.000283624	-0.000162981
2910.632667	1243.22	0.003532377	-0.000283269	-0.000162626
2913.032667	1250.42	0.003531944	-0.000283269	-0.000162626
2933.568	1293.63	0.003558386	-0.000283624	-0.000162981
2927.432667	1293.62	0.003529209	-0.000283269	-0.000162626
2951.916	1351.23	0.003584094	-0.000303878	-0.000162981
2952.288	1365.63	0.003554018	-0.00030353	-0.000162626
2954.316	1358.43	0.003583661	-0.000303878	-0.000162981
2975.919333	1423.24	0.003608936	-0.000303878	-0.000162981
2968.236	1416.03	0.003609536	-0.00030353	-0.000162626
2990.319333	1466.44	0.003606202	-0.000303878	-0.000183349
2998.371333	1488.04	0.003634178	-0.000303878	-0.000183349
3007.119333	1516.84	0.003632377	-0.000303878	-0.000183349
3017.571333	1545.64	0.003630576	-0.000303878	-0.000183349
3031.122667	1588.85	0.003657185	-0.000324139	-0.000183349
3031.974667	1588.85	0.003657185	-0.000303878	-0.000183349
3028.239333	1596.04	0.003656919	-0.000323791	-0.000183001
3038.691333	1624.84	0.003684461	-0.000323791	-0.000203369
3055.122667	1660.85	0.003681994	-0.000324139	-0.000203724
3074.322667	1718.45	0.003707735	-0.000324139	-0.000203724
3076.722667	1725.65	0.003707269	-0.000324139	-0.000203724
3073.842667	1732.85	0.003736345	-0.000344046	-0.000203369
3098.326	1790.46	0.003732544	-0.000324139	-0.000203724
3098.694667	1804.85	0.003761153	-0.000344046	-0.000223744
3112.242667	1848.05	0.003758452	-0.000344046	-0.000203369
3112.242667	1848.05	0.003758452	-0.000344046	-0.000203369
3120.294667	1869.65	0.003757085	-0.000344046	-0.000203369
3134.326	1898.46	0.003784428	-0.000344394	-0.000203724
3148.729333	1941.67	0.003781727	-0.000344394	-0.000224093
3141.529333	1920.07	0.003812437	-0.000344394	-0.000224093
3155.929333	1963.27	0.003809703	-0.000364655	-0.000224093
3163.129333	1984.87	0.003808369	-0.000344394	-0.000224093
3172.246	2028.06	0.003835145	-0.000364307	-0.000223744
3187.981333	2056.87	0.003833177	-0.000364655	-0.000224093
3196.729333	2085.67	0.003860686	-0.000364655	-0.000224093
3203.932667	2107.28	0.003859353	-0.000364655	-0.000224093
3204.301333	2121.67	0.003858619	-0.000384561	-0.000223744
3228.784667	2179.28	0.003884161	-0.000384916	-0.000244468
3225.532667	2172.08	0.003884628	-0.000364655	-0.000244468
3235.132667	2200.88	0.003912137	-0.000384916	-0.000244468
3239.449333	2229.67	0.003939846	-0.000384561	-0.000244113
3252.784667	2251.28	0.003938312	-0.000384916	-0.000244468
3251.932667	2251.28	0.003938312	-0.000384916	-0.000244468
3274.388	2316.09	0.003934244	-0.000384916	-0.000244468
3286.388	2352.09	0.00396132	-0.000384916	-0.000244468
3283.504667	2359.28	0.003961053	-0.000404822	-0.000244113
3295.136	2380.89	0.003959519	-0.000384916	-0.000244468
3292.252667	2388.08	0.003988596	-0.000404822	-0.000244113
3319.991333	2452.9	0.003984328	-0.000405171	-0.000264836
3329.591333	2481.7	0.003982527	-0.000405171	-0.000264836
3334.391333	2496.1	0.004040313	-0.000405171	-0.000264836
3335.939333	2503.3	0.004039846	-0.000405171	-0.000264836
3336.791333	2503.3	0.004010503	-0.000405171	-0.000264836
3358.391333	2568.1	0.004035778	-0.000405171	-0.000264836
3355.508	2575.29	0.004064854	-0.000425084	-0.000264488
3376.742667	2625.71	0.004061487	-0.000425432	-0.000285211
3377.111333	2640.1	0.004090096	-0.000425084	-0.000264488
3381.059333	2654.5	0.004089196	-0.000425084	-0.000284856
3408.794667	2719.31	0.004114304	-0.000425432	-0.000285211
3422.342667	2762.51	0.004140913	-0.000425432	-0.000285211
3417.542667	2748.11	0.00411247	-0.000425432	-0.000285211
3431.942667	2791.31	0.004109769	-0.000445693	-0.000285211
3426.662667	2791.31	0.004139279	-0.000425084	-0.000284856
3437.114667	2820.11	0.004137479	-0.000445338	-0.000284856
3448.746	2841.72	0.004135945	-0.000445693	-0.000285211
3467.946	2899.32	0.004161653	-0.000445693	-0.00030558
3471.198	2906.52	0.00416122	-0.000465948	-0.00030558
3484.746	2949.72	0.004187829	-0.000465948	-0.00030558
3482.346	2942.52	0.004188296	-0.000465948	-0.00030558
3489.546	2964.12	0.004216272	-0.000465948	-0.00030558
3496.266	3000.12	0.004214171	-0.000465599	-0.0003256
3506.718	3028.92	0.00421237	-0.000465599	-0.000305231
3524.697333	3072.13	0.004268189	-0.000465948	-0.000325955
3528.801333	3079.33	0.004238379	-0.000465948	-0.000325955
3530.718	3100.92	0.004266522	-0.000465599	-0.000305231
3532.266	3108.12	0.004266088	-0.000465599	-0.0003256
3555.204667	3158.54	0.004262754	-0.000486209	-0.000325955
3571.152667	3208.94	0.004288929	-0.000486209	-0.000325955
3573.552667	3216.14	0.004317805	-0.000486209	-0.000325955
3573.069333	3230.53	0.004317072	-0.000485854	-0.0003256
3580.752667	3237.74	0.004287095	-0.000486209	-0.000325955
3599.952667	3295.34	0.00434218	-0.000486209	-0.000325955
3616.756	3345.75	0.004339013	-0.000486209	-0.000346323
3623.956	3367.35	0.004337645	-0.000506463	-0.000346323
3619.156	3352.95	0.004367889	-0.000506463	-0.000346323
3628.272667	3396.14	0.004365355	-0.000506115	-0.000345975
3643.524667	3439.34	0.004391964	-0.000526376	-0.000345975
3647.956	3439.35	0.004391797	-0.000506463	-0.000346323
3663.208	3482.55	0.004389096	-0.000526725	-0.000366698
3671.959333	3511.36	0.004416605	-0.000526725	-0.000366698
3671.959333	3511.36	0.004416605	-0.000526725	-0.000366698
3693.559333	3576.16	0.004412537	-0.000526725	-0.000346323
3697.876	3604.95	0.004440246	-0.000526376	-0.000366343
3717.079333	3662.56	0.004436612	-0.000546631	-0.000366343
3724.759333	3669.76	0.004465355	-0.000526725	-0.000366698
3725.611333	3669.76	0.004465355	-0.000546986	-0.000366698
3734.731333	3712.96	0.004462787	-0.000546631	-0.000386718
3770.362667	3806.57	0.004486095	-0.000546986	-0.000387067
3766.414667	3792.17	0.004486995	-0.000546986	-0.000387067
3765.931333	3806.56	0.004515605	-0.000546631	-0.000386718
3775.162667	3820.97	0.004514504	-0.000546986	-0.000387067
3799.166	3892.98	0.004539346	-0.00056724	-0.000387067
3808.766	3921.78	0.004537512	-0.00056724	-0.000407442
3811.534667	3943.37	0.004536345	-0.000566892	-0.000407087
3825.566	3972.18	0.004563687	-0.00056724	-0.000407442
3826.418	3972.18	0.004563687	-0.00056724	-0.000407442
3844.769333	4029.79	0.004589429	-0.00056724	-0.000407442
3842.369333	4022.59	0.004589863	-0.000587502	-0.000407442
3858.686	4087.38	0.004585962	-0.000587153	-0.000407087
3875.969333	4123.39	0.00461287	-0.000587502	-0.000407442
3878.369333	4130.59	0.004612437	-0.000587502	-0.00042781
3883.169333	4144.99	0.00464088	-0.000587502	-0.000407442
3880.769333	4137.79	0.004641313	-0.000587502	-0.000407442
3897.569333	4188.19	0.004638146	-0.000587502	-0.00042781
3915.224667	4238.6	0.004664321	-0.000607756	-0.00042781
3920.024667	4253	0.004663421	-0.000607756	-0.00042781
3920.024667	4253	0.004663421	-0.000607756	-0.00042781
3918.689333	4267.39	0.004662687	-0.000627669	-0.000427462
3935.972667	4303.4	0.004689596	-0.000607756	-0.00042781
3930.689333	4303.39	0.004689763	-0.000607408	-0.00044783
3945.572667	4332.2	0.004687762	-0.000607756	-0.000448185
3964.776	4389.81	0.004742847	-0.000628017	-0.000448185
3976.776	4425.81	0.00474058	-0.000628017	-0.000448185
3976.776	4425.81	0.00474058	-0.000628017	-0.000448185
3964.292667	4404.2	0.004742114	-0.000627669	-0.00044783
3983.976	4447.41	0.004768556	-0.000628017	-0.000448185
4008.828	4519.41	0.004793397	-0.000628017	-0.000448185
4010.748	4541.01	0.004792197	-0.000627669	-0.000468205
4009.896	4541.01	0.004792197	-0.000647924	-0.000468205
4017.576	4548.21	0.004820907	-0.000628017	-0.000468554
4014.696	4555.41	0.004791297	-0.000647924	-0.000468205
4029.096	4598.61	0.004817906	-0.000647924	-0.000468205
4033.896	4613.01	0.004846348	-0.000647924	-0.000468205
4060.296	4692.21	0.004870723	-0.000647924	-0.000468205
4061.148	4692.21	0.004870723	-0.000647924	-0.000468205
4055.979333	4663.42	0.004843014	-0.000668533	-0.000468554
4077.099333	4742.62	0.004896898	-0.000668185	-0.000488574
4084.299333	4764.22	0.004895531	-0.000668185	-0.000488574
4095.234667	4778.63	0.004894464	-0.000668533	-0.000488929
4101.582667	4800.23	0.00492244	-0.000668533	-0.000488929
4104.834667	4807.43	0.004922007	-0.000668533	-0.000488929
4127.982667	4879.43	0.004946815	-0.000668533	-0.000488929
4127.502667	4893.83	0.004946082	-0.000688446	-0.000488574
4136.038	4901.04	0.004945448	-0.000688794	-0.000488929
4130.754667	4901.03	0.004945615	-0.000688446	-0.000488574
4144.786	4929.84	0.004972991	-0.000688794	-0.000488929
4156.786	4965.84	0.005000066	-0.000688794	-0.000509297
4161.586	4980.24	0.004999166	-0.000688794	-0.000509297
4165.902667	5009.03	0.004997532	-0.000688446	-0.000508949
4170.702667	5023.43	0.004996598	-0.000708701	-0.000508949
4188.838	5059.44	0.005023507	-0.000709056	-0.000509297
4185.958	5066.64	0.005023241	-0.000708701	-0.000508949
4192.786	5073.84	0.005022607	-0.000709056	-0.000509297
4199.989333	5095.45	0.005050616	-0.000709056	-0.000529672
4214.389333	5138.65	0.005047882	-0.000709056	-0.000529672
4221.589333	5160.25	0.005046515	-0.000709056	-0.000529672
4230.706	5203.44	0.005073324	-0.000708701	-0.000529317
4238.761333	5225.05	0.0051013	-0.000728962	-0.000529317
4251.241333	5246.65	0.005099766	-0.00072931	-0.000529672
4265.644667	5289.86	0.005126408	-0.00072931	-0.00055004
4284.844667	5347.46	0.005122774	-0.000749571	-0.00055004
4286.392667	5354.66	0.00512234	-0.00072931	-0.00055004
4283.992667	5347.46	0.005152117	-0.000749571	-0.00055004
4293.592667	5376.26	0.005150316	-0.000749571	-0.00055004
4295.992667	5383.46	0.005149883	-0.000749571	-0.00055004
4304.044667	5405.06	0.005148516	-0.000749571	-0.00055004
4300.312667	5412.26	0.005177559	-0.000749223	-0.000549692
4329.596	5484.27	0.005202234	-0.000749571	-0.00055004
4343.996	5527.47	0.005199499	-0.000769826	-0.000570416
4350.712667	5563.46	0.005226742	-0.000769478	-0.000570067
4343.996	5527.47	0.005199499	-0.000749571	-0.000570416
4353.112667	5570.66	0.005226308	-0.000769478	-0.000570067
4362.716	5599.47	0.005224474	-0.000769478	-0.000570067
4389.599333	5664.28	0.005249583	-0.000790087	-0.000570416
4389.968	5678.67	0.005248849	-0.000769478	-0.000570067
4394.399333	5678.68	0.005278026	-0.000790087	-0.000570416
4394.399333	5678.68	0.005278026	-0.000790087	-0.000590784
4411.199333	5729.08	0.005304201	-0.000790087	-0.000590784
4418.399333	5750.68	0.005302834	-0.000790087	-0.000590784
4432.802667	5793.89	0.005329476	-0.000790087	-0.000590784
4422.719333	5779.48	0.0053012	-0.000789739	-0.000590436
4441.919333	5837.08	0.005326909	-0.000789739	-0.000590436
4452.371333	5865.88	0.005354451	-0.000809993	-0.000610811
4457.654667	5865.89	0.005354284	-0.000810348	-0.000611159
4473.602667	5916.29	0.005351117	-0.000810348	-0.000611159
4478.402667	5930.69	0.005379559	-0.000810348	-0.000611159
4479.254667	5930.69	0.005379559	-0.000810348	-0.000611159
4483.202667	5945.09	0.005408002	-0.000810348	-0.000611159
4495.206	5981.1	0.005405735	-0.000810348	-0.000611159
4497.606	5988.3	0.005405268	-0.000810348	-0.000631527
4505.658	6009.9	0.005433277	-0.000830603	-0.000631527
4499.522667	6009.89	0.005433444	-0.000830255	-0.000631179
4524.006	6067.5	0.005429643	-0.000830603	-0.000631527
4525.922667	6089.09	0.005457785	-0.000830255	-0.000631179
4521.606	6060.3	0.005459453	-0.000830603	-0.000631527
4533.606	6096.3	0.005486528	-0.000830603	-0.000631527
4539.258	6110.7	0.005485628	-0.000830603	-0.000631527
4550.409333	6146.71	0.005512704	-0.000830603	-0.000631527
4546.461333	6132.31	0.005513604	-0.000830603	-0.000651903
4550.778	6161.1	0.00551197	-0.000850516	-0.000631179
4545.126	6146.7	0.00551287	-0.000850516	-0.000631179
4559.526	6189.9	0.005539479	-0.000850516	-0.000651554
4555.209333	6161.11	0.005541147	-0.000850864	-0.000651903
4570.461333	6204.31	0.005538412	-0.000850864	-0.000651903
4561.926	6197.1	0.005568389	-0.000850516	-0.000651554
4564.809333	6189.91	0.005539313	-0.000850864	-0.000651903
4584.861333	6247.51	0.005565055	-0.000850864	-0.000651903
4596.861333	6283.51	0.00559213	-0.000871125	-0.000651903
4596.861333	6283.51	0.00559213	-0.000871125	-0.000651903
4590.729333	6283.51	0.005592297	-0.00087077	-0.000651554
4595.529333	6297.91	0.00562074	-0.00087077	-0.000651554
4600.329333	6312.31	0.005619839	-0.00087077	-0.000651554
4606.464667	6312.32	0.005619673	-0.000871125	-0.000651903
4617.129333	6362.71	0.005646015	-0.00087077	-0.000651554
4615.212667	6341.12	0.005676525	-0.000871125	-0.000672271
4639.212667	6413.12	0.005701367	-0.000871125	-0.000672271
4637.664667	6405.92	0.0057018	-0.00089138	-0.000672271
4639.581333	6427.51	0.00567129	-0.000891031	-0.000671923
4639.212667	6413.12	0.005701367	-0.000871125	-0.000672271
4651.212667	6449.12	0.005699099	-0.00089138	-0.000672271
4652.064667	6449.12	0.005728442	-0.00089138	-0.000672271
4648.812667	6441.92	0.005728876	-0.00089138	-0.000672271
4656.012667	6463.52	0.005727542	-0.00089138	-0.000672271
4655.532667	6477.92	0.005756152	-0.000891031	-0.000671923
4668.868	6499.53	0.005783961	-0.00089138	-0.000672271
4663.584667	6499.52	0.005754784	-0.000891031	-0.000671923
4672.816	6513.93	0.005783061	-0.00089138	-0.000672271
4690.468	6564.33	0.005779893	-0.000911641	-0.000692646
4689.616	6564.33	0.005809236	-0.000911641	-0.000692646
4692.016	6571.53	0.005808769	-0.000911641	-0.000692646
4694.784667	6593.12	0.005836945	-0.000911293	-0.000692298
4707.268	6614.73	0.005835411	-0.000911641	-0.000692646
4704.868	6607.53	0.005835845	-0.000911641	-0.000692646
4701.132667	6614.72	0.005835578	-0.000891031	-0.000692298
4713.616	6636.33	0.005863387	-0.000911641	-0.000692646
4705.932667	6629.12	0.005864021	-0.000911293	-0.000712666
4713.988	6650.73	0.005862654	-0.000911293	-0.000712666
4728.019333	6679.54	0.00589003	-0.000911641	-0.000692646
4725.136	6686.73	0.005889729	-0.000931547	-0.000712666
4737.988	6722.73	0.005916841	-0.000931547	-0.000712666
4747.219333	6737.14	0.005915741	-0.000931895	-0.000713014
4745.188	6744.33	0.005944811	-0.000931547	-0.000712666
4745.671333	6729.94	0.005945551	-0.000931895	-0.000713014
4754.788	6773.13	0.005972361	-0.000931547	-0.000712666
4760.071333	6773.14	0.005972161	-0.000931895	-0.000713014
4753.936	6773.13	0.005972361	-0.000931547	-0.000733041
4771.219333	6809.14	0.005999261	-0.000952157	-0.000733389
4778.419333	6830.74	0.005997901	-0.000952157	-0.000733389
4782.739333	6859.54	0.005996261	-0.000951808	-0.000733041
4796.074667	6881.15	0.006024071	-0.000952157	-0.000733389
4790.422667	6866.75	0.006024971	-0.000952157	-0.000733389
4789.939333	6881.14	0.006024241	-0.000951808	-0.000733041
4798.474667	6888.35	0.006023611	-0.000952157	-0.000733389
4805.674667	6909.95	0.006051621	-0.000952157	-0.000733389
4818.739333	6967.54	0.006077491	-0.000951808	-0.000733041
4807.222667	6917.15	0.006051151	-0.000952157	-0.000733389
4807.591333	6931.54	0.006050421	-0.000972063	-0.000733041
4821.622667	6960.35	0.006077791	-0.000972418	-0.000733389
4826.422667	6974.75	0.006076861	-0.000972418	-0.000753758
4833.622667	6996.35	0.006104871	-0.000972418	-0.000753758
4838.426	7010.76	0.006103971	-0.000972418	-0.000753758
4833.994667	7010.75	0.006133481	-0.000972063	-0.00075341
4843.226	7025.16	0.006132381	-0.000972418	-0.000753758
4846.478	7032.36	0.006131941	-0.000972418	-0.000753758
4845.626	7032.36	0.006161291	-0.000992672	-0.000753758
4865.678	7089.96	0.006157651	-0.000992672	-0.000774133
4869.142667	7118.75	0.006185361	-0.000992324	-0.000773785
4857.626	7068.36	0.006188361	-0.000992672	-0.000774133
4870.478	7104.36	0.006186091	-0.000992672	-0.000774133
4884.878	7147.56	0.006212741	-0.000992672	-0.000753758
4884.878	7147.56	0.006212741	-0.000992672	-0.000774133
4886.426	7154.76	0.006241611	-0.000992672	-0.000774133
4883.546	7161.96	0.006212001	-0.000992324	-0.000773785
4888.826	7161.96	0.006241181	-0.000992672	-0.000774133
4896.026	7183.56	0.006239811	-0.001012934	-0.000774133
4916.081333	7241.17	0.006294901	-0.001012934	-0.000794501
4905.998	7226.76	0.006266621	-0.001012585	-0.000794153
4927.229333	7277.17	0.006292631	-0.001012934	-0.000794501
4924.829333	7269.97	0.006293061	-0.001012934	-0.000794501
4924.829333	7269.97	0.006322411	-0.001012934	-0.000794501
4927.229333	7277.17	0.006321971	-0.001033195	-0.000794501
4932.029333	7291.57	0.006321041	-0.001033195	-0.000794501
4929.146	7298.76	0.006320771	-0.00103284	-0.000794153
4927.598	7291.56	0.006350581	-0.00103284	-0.000794153
4936.346	7320.36	0.006378121	-0.00103284	-0.000794153
4946.429333	7334.77	0.006347681	-0.001033195	-0.000814876
4959.284667	7370.78	0.006404101	-0.001033195	-0.000814876
4961.684667	7377.98	0.006403671	-0.001033195	-0.000814876
4908.029333	7219.57	0.006354951	-0.001033195	-0.000794501
4935.281333	7298.77	0.006379291	-0.001053449	-0.000814876
4961.201333	7392.37	0.006432281	-0.001053101	-0.000814528
4970.801333	7421.17	0.006430481	-0.001073356	-0.000834896
5025.636	7572.39	0.006479461	-0.001073711	-0.000835245
4979.549333	7449.97	0.006457981	-0.001073356	-0.000834896
4980.032667	7435.58	0.006458721	-0.001073711	-0.000835245
4975.601333	7435.57	0.006458921	-0.001073356	-0.000834896
4939.229333	7313.17	0.006437081	-0.001073711	-0.000835245
4972.349333	7428.37	0.006488691	-0.001073356	-0.000834896
4984.832667	7449.98	0.006487161	-0.001073711	-0.000835245
4999.232667	7493.18	0.006513801	-0.001073711	-0.00085562
5006.432667	7514.78	0.006512441	-0.001093965	-0.00085562
5011.232667	7529.18	0.006540881	-0.001093965	-0.00085562
5006.804667	7529.18	0.006541051	-0.001093617	-0.000855272
5032.836	7593.99	0.006566151	-0.001093965	-0.00085562
5030.436	7586.79	0.006566591	-0.001093965	-0.00085562
5037.636	7608.39	0.006565251	-0.001093965	-0.000875988
5030.804667	7601.18	0.006595231	-0.001093617	-0.00087564
5052.888	7651.59	0.006591861	-0.001114226	-0.000875988
5052.036	7651.59	0.006591861	-0.001114226	-0.000875988
5056.836	7665.99	0.006620311	-0.001114226	-0.000875988
5055.288	7658.79	0.006620771	-0.001114226	-0.000875988
5058.756	7687.59	0.006648481	-0.001113878	-0.00087564
5076.408	7737.99	0.006645311	-0.001134133	-0.00087564
5080.839333	7738	0.006674461	-0.001114226	-0.000896363
5081.691333	7738	0.006674461	-0.001134488	-0.000875988
5085.156	7766.79	0.006672821	-0.001134133	-0.000896015
5086.008	7766.79	0.006672821	-0.001113878	-0.000896015
5088.408	7773.99	0.006672391	-0.001134133	-0.000896015
5089.956	7781.19	0.006671921	-0.001134133	-0.000896015
5100.039333	7795.6	0.006700201	-0.001134488	-0.000896363
5109.639333	7824.4	0.006727741	-0.001134488	-0.000896363
5097.156	7802.79	0.006729271	-0.001154394	-0.000916383
5114.439333	7838.8	0.006756181	-0.001154742	-0.000916738
5121.639333	7860.4	0.006754821	-0.001154742	-0.000916738
5119.611333	7867.6	0.006754521	-0.001154394	-0.000916383
5127.291333	7874.8	0.006783261	-0.001154742	-0.000916738
5127.291333	7874.8	0.006783261	-0.001154742	-0.000916738
5131.242667	7889.21	0.006782361	-0.001154742	-0.000916738
5049.152667	7658.78	0.006708971	-0.001154394	-0.000916383
5132.094667	7889.21	0.006811701	-0.001175003	-0.000937107
5115.291333	7838.8	0.006814871	-0.001175003	-0.000937107
5192.098	8069.22	0.006888391	-0.001195265	-0.000957482
5138.442667	7910.81	0.006839681	-0.001195265	-0.000937107
5152.842667	7954.01	0.006866321	-0.001195265	-0.000957482
5154.759333	7975.6	0.006865121	-0.00119491	-0.000957127
5193.646	8076.42	0.006917301	-0.001215519	-0.000957482
5167.242667	7997.21	0.006892931	-0.001195265	-0.000957482
5165.694667	7990.01	0.006893401	-0.001195265	-0.000957482
5182.494667	8040.41	0.006890231	-0.001215519	-0.000957482
5181.642667	8040.41	0.006890231	-0.001215519	-0.000957482
5101.956	7817.19	0.006845751	-0.00119491	-0.000957127
5181.162667	8054.81	0.006918841	-0.001215171	-0.000977502
5200.846	8098.02	0.006945281	-0.001215519	-0.00097785
5196.898	8083.62	0.006946181	-0.001215519	-0.00097785
5198.446	8090.82	0.006945751	-0.001215519	-0.00097785
5200.846	8098.02	0.006945281	-0.00123578	-0.00097785
5197.962667	8105.21	0.006974361	-0.001235425	-0.000977502
5212.846	8134.02	0.006972361	-0.00123578	-0.00097785
5212.846	8134.02	0.007001701	-0.00123578	-0.000998225
5229.646	8184.42	0.007027871	-0.00123578	-0.000998225
5224.846	8170.02	0.007028811	-0.00123578	-0.000998225
5242.498	8220.42	0.007025641	-0.001256035	-0.000998225
5242.498	8220.42	0.007025641	-0.001256035	-0.000998225
5237.698	8206.02	0.007026541	-0.001256035	-0.000998225
5251.249333	8249.23	0.007053151	-0.001256035	-0.000998225
5248.849333	8242.03	0.007082961	-0.001256035	-0.001018594
5246.818	8249.22	0.007082691	-0.001255687	-0.001018245
5266.501333	8292.43	0.007079791	-0.001276296	-0.001018594
5272.366	8328.42	0.007107031	-0.001275948	-0.001018245
5265.166	8306.82	0.007108401	-0.001275948	-0.001018245
5269.966	8321.22	0.007107501	-0.001275948	-0.001018245
5277.649333	8328.43	0.007136211	-0.001276296	-0.001038969
5280.049333	8335.63	0.007135781	-0.001276296	-0.001038969
5279.566	8350.02	0.007164391	-0.001275948	-0.001038614
5287.249333	8357.23	0.007163751	-0.001296557	-0.001018594
5285.218	8364.42	0.007192831	-0.001296202	-0.001038614
5292.418	8386.02	0.007191461	-0.001296202	-0.001038614
5301.649333	8400.43	0.007190361	-0.001296557	-0.001038969
5311.252667	8429.24	0.007188561	-0.001296557	-0.001059337
5311.252667	8429.24	0.007217901	-0.001296557	-0.001059337
5299.621333	8407.63	0.007219441	-0.001296202	-0.001058989
5330.452667	8486.84	0.007243651	-0.001316812	-0.001059337
5316.421333	8458.03	0.007245611	-0.001296202	-0.001058989
5330.452667	8486.84	0.007243651	-0.001316812	-0.001059337
5328.052667	8479.64	0.007244081	-0.001316812	-0.001059337
5328.052667	8479.64	0.007244081	-0.001316812	-0.001059337
5342.452667	8522.84	0.007270721	-0.001337073	-0.001079712
5347.252667	8537.24	0.007269821	-0.001337073	-0.001079712
5352.052667	8551.64	0.007298261	-0.001337073	-0.001079712
5354.824667	8573.24	0.007326411	-0.001356979	-0.001079357
5349.169333	8558.83	0.007327311	-0.001336725	-0.001099732
5354.452667	8558.84	0.007356481	-0.001337073	-0.001079712
5368.856	8602.05	0.007353781	-0.001357328	-0.001100081
5364.904667	8587.64	0.007354681	-0.001357328	-0.001100081
5381.708	8638.05	0.007351521	-0.001357328	-0.001100081
5373.172667	8630.84	0.007381491	-0.001356979	-0.001099732
5369.224667	8616.44	0.007382391	-0.001356979	-0.001099732
5379.308	8630.85	0.007381291	-0.001357328	-0.001120456
5388.056	8659.65	0.007379491	-0.001377589	-0.001120456
5387.572667	8674.04	0.007408101	-0.00137724	-0.001120101
5400.056	8695.65	0.007406571	-0.001377589	-0.001120456
5397.172667	8702.84	0.007435641	-0.00137724	-0.001120101
5405.224667	8724.44	0.007434281	-0.00137724	-0.001140476
5401.972667	8717.24	0.007434741	-0.001397495	-0.001140476
5496.914667	8983.67	0.007564521	-0.001438366	-0.001181568
5387.572667	8674.04	0.007466791	-0.001417756	-0.001160844
5405.224667	8724.44	0.007492961	-0.001397495	-0.001160844
5421.656	8760.45	0.007490531	-0.001418104	-0.001161199
5414.456	8738.85	0.007491901	-0.001418104	-0.001161199
5419.628	8767.65	0.007519611	-0.001417756	-0.001160844
5422.508	8760.45	0.007519871	-0.001438366	-0.001161199
5440.859333	8818.06	0.007545611	-0.001438366	-0.001161199
5447.576	8854.05	0.007543511	-0.001438017	-0.001181219
5455.259333	8861.26	0.007542881	-0.001438366	-0.001181568
5457.659333	8868.46	0.007571791	-0.001438366	-0.001181568
5458.028	8882.85	0.007571061	-0.001438017	-0.001181219
5466.776	8911.65	0.007598601	-0.001458272	-0.001181219
5454.776	8875.65	0.007571491	-0.001438017	-0.001181219
5481.659333	8940.46	0.007596601	-0.001458627	-0.001201943
5474.459333	8918.86	0.007627311	-0.001458627	-0.001201943
5474.831333	8933.26	0.007626571	-0.001458272	-0.001201588
5488.862667	8962.07	0.007624571	-0.001458627	-0.001222311
5486.462667	8954.87	0.007625041	-0.001478881	-0.001201943
5483.579333	8962.06	0.007654121	-0.001478533	-0.001201588
5502.779333	9019.66	0.007679831	-0.001478533	-0.001221963
5503.631333	9019.66	0.007679831	-0.001478533	-0.001221963
5506.514667	9012.47	0.007680131	-0.001478881	-0.001222311
5504.114667	9005.27	0.007680561	-0.001499143	-0.001222311
5501.231333	9012.46	0.007709641	-0.001498794	-0.001221963
5527.262667	9077.27	0.007705371	-0.001499143	-0.001242686
5527.262667	9077.27	0.007734711	-0.001499143	-0.001242686
5541.666	9120.48	0.007732011	-0.001499143	-0.001242686
5532.434667	9106.07	0.007733081	-0.001498794	-0.001242331
5541.666	9120.48	0.007761351	-0.001519397	-0.001263055
5532.062667	9091.67	0.007763151	-0.001519397	-0.001263055
5541.666	9120.48	0.007761351	-0.001519397	-0.001263055
5565.666	9192.48	0.007815501	-0.001519397	-0.00128343
5556.434667	9178.07	0.007787261	-0.00153931	-0.001262706
5561.718	9178.08	0.007787061	-0.001539658	-0.00128343
5560.866	9178.08	0.007816441	-0.001539658	-0.00128343
5565.666	9192.48	0.007815501	-0.001539658	-0.00128343
5575.266	9221.28	0.007843051	-0.00155992	-0.00128343
5560.866	9178.08	0.007845781	-0.001539658	-0.00128343
5584.866	9250.08	0.007841251	-0.00155992	-0.001303798
5572.382667	9228.47	0.007872121	-0.001559565	-0.00130345
5577.666	9228.48	0.007871961	-0.001539658	-0.001303798
5484.431333	8962.06	0.007771491	-0.00153931	-0.001283075
5581.982667	9257.27	0.007899671	-0.001579826	-0.00130345
5580.066	9235.68	0.007900831	-0.001580174	-0.001303798
5500.379333	9012.46	0.007827011	-0.001559565	-0.001283075
5601.669333	9300.49	0.007955451	-0.001580174	-0.001324173
5591.586	9286.08	0.007927171	-0.001579826	-0.001323818
5597.718	9286.08	0.007927011	-0.001600435	-0.001324173
5580.066	9235.68	0.007930181	-0.001600435	-0.001324173
5596.866	9286.08	0.007956351	-0.001600435	-0.001344541
5597.718	9286.08	0.007985691	-0.001600435	-0.001344541
5593.986	9293.28	0.007985431	-0.001600087	-0.001344193
5607.321333	9314.89	0.007983891	-0.001600435	-0.001344541
5611.269333	9329.29	0.008012341	-0.001600435	-0.001344541
5611.269333	9329.29	0.008012341	-0.001600435	-0.001344541
5613.186	9350.88	0.008011141	-0.001620342	-0.001344193
5621.721333	9358.09	0.008039881	-0.001620697	-0.001344541
5636.121333	9401.29	0.008066491	-0.001620697	-0.001364917
5618.838	9365.28	0.008068921	-0.001620342	-0.001364568
5628.069333	9379.69	0.008038511	-0.001620697	-0.001364917
5638.038	9422.88	0.008094661	-0.001620342	-0.001364568
5636.121333	9401.29	0.008095831	-0.001620697	-0.001364917
5630.838	9401.28	0.008096031	-0.001640603	-0.001384937
5641.986	9437.28	0.008093761	-0.001640603	-0.001364568
5647.269333	9437.29	0.008122941	-0.001640951	-0.001385285
5644.389333	9444.49	0.008122641	-0.001640603	-0.001384937
5641.986	9437.28	0.008123111	-0.001640603	-0.001384937
5659.272667	9473.3	0.008150021	-0.001661212	-0.001385285
5655.321333	9458.89	0.008150921	-0.001661212	-0.001385285
5659.272667	9473.3	0.008179361	-0.001661212	-0.001385285
5659.272667	9473.3	0.008179361	-0.001661212	-0.001385285
5662.524667	9480.5	0.008178891	-0.001661212	-0.001385285
5674.524667	9516.5	0.008176621	-0.001661212	-0.00140566
5664.924667	9487.7	0.008207801	-0.001661212	-0.00140566
5676.072667	9523.7	0.008205531	-0.001681467	-0.00140566
5688.072667	9559.7	0.008232611	-0.001681467	-0.00140566
5688.072667	9559.7	0.008232611	-0.001681467	-0.001426028
5683.641333	9559.69	0.008232781	-0.001681119	-0.00142568
5691.324667	9566.9	0.008232141	-0.001681467	-0.001426028
5688.072667	9559.7	0.008261951	-0.001681467	-0.001426028
5685.672667	9552.5	0.008262421	-0.001681467	-0.001426028
5686.041333	9566.89	0.008291031	-0.00170138	-0.00142568
5696.124667	9581.3	0.008289961	-0.001701728	-0.001446404
5702.472667	9602.9	0.008317941	-0.001701728	-0.001446404
5716.876	9646.11	0.008315201	-0.001701728	-0.001446404
5714.472667	9638.9	0.008315671	-0.001721989	-0.001446404
5705.724667	9610.1	0.008317471	-0.001721989	-0.001446404
5713.992667	9653.3	0.008344281	-0.001721634	-0.001446055
5716.876	9646.11	0.008344551	-0.001721989	-0.001466772
5716.392667	9660.5	0.008343811	-0.001721634	-0.001466424
5727.328	9674.91	0.008372091	-0.001721989	-0.001466772
5721.676	9660.51	0.008372991	-0.001721989	-0.001466772
5731.276	9689.31	0.008400531	-0.001721989	-0.001466772
5722.044667	9674.9	0.008401631	-0.001741895	-0.001466424
5741.728	9718.11	0.008428071	-0.001742244	-0.001487147
5749.992667	9761.3	0.008425541	-0.001741895	-0.001486799
5745.676	9732.51	0.008427171	-0.001762505	-0.001487147
5748.076	9739.71	0.008456051	-0.001762505	-0.001487147
5752.876	9754.11	0.008455151	-0.001762505	-0.001507515
5745.192667	9746.9	0.008455781	-0.001762157	-0.001507167
5755.276	9761.31	0.008484061	-0.001762505	-0.001507515
5756.128	9761.31	0.008484061	-0.001762505	-0.001507515
5749.992667	9761.3	0.008513571	-0.001782411	-0.001507167
5756.128	9761.31	0.008513401	-0.001782766	-0.001507515
5760.076	9775.71	0.008512501	-0.001782766	-0.00152789
5757.192667	9782.9	0.008512201	-0.001782411	-0.001527542
5757.192667	9782.9	0.008512201	-0.001782411	-0.001527542
5752.876	9754.11	0.008543181	-0.001782766	-0.00152789
5770.528	9804.51	0.008569351	-0.001803021	-0.00152789
5772.448	9826.11	0.008538841	-0.001802672	-0.001527542
5781.679333	9840.52	0.008567091	-0.001803021	-0.001548259
5781.679333	9840.52	0.008596461	-0.001803021	-0.001548259
5778.796	9847.71	0.008596161	-0.001802672	-0.001547911
5784.448	9862.11	0.008595261	-0.001802672	-0.001547911
5786.479333	9854.92	0.008595531	-0.001803021	-0.001548259
5782.048	9854.91	0.008625071	-0.001822927	-0.001547911
5804.131333	9905.32	0.008651081	-0.001823282	-0.001568634
5800.879333	9898.12	0.008651521	-0.001823282	-0.001568634
5789.731333	9862.12	0.008624441	-0.001823282	-0.001568634
5808.079333	9919.72	0.008679491	-0.001823282	-0.001568634
5817.679333	9948.52	0.008677691	-0.001843536	-0.001589002
5816.131333	9941.32	0.008678161	-0.001843536	-0.001589002
5816.131333	9941.32	0.008678161	-0.001843536	-0.001589002
5812.396	9948.51	0.008707201	-0.001843188	-0.001588654
5815.648	9955.71	0.008706771	-0.001863449	-0.001609029
5822.851333	9977.32	0.008734741	-0.001863449	-0.001609029
5824.879333	9970.12	0.008735041	-0.001863798	-0.001609377
5851.272667	10049.3	0.008759381	-0.001863798	-0.001609377
5846.472667	10034.9	0.008760291	-0.001884059	-0.001609377
5841.672667	10020.5	0.008761221	-0.001884059	-0.001609377
5833.992667	10013.3	0.008761821	-0.001883704	-0.001609029
5841.672667	10020.5	0.008761221	-0.001884059	-0.001629746
5854.524667	10056.5	0.008788291	-0.001904313	-0.001629746
5841.192667	10034.9	0.008819171	-0.001903965	-0.001629397
5844.072667	10027.7	0.008819441	-0.001884059	-0.001650121
5861.724667	10078.1	0.008816271	-0.001904313	-0.001650121
5849.244667	10056.5	0.008817801	-0.001903965	-0.001649773
5873.244667	10128.5	0.008871961	-0.001924226	-0.001670141
5872.872667	10114.1	0.008843351	-0.001924575	-0.001670489
5858.472667	10070.9	0.008875421	-0.001924575	-0.001670489
5875.272667	10121.3	0.008872261	-0.001924575	-0.001670489
5867.592667	10114.1	0.008902231	-0.001924226	-0.001670141
5878.524667	10128.5	0.008901131	-0.001924575	-0.001690864
5870.844667	10121.3	0.008901771	-0.001944481	-0.001690516
5882.844667	10157.3	0.008899501	-0.001944481	-0.001690516
5879.592667	10150.1	0.008929311	-0.001944481	-0.001690516
5880.924667	10135.7	0.008930041	-0.001944829	-0.001690864
5879.592667	10150.1	0.008929311	-0.001964742	-0.001710884
5903.592667	10222.1	0.008983461	-0.001964742	-0.001710884
5898.792667	10207.7	0.008984361	-0.001964742	-0.001710884
5901.672667	10200.5	0.008955321	-0.001985352	-0.001711239
5904.072667	10207.7	0.008984191	-0.001985352	-0.001731608
5908.872667	10222.1	0.008983291	-0.001985352	-0.001731608
5904.072667	10207.7	0.008984191	-0.001985352	-0.001731608
5923.272667	10265.3	0.009039281	-0.001985352	-0.001731608
5913.192667	10250.9	0.009011001	-0.002005258	-0.001751628
5929.992667	10301.3	0.009037181	-0.002005258	-0.001751628
5925.192667	10286.9	0.009067421	-0.002005258	-0.001751628
5931.324667	10286.9	0.009037911	-0.002025867	-0.001772351
5908.392667	10236.5	0.009041251	-0.002025519	-0.001751628
5934.792667	10315.7	0.009094961	-0.002025519	-0.001772003
5932.872667	10294.1	0.009096161	-0.002025867	-0.001772351
5931.324667	10286.9	0.009067251	-0.002046129	-0.001772351
5937.672667	10308.5	0.009095231	-0.002046129	-0.001792726
5937.192667	10322.9	0.009094501	-0.002045774	-0.001792371
5954.472667	10358.9	0.009121411	-0.002046129	-0.001792726
5953.992667	10373.3	0.009150051	-0.002045774	-0.001812746
5949.192667	10358.9	0.009150951	-0.002045774	-0.001812746
5952.072667	10351.7	0.009151221	-0.002066383	-0.001813095
5952.444667	10366.1	0.009150481	-0.002066035	-0.001812746
5951.592667	10366.1	0.009179831	-0.002066035	-0.001812746
5961.192667	10394.9	0.009207371	-0.002086296	-0.001833115
5958.792667	10387.7	0.009178461	-0.002086296	-0.001833115
5964.924667	10387.7	0.009207631	-0.002086644	-0.00183347
5961.672667	10380.5	0.009208101	-0.002086644	-0.00183347
5973.672667	10416.5	0.009205831	-0.002106899	-0.001853838
5982.792667	10459.7	0.009261991	-0.002106551	-0.00185349
5980.392667	10452.5	0.009262451	-0.002106551	-0.00185349
5983.306	10445.4	0.009262721	-0.002106899	-0.001874213
5976.924667	10423.7	0.009264091	-0.00212716	-0.001874213
5985.706	10452.6	0.009262251	-0.00212716	-0.001874213
5988.106	10459.8	0.009291161	-0.00212716	-0.001874213
5983.306	10445.4	0.009292061	-0.00212716	-0.001874213
5952.679667	10495.7	0.009290301	-0.002164876	-0.00191215
5803.967333	10718.5	0.009459991	-0.002494173	-0.002223001
5658.320667	10725.5	0.009640781	-0.002848975	-0.00257984
5509.334	10674.9	0.009854081	-0.003225064	-0.002998821
5351.227333	10581.1	0.010040711	-0.003682525	-0.003458888
5192.180667	10436.9	0.010259321	-0.004201815	-0.004021862
5029.304	10249.5	0.010450981	-0.004823091	-0.004667016
4847.260667	10004.6	0.010675661	-0.005525392	-0.005475136
